3.246384382247924805e+00 3.308911085128784180e+00 3.382978200912475586e+00 3.450130939483642578e+00 3.527281522750854492e+00 3.586447000503540039e+00 3.657133579254150391e+00 3.723098516464233398e+00 3.768626689910888672e+00 3.786880016326904297e+00 3.793248891830444336e+00 3.803514957427978516e+00 3.811846971511840820e+00 3.818569898605346680e+00 3.830722570419311523e+00 3.854923248291015625e+00 3.882485389709472656e+00 3.893814802169799805e+00 3.882935523986816406e+00 3.881968259811401367e+00 3.866750717163085938e+00 3.836660385131835938e+00 3.802499771118164062e+00 3.758092403411865234e+00 3.718520641326904297e+00 3.687003612518310547e+00 3.663071155548095703e+00 3.663904190063476562e+00 3.663243293762207031e+00 3.661988973617553711e+00 3.659719228744506836e+00 3.653207063674926758e+00 3.660073518753051758e+00 3.670627117156982422e+00 3.679830551147460938e+00 3.689234972000122070e+00 3.696877241134643555e+00 3.686237573623657227e+00 3.667524337768554688e+00 3.632262468338012695e+00 3.593687295913696289e+00 3.574131250381469727e+00 3.560560941696166992e+00 3.563012599945068359e+00 3.595956802368164062e+00 3.629830121994018555e+00 3.665762186050415039e+00 3.722265481948852539e+00 3.806139230728149414e+00 3.913092851638793945e+00 4.033358573913574219e+00 4.175430297851562500e+00 4.312933921813964844e+00 4.427463054656982422e+00 4.495621204376220703e+00 4.113209724426269531e+00 3.461651802062988281e+00 3.392344474792480469e+00 3.530010938644409180e+00 3.776546716690063477e+00 4.133129596710205078e+00 4.513788700103759766e+00 4.887504577636718750e+00 5.213613986968994141e+00 5.479648113250732422e+00 5.691792964935302734e+00 5.842666149139404297e+00 5.961715221405029297e+00 6.066093444824218750e+00 6.160817146301269531e+00 6.235526084899902344e+00 6.303684234619140625e+00 6.385422229766845703e+00 6.461854457855224609e+00 6.531085491180419922e+00 6.588785648345947266e+00 6.636765480041503906e+00 6.642951965332031250e+00 6.603064537048339844e+00 6.552604675292968750e+00 6.470224380493164062e+00 6.345755100250244141e+00 6.204008579254150391e+00 6.029950141906738281e+00 5.813696384429931641e+00 5.562429904937744141e+00 5.329674720764160156e+00 5.119540691375732422e+00 4.920620441436767578e+00 4.730837345123291016e+00 4.520568847656250000e+00 4.295035362243652344e+00 4.049083709716796875e+00 3.790538311004638672e+00 3.542441606521606445e+00 3.298606634140014648e+00 3.063381195068359375e+00 2.829956054687500000e+00 2.611125946044921875e+00 2.381474018096923828e+00 2.100979089736938477e+00 1.787951588630676270e+00 1.414331555366516113e+00 9.325990080833435059e-01 3.702489435672760010e-01 -1.956828981637954712e-01 -7.525838017463684082e-01 -1.278609037399291992e+00 -1.798074245452880859e+00 -2.328140974044799805e+00 -2.881115198135375977e+00 -3.450647830963134766e+00 -4.219694137573242188e+00 -4.969692230224609375e+00 -5.478671073913574219e+00 -5.855901241302490234e+00 -6.187526702880859375e+00 -6.509441852569580078e+00 -6.824834823608398438e+00 -7.174206256866455078e+00 -7.556100368499755859e+00 -7.972279548645019531e+00 -8.406424522399902344e+00 -8.850904464721679688e+00 -9.351177215576171875e+00 -9.904687881469726562e+00 -1.050024127960205078e+01 -1.112841224670410156e+01 -1.176139163970947266e+01 -1.236955642700195312e+01 -1.293874549865722656e+01 -1.348241996765136719e+01 -1.398082637786865234e+01 -1.444881534576416016e+01 -1.488058567047119141e+01 -1.528415203094482422e+01 -1.567416763305664062e+01 -1.605797767639160156e+01 -1.640192031860351562e+01 -1.670522689819335938e+01 -1.694388008117675781e+01 -1.712720870971679688e+01 -1.724012947082519531e+01 -1.730559539794921875e+01 -1.733396339416503906e+01 -1.731018447875976562e+01 -1.724228286743164062e+01 -1.712252616882324219e+01 -1.693956947326660156e+01 -1.668386077880859375e+01 -1.634012031555175781e+01 -1.591084003448486328e+01 -1.538233375549316406e+01 -1.477931118011474609e+01 -1.410377216339111328e+01 -1.336162757873535156e+01 -1.254840373992919922e+01 -1.163002681732177734e+01 -1.061036396026611328e+01 -9.482877731323242188e+00 -8.285547256469726562e+00 -6.992716312408447266e+00 -5.624860763549804688e+00 -4.200875759124755859e+00 -2.744147777557373047e+00 -1.238261938095092773e+00 3.033645153045654297e-01 1.851464867591857910e+00 3.365797281265258789e+00 4.805574893951416016e+00 6.156574726104736328e+00 7.378067970275878906e+00 8.471528053283691406e+00 9.414881706237792969e+00 1.023555660247802734e+01 1.095378875732421875e+01 1.161435794830322266e+01 1.224678230285644531e+01 1.284216308593750000e+01 1.340014553070068359e+01 1.389822578430175781e+01 1.433886432647705078e+01 1.471682262420654297e+01 1.503349876403808594e+01 1.528408622741699219e+01 1.549183464050292969e+01 1.567158222198486328e+01 1.579825496673583984e+01 1.585082244873046875e+01 1.583130455017089844e+01 1.571808719635009766e+01 1.553897285461425781e+01 1.529071331024169922e+01 1.497517585754394531e+01 1.463786220550537109e+01 1.429575920104980469e+01 1.399613952636718750e+01 1.373544883728027344e+01 1.353078365325927734e+01 1.336619663238525391e+01 1.321885681152343750e+01 1.303860282897949219e+01 1.282548904418945312e+01 1.256501007080078125e+01 1.227183532714843750e+01 1.195290851593017578e+01 1.160105705261230469e+01 1.119007682800292969e+01 1.072127342224121094e+01 1.020129108428955078e+01 9.642724037170410156e+00 9.027165412902832031e+00 8.326967239379882812e+00 7.533662319183349609e+00 6.675666332244873047e+00 5.800040245056152344e+00 4.902970790863037109e+00 3.997196197509765625e+00 3.048259258270263672e+00 2.068226337432861328e+00 1.064260959625244141e+00 4.720408096909523010e-02 -9.667307734489440918e-01 -1.981297731399536133e+00 -2.978434801101684570e+00 -3.925964117050170898e+00 -4.731957435607910156e+00 -5.369025707244873047e+00 -5.828300952911376953e+00 -6.136080741882324219e+00 -6.328564643859863281e+00 -6.434608459472656250e+00 -6.464718341827392578e+00 -6.444415092468261719e+00 -6.387279987335205078e+00 -6.276572227478027344e+00 -6.097620010375976562e+00 -5.851199150085449219e+00 -5.547327041625976562e+00 -5.192697525024414062e+00 -4.804530620574951172e+00 -4.395218372344970703e+00 -4.055882930755615234e+00 -3.714900970458984375e+00 -3.151411056518554688e+00 -2.462733507156372070e+00 -1.746321201324462891e+00 -1.049618005752563477e+00 -4.665341377258300781e-01 1.547611970454454422e-02 3.890577554702758789e-01 6.104926466941833496e-01 7.358626723289489746e-01 8.078610897064208984e-01 8.735197186470031738e-01 9.588586688041687012e-01 1.025120615959167480e+00 1.042588591575622559e+00 9.847447276115417480e-01 7.799734473228454590e-01 5.183255076408386230e-01 4.303242564201354980e-01 3.921798169612884521e-01 2.922362685203552246e-01 7.541734725236892700e-02 -2.256678789854049683e-01 -5.089402198791503906e-01 -7.044890522956848145e-01 -7.616530060768127441e-01 -6.736325621604919434e-01 -4.474858641624450684e-01 -8.231265097856521606e-02 4.034708440303802490e-01 9.679661989212036133e-01 1.618892192840576172e+00 2.311036586761474609e+00 3.002903461456298828e+00 3.818952798843383789e+00 4.721614837646484375e+00 5.576555728912353516e+00 6.293542385101318359e+00 6.880121707916259766e+00 7.378757476806640625e+00 7.828215599060058594e+00 8.271182060241699219e+00 8.721971511840820312e+00 9.137422561645507812e+00 9.523952484130859375e+00 9.897409439086914062e+00 1.026278400421142578e+01 1.062229728698730469e+01 1.096895790100097656e+01 1.126351261138916016e+01 1.149515628814697266e+01 1.168214321136474609e+01 1.181982898712158203e+01 1.192439842224121094e+01 1.199685668945312500e+01 1.200546550750732422e+01 1.195967006683349609e+01 1.186446666717529297e+01 1.175692844390869141e+01 1.165111446380615234e+01 1.152625179290771484e+01 1.137740898132324219e+01 1.118174552917480469e+01 1.097321128845214844e+01 1.074415206909179688e+01 1.052225780487060547e+01 1.032517719268798828e+01 1.016208362579345703e+01 1.003516197204589844e+01 9.938264846801757812e+00 9.861717224121093750e+00 9.828571319580078125e+00 9.814857482910156250e+00 9.833867073059082031e+00 9.877336502075195312e+00 9.949728012084960938e+00 1.000736141204833984e+01 1.004573535919189453e+01 1.007278060913085938e+01 1.005695915222167969e+01 9.967770576477050781e+00 9.843655586242675781e+00 9.687006950378417969e+00 9.486765861511230469e+00 9.263759613037109375e+00 9.005780220031738281e+00 8.724422454833984375e+00 8.438651084899902344e+00 8.186839103698730469e+00 7.982028961181640625e+00 7.787131309509277344e+00 7.644197940826416016e+00 7.529007911682128906e+00 7.412438869476318359e+00 7.268911361694335938e+00 7.100081443786621094e+00 6.907339096069335938e+00 6.705268383026123047e+00 6.497595310211181641e+00 6.285171985626220703e+00 6.082028865814208984e+00 5.864730834960937500e+00 5.654089450836181641e+00 5.450706481933593750e+00 5.239442348480224609e+00 5.023878097534179688e+00 4.797970771789550781e+00 4.537720680236816406e+00 4.249650478363037109e+00 3.910171985626220703e+00 3.535115480422973633e+00 3.152148485183715820e+00 2.768118619918823242e+00 2.393607854843139648e+00 2.015630483627319336e+00 1.637566924095153809e+00 1.278704881668090820e+00 9.468492865562438965e-01 6.458598375320434570e-01 3.817602396011352539e-01 1.760217100381851196e-01 2.835692465305328369e-02 -7.631757110357284546e-02 -1.134660020470619202e-01 -1.087542176246643066e-01 -7.202716171741485596e-02 -3.394978120923042297e-02 4.261679016053676605e-03 2.396116964519023895e-02 5.830360203981399536e-02 1.035156995058059692e-01 1.283962577581405640e-01 1.632653921842575073e-01 2.135053277015686035e-01 2.677100598812103271e-01 3.017939031124114990e-01 3.070420026779174805e-01 2.844024300575256348e-01 2.294124066829681396e-01 1.603540480136871338e-01 9.268433600664138794e-02 2.734178304672241211e-02 -2.111686021089553833e-02 -8.544426411390304565e-02 -1.616852283477783203e-01 -2.236950546503067017e-01 -2.981547117233276367e-01 -4.032602012157440186e-01 -5.203749537467956543e-01 -6.166985034942626953e-01 -6.570838689804077148e-01 -6.307668089866638184e-01 -5.335621833801269531e-01 -3.739551305770874023e-01 -1.766346246004104614e-01 3.035847656428813934e-02 2.345359921455383301e-01 4.209581315517425537e-01 6.131455302238464355e-01 8.183285593986511230e-01 1.062355279922485352e+00 1.310155034065246582e+00 1.537872314453125000e+00 1.717609882354736328e+00 1.828786969184875488e+00 1.869153261184692383e+00 1.838995814323425293e+00 1.750649929046630859e+00 1.598024249076843262e+00 1.424463868141174316e+00 1.257865667343139648e+00 1.097674489021301270e+00 9.372629523277282715e-01 8.257505893707275391e-01 7.535797953605651855e-01 6.956880092620849609e-01 6.739965081214904785e-01 7.021906375885009766e-01 7.894353866577148438e-01 9.309422373771667480e-01 1.123254179954528809e+00 1.369320511817932129e+00 1.681361675262451172e+00 2.044475793838500977e+00 2.485420942306518555e+00 3.010785102844238281e+00 3.624103069305419922e+00 4.286320209503173828e+00 4.987007141113281250e+00 5.679898738861083984e+00 6.379532337188720703e+00 7.050119400024414062e+00 7.718954086303710938e+00 8.390508651733398438e+00 9.011545181274414062e+00 9.309767723083496094e+00 1.013566112518310547e+01 1.037263965606689453e+01 1.098544979095458984e+01 1.115097522735595703e+01 1.155220508575439453e+01 1.165987682342529297e+01 1.181326866149902344e+01 1.190505313873291016e+01 1.195824241638183594e+01 1.196676540374755859e+01 1.193138980865478516e+01 1.187006950378417969e+01 1.174897098541259766e+01 1.171834373474121094e+01 1.166746234893798828e+01 1.167634963989257812e+01 1.175314521789550781e+01 1.190026473999023438e+01 1.210443305969238281e+01 1.234148693084716797e+01 1.261492347717285156e+01 1.291146087646484375e+01 1.322151947021484375e+01 1.352281570434570312e+01 1.379166507720947266e+01 1.402184391021728516e+01 1.418564510345458984e+01 1.429051113128662109e+01 1.433432483673095703e+01 1.434441852569580078e+01 1.432384777069091797e+01 1.426645374298095703e+01 1.422253513336181641e+01 1.417437267303466797e+01 1.410581207275390625e+01 1.402149868011474609e+01 1.394240379333496094e+01 1.387545204162597656e+01 1.378638744354248047e+01 1.369445991516113281e+01 1.360340404510498047e+01 1.355226325988769531e+01 1.351192665100097656e+01 1.347946071624755859e+01 1.345472335815429688e+01 1.341589927673339844e+01 1.338482284545898438e+01 1.337425041198730469e+01 1.336702919006347656e+01 1.337265968322753906e+01 1.337883758544921875e+01 1.336601352691650391e+01 1.332234382629394531e+01 1.326266098022460938e+01 1.318245506286621094e+01 1.308641910552978516e+01 1.298153400421142578e+01 1.286511802673339844e+01 1.276935100555419922e+01 1.266210937500000000e+01 1.258300495147705078e+01 1.250501155853271484e+01 1.246191596984863281e+01 1.246268177032470703e+01 1.248052310943603516e+01 1.250702285766601562e+01 1.254437160491943359e+01 1.257876300811767578e+01 1.260374832153320312e+01 1.260426521301269531e+01 1.256523036956787109e+01 1.248691082000732422e+01 1.234910011291503906e+01 1.214990329742431641e+01 1.191653537750244141e+01 1.166607284545898438e+01 1.142748641967773438e+01 1.119970226287841797e+01 1.098340034484863281e+01 1.078279495239257812e+01 1.058270740509033203e+01 1.039792156219482422e+01 1.019357204437255859e+01 9.975307464599609375e+00 9.757932662963867188e+00 9.563207626342773438e+00 9.380807876586914062e+00 9.192825317382812500e+00 9.031522750854492188e+00 8.863401412963867188e+00 8.686622619628906250e+00 8.523913383483886719e+00 8.368443489074707031e+00 8.226141929626464844e+00 8.080594062805175781e+00 7.930343151092529297e+00 7.763696670532226562e+00 7.596141338348388672e+00 7.402517318725585938e+00 7.179559707641601562e+00 6.928111076354980469e+00 6.674881458282470703e+00 6.414468765258789062e+00 6.175508499145507812e+00 5.966906070709228516e+00 5.788346767425537109e+00 5.620378971099853516e+00 5.452908992767333984e+00 5.265232563018798828e+00 5.066992759704589844e+00 4.849379062652587891e+00 4.591705799102783203e+00 4.306747436523437500e+00 4.027209758758544922e+00 3.753265619277954102e+00 3.512466192245483398e+00 3.297687292098999023e+00 3.094151258468627930e+00 2.908705949783325195e+00 2.717437982559204102e+00 2.476447343826293945e+00 2.207348585128784180e+00 1.920743584632873535e+00 1.627022862434387207e+00 1.304514288902282715e+00 9.543287754058837891e-01 5.906016826629638672e-01 2.200175672769546509e-01 -1.444565653800964355e-01 -4.847300648689270020e-01 -8.216134309768676758e-01 -1.102913022041320801e+00 -1.326426029205322266e+00 -1.519436955451965332e+00 -1.651472449302673340e+00 -1.756654500961303711e+00 -1.822849392890930176e+00 -1.873347878456115723e+00 -1.902317762374877930e+00 -1.908772468566894531e+00 -1.923281431198120117e+00 -1.925349950790405273e+00 -1.916587114334106445e+00 -1.899933099746704102e+00 -1.879295110702514648e+00 -1.857086539268493652e+00 -1.814220666885375977e+00 -1.772963881492614746e+00 -1.730548143386840820e+00 -1.679302573204040527e+00 -1.622713208198547363e+00 -1.568345785140991211e+00 -1.511478662490844727e+00 -1.461382389068603516e+00 -1.416208624839782715e+00 -1.399889826774597168e+00 -1.423276185989379883e+00 -1.487354755401611328e+00 -1.588840126991271973e+00 -1.720492601394653320e+00 -1.864326596260070801e+00 -2.004157543182373047e+00 -2.147397756576538086e+00 -2.287659645080566406e+00 -2.402236461639404297e+00 -2.502256870269775391e+00 -2.593188524246215820e+00 -2.687721252441406250e+00 -2.800172090530395508e+00 -2.926787137985229492e+00 -3.060354709625244141e+00 -3.204897403717041016e+00 -3.347965478897094727e+00 -3.482644081115722656e+00 -3.601271867752075195e+00 -3.664957761764526367e+00 -3.698658466339111328e+00 -3.712161779403686523e+00 -3.690537452697753906e+00 -3.620760679244995117e+00 -3.527837276458740234e+00 -3.422358036041259766e+00 -3.278255939483642578e+00 -3.092255115509033203e+00 -2.855305910110473633e+00 -2.593782424926757812e+00 -2.302072763442993164e+00 -1.982542634010314941e+00 -1.647057533264160156e+00 -1.300300478935241699e+00 -9.240278005599975586e-01 -5.187277197837829590e-01 -1.089265942573547363e-01 2.973502874374389648e-01 6.737954020500183105e-01 1.020494937896728516e+00 1.322872996330261230e+00 1.593369960784912109e+00 1.828413605690002441e+00 2.018465280532836914e+00 2.163486719131469727e+00 2.257942914962768555e+00 2.308738231658935547e+00 2.316744327545166016e+00 2.313632011413574219e+00 2.283848047256469727e+00 2.221436023712158203e+00 2.148451089859008789e+00 2.074422597885131836e+00 2.009214162826538086e+00 1.955631852149963379e+00 1.929448843002319336e+00 1.935606718063354492e+00 1.968445539474487305e+00 2.021309614181518555e+00 2.069174528121948242e+00 2.123676061630249023e+00 2.207788944244384766e+00 2.315078020095825195e+00 2.453022480010986328e+00 2.616364479064941406e+00 2.812047481536865234e+00 3.015123605728149414e+00 3.242304325103759766e+00 3.485679864883422852e+00 3.775943279266357422e+00 4.099993705749511719e+00 4.503426074981689453e+00 4.950289726257324219e+00 5.401807785034179688e+00 5.855508804321289062e+00 6.288475990295410156e+00 6.693862438201904297e+00 7.064599514007568359e+00 7.405055046081542969e+00 7.736230850219726562e+00 8.024167060852050781e+00 8.292202949523925781e+00 8.546725273132324219e+00 8.780686378479003906e+00 8.987325668334960938e+00 9.182251930236816406e+00 9.370292663574218750e+00 9.535550117492675781e+00 9.683540344238281250e+00 9.818324089050292969e+00 9.941538810729980469e+00 1.004491138458251953e+01 1.013811302185058594e+01 1.022196769714355469e+01 1.029148578643798828e+01 1.034312438964843750e+01 1.038254165649414062e+01 1.042406749725341797e+01 1.046993064880371094e+01 1.051846599578857422e+01 1.056207847595214844e+01 1.059804916381835938e+01 1.064063644409179688e+01 1.069470691680908203e+01 1.073180770874023438e+01 1.075935077667236328e+01 1.077818870544433594e+01 1.078749752044677734e+01 1.077979755401611328e+01 1.075679397583007812e+01 1.071136093139648438e+01 1.065636253356933594e+01 1.058770561218261719e+01 1.050704002380371094e+01 1.042810821533203125e+01 1.034229087829589844e+01 1.025300598144531250e+01 1.018638992309570312e+01 1.011991691589355469e+01 1.004579257965087891e+01 9.974339485168457031e+00 9.890379905700683594e+00 9.804926872253417969e+00 9.709254264831542969e+00 9.629287719726562500e+00 9.553879737854003906e+00 9.482963562011718750e+00 9.416682243347167969e+00 9.350066184997558594e+00 9.284819602966308594e+00 9.231667518615722656e+00 9.175615310668945312e+00 9.093359947204589844e+00 9.004133224487304688e+00 8.913277626037597656e+00 8.821532249450683594e+00 8.722862243652343750e+00 8.619701385498046875e+00 8.521261215209960938e+00 8.429668426513671875e+00 8.325079917907714844e+00 8.210866928100585938e+00 8.087632179260253906e+00 7.954859733581542969e+00 7.811054229736328125e+00 7.670897960662841797e+00 7.539474964141845703e+00 7.414450168609619141e+00 7.287461280822753906e+00 7.181560993194580078e+00 7.070202350616455078e+00 6.973437786102294922e+00 6.891603946685791016e+00 6.824518680572509766e+00 6.770323753356933594e+00 6.717957496643066406e+00 6.678606510162353516e+00 6.664901733398437500e+00 6.649608135223388672e+00 6.645997524261474609e+00 6.631804466247558594e+00 6.632340908050537109e+00 6.637684345245361328e+00 6.639868259429931641e+00 6.635625839233398438e+00 6.646303653717041016e+00 6.652174472808837891e+00 6.646332740783691406e+00 6.649454593658447266e+00 6.664998054504394531e+00 6.688020706176757812e+00 6.715620517730712891e+00 6.740578174591064453e+00 6.762078285217285156e+00 6.772161960601806641e+00 6.785177230834960938e+00 6.786987304687500000e+00 6.789007663726806641e+00 6.778501987457275391e+00 6.748057842254638672e+00 6.719192981719970703e+00 6.669010639190673828e+00 6.595537185668945312e+00 6.504011631011962891e+00 6.408597946166992188e+00 6.317781448364257812e+00 6.226188659667968750e+00 6.136482238769531250e+00 6.041030883789062500e+00 5.923599720001220703e+00 5.805163383483886719e+00 5.690720558166503906e+00 5.581085681915283203e+00 5.461001396179199219e+00 5.348780632019042969e+00 5.254449367523193359e+00 5.179002761840820312e+00 5.112540245056152344e+00 5.056419849395751953e+00 4.986586093902587891e+00 4.900921344757080078e+00 4.830579757690429688e+00 4.749100208282470703e+00 4.679304122924804688e+00 4.616920948028564453e+00 4.563396453857421875e+00 4.524006843566894531e+00 4.496330261230468750e+00 4.465540409088134766e+00 4.438371181488037109e+00 4.419428348541259766e+00 4.410416603088378906e+00 4.427922725677490234e+00 4.427386760711669922e+00 4.429072380065917969e+00 4.430364608764648438e+00 4.428162097930908203e+00 4.427587509155273438e+00 4.432577133178710938e+00 4.443388938903808594e+00 4.472771167755126953e+00 4.508406162261962891e+00 4.546818733215332031e+00 4.588554859161376953e+00 4.608838558197021484e+00 4.647327423095703125e+00 4.682512760162353516e+00 4.735376358032226562e+00 4.764241218566894531e+00 4.804099559783935547e+00 4.843019962310791016e+00 4.870955467224121094e+00 4.897626876831054688e+00 4.901745319366455078e+00 4.908333778381347656e+00 4.927257537841796875e+00 4.932199001312255859e+00 4.937677383422851562e+00 4.945539474487304688e+00 4.941392898559570312e+00 4.925840377807617188e+00 4.918839454650878906e+00 4.914951324462890625e+00 4.911627769470214844e+00 4.907749652862548828e+00 4.901313781738281250e+00 4.885071754455566406e+00 4.865085124969482422e+00 4.828482627868652344e+00 4.776920795440673828e+00 4.697432994842529297e+00 4.627752304077148438e+00 4.557171344757080078e+00 4.482367038726806641e+00 4.400695800781250000e+00 4.310865879058837891e+00 4.228830337524414062e+00 4.154371261596679688e+00 4.089076042175292969e+00 4.033961772918701172e+00 3.994821310043334961e+00 3.955642461776733398e+00 3.938404321670532227e+00 3.945184707641601562e+00 3.975686788558959961e+00 4.017135143280029297e+00 4.076501846313476562e+00 4.156286239624023438e+00 4.243550300598144531e+00 4.324943542480468750e+00 4.402103424072265625e+00 4.479302406311035156e+00 4.559536933898925781e+00 4.614747047424316406e+00 4.668741226196289062e+00 4.727887630462646484e+00 4.773520946502685547e+00 4.811100482940673828e+00 4.844082832336425781e+00 4.879852771759033203e+00 4.905930042266845703e+00 4.960010051727294922e+00 5.010048866271972656e+00 5.059417247772216797e+00 5.103279113769531250e+00 5.118985176086425781e+00 5.128724575042724609e+00 5.131865978240966797e+00 5.113430500030517578e+00 5.066102027893066406e+00 5.005241870880126953e+00 4.937696456909179688e+00 4.849819183349609375e+00 4.766836643218994141e+00 4.679639816284179688e+00 4.584714412689208984e+00 4.508435249328613281e+00 4.452630996704101562e+00 4.424494266510009766e+00 4.400782108306884766e+00 4.401758670806884766e+00 4.430288314819335938e+00 4.467695236206054688e+00 4.533219814300537109e+00 4.615321636199951172e+00 4.709270000457763672e+00 4.815362453460693359e+00 4.911455631256103516e+00 5.028972625732421875e+00 5.172586441040039062e+00 5.335334777832031250e+00 5.485527992248535156e+00 5.636611938476562500e+00 5.799100875854492188e+00 5.967930793762207031e+00 6.141098499298095703e+00 6.305503845214843750e+00 6.440737724304199219e+00 6.566710948944091797e+00 6.681843280792236328e+00 6.783414840698242188e+00 6.897206306457519531e+00 7.025584220886230469e+00 7.173478603363037109e+00 7.331763744354248047e+00 7.479418754577636719e+00 7.641688346862792969e+00 7.805634021759033203e+00 7.977968215942382812e+00 8.149910926818847656e+00 8.309929847717285156e+00 8.469718933105468750e+00 8.605460166931152344e+00 8.720190048217773438e+00 8.843568801879882812e+00 8.979970932006835938e+00 9.124896049499511719e+00 9.286160469055175781e+00 9.449051856994628906e+00 9.621319770812988281e+00 9.799457550048828125e+00 9.959946632385253906e+00 1.013206100463867188e+01 1.031007385253906250e+01 1.051886844635009766e+01 1.073417377471923828e+01 1.097062492370605469e+01 1.123578739166259766e+01 1.151137924194335938e+01 1.181303882598876953e+01 1.212617206573486328e+01 1.241868591308593750e+01 1.269970798492431641e+01 1.293893623352050781e+01 1.314265441894531250e+01 1.330623531341552734e+01 1.342371368408203125e+01 1.348457527160644531e+01 1.351439762115478516e+01 1.350304889678955078e+01 1.346834182739257812e+01 1.341675186157226562e+01 1.334201431274414062e+01 1.325228023529052734e+01 1.314259624481201172e+01 1.300344562530517578e+01 1.283474063873291016e+01 1.265234088897705078e+01 1.245934009552001953e+01 1.226206684112548828e+01 1.206819438934326172e+01 1.187140083312988281e+01 1.166157245635986328e+01 1.142429733276367188e+01 1.116638469696044922e+01 1.094246864318847656e+01 1.073113727569580078e+01 1.052591609954833984e+01 1.032657527923583984e+01 1.011395072937011719e+01 9.895906448364257812e+00 9.654139518737792969e+00 9.385826110839843750e+00 9.105006217956542969e+00 8.787179946899414062e+00 8.431315422058105469e+00 8.040467262268066406e+00 7.613934993743896484e+00 7.189864158630371094e+00 6.748718261718750000e+00 6.318902015686035156e+00 5.902071475982666016e+00 5.507018089294433594e+00 5.126167774200439453e+00 4.750019550323486328e+00 4.379540920257568359e+00 4.009560108184814453e+00 3.648974180221557617e+00 3.287267684936523438e+00 2.952979803085327148e+00 2.643763780593872070e+00 2.378543615341186523e+00 2.157012939453125000e+00 1.974450349807739258e+00 1.819440007209777832e+00 1.662935972213745117e+00 1.529291510581970215e+00 1.385543704032897949e+00 1.237084031105041504e+00 1.097502112388610840e+00 9.868707656860351562e-01 8.845809102058410645e-01 8.077749013900756836e-01 7.300782799720764160e-01 6.575148105621337891e-01 5.779890418052673340e-01 4.898249506950378418e-01 3.974662125110626221e-01 3.112749755382537842e-01 2.139745950698852539e-01 1.115602180361747742e-01 1.368525717407464981e-02 -7.607815414667129517e-02 -1.581130772829055786e-01 -2.272576242685317993e-01 -2.743946611881256104e-01 -3.146651387214660645e-01 -3.293942511081695557e-01 -3.411833047866821289e-01 -3.458089232444763184e-01 -3.489979803562164307e-01 -3.479445576667785645e-01 -3.295666575431823730e-01 -2.883193492889404297e-01 -2.216839343309402466e-01 -1.023377627134323120e-01 8.507078140974044800e-02 3.686208724975585938e-01 7.241789698600769043e-01 1.121453642845153809e+00 1.548339843750000000e+00 1.961425781250000000e+00 2.357838630676269531e+00 2.746522903442382812e+00 3.108056783676147461e+00 3.440889120101928711e+00 3.729237318038940430e+00 3.984526157379150391e+00 4.213076591491699219e+00 4.414266109466552734e+00 4.585911750793457031e+00 4.705765247344970703e+00 4.802347183227539062e+00 4.852137088775634766e+00 4.844063758850097656e+00 4.771922111511230469e+00 4.625684261322021484e+00 4.416832923889160156e+00 4.293206214904785156e+00 4.021914005279541016e+00 3.735251426696777344e+00 3.426993131637573242e+00 3.128101110458374023e+00 2.875196695327758789e+00 2.477548599243164062e+00 2.348462820053100586e+00 2.103353977203369141e+00 1.898161411285400391e+00 1.704508781433105469e+00 1.506498813629150391e+00 1.302158474922180176e+00 1.084956407546997070e+00 7.179540395736694336e-01 5.814558267593383789e-01 3.069270849227905273e-01 3.708139434456825256e-02 -2.050394266843795776e-01 -4.095808863639831543e-01 -5.810536146163940430e-01 -7.245716452598571777e-01 -8.632916808128356934e-01 -1.037714123725891113e+00 -1.088739275932312012e+00 -1.172756552696228027e+00 -1.208669662475585938e+00 -1.219213724136352539e+00 -1.193691492080688477e+00 -1.150069117546081543e+00 -1.124680995941162109e+00 -1.113255858421325684e+00 -1.127285838127136230e+00 -1.152377247810363770e+00 -1.197244524955749512e+00 -1.228809714317321777e+00 -1.244170904159545898e+00 -1.251123666763305664e+00 -1.256630301475524902e+00 -1.259292602539062500e+00 -1.251152396202087402e+00 -1.211954474449157715e+00 -1.170946478843688965e+00 -1.106216907501220703e+00 -1.030655980110168457e+00 -9.871293306350708008e-01 -9.730993509292602539e-01 -9.812683463096618652e-01 -1.041056394577026367e+00 -1.162720084190368652e+00 -1.335466504096984863e+00 -1.514380455017089844e+00 -1.678986549377441406e+00 -1.822696208953857422e+00 -1.904807686805725098e+00 -1.967267751693725586e+00 -2.011579513549804688e+00 -2.005977153778076172e+00 -1.945346355438232422e+00 -1.838698983192443848e+00 -1.697383642196655273e+00 -1.526514291763305664e+00 -1.337305307388305664e+00 -1.133893966674804688e+00 -9.004688262939453125e-01 -6.569401621818542480e-01 -4.048020243644714355e-01 -1.574427038431167603e-01 6.757394969463348389e-02 2.450034469366073608e-01 3.784945607185363770e-01 4.580012261867523193e-01 4.804588258266448975e-01 4.717152118682861328e-01 4.245302677154541016e-01 3.408864438533782959e-01 2.516401708126068115e-01 1.505282372236251831e-01 4.936843737959861755e-02 -3.941813483834266663e-02 -8.264784514904022217e-02 -9.932105988264083862e-02 -6.202897801995277405e-02 4.999093245714902878e-03 7.186435908079147339e-02 1.534683257341384888e-01 2.313469201326370239e-01 3.125869631767272949e-01 3.876212537288665771e-01 4.706617295742034912e-01 5.760257840156555176e-01 7.039911150932312012e-01 8.895416855812072754e-01 1.091938018798828125e+00 1.287065386772155762e+00 1.471370935440063477e+00 1.641656279563903809e+00 1.802307128906250000e+00 1.940816521644592285e+00 2.050930738449096680e+00 2.155289173126220703e+00 2.262156724929809570e+00 2.356133699417114258e+00 2.425891399383544922e+00 2.481551647186279297e+00 2.530221223831176758e+00 2.567532300949096680e+00 2.614152193069458008e+00 2.662572622299194336e+00 2.700764894485473633e+00 2.750698328018188477e+00 2.816816568374633789e+00 2.924507856369018555e+00 3.056638956069946289e+00 3.225229024887084961e+00 3.438140630722045898e+00 3.692567586898803711e+00 4.000682353973388672e+00 4.333572387695312500e+00 4.677590370178222656e+00 5.034948825836181641e+00 5.373575210571289062e+00 5.726758480072021484e+00 6.089891433715820312e+00 6.464459419250488281e+00 6.831729888916015625e+00 7.206317424774169922e+00 7.568042755126953125e+00 7.897590160369873047e+00 8.186283111572265625e+00 8.456416130065917969e+00 8.748144149780273438e+00 9.065357208251953125e+00 9.401359558105468750e+00 9.763421058654785156e+00 1.014029693603515625e+01 1.051141738891601562e+01 1.086376667022705078e+01 1.120128250122070312e+01 1.151053619384765625e+01 1.183489322662353516e+01 1.218956089019775391e+01 1.255757808685302734e+01 1.293948268890380859e+01 1.333002471923828125e+01 1.370773315429687500e+01 1.404035568237304688e+01 1.434434318542480469e+01 1.462572860717773438e+01 1.488121795654296875e+01 1.511644363403320312e+01 1.532152175903320312e+01 1.549823284149169922e+01 1.566702365875244141e+01 1.583245372772216797e+01 1.599320983886718750e+01 1.618462181091308594e+01 1.638457679748535156e+01 1.662477111816406250e+01 1.690012359619140625e+01 1.721210670471191406e+01 1.753893470764160156e+01 1.787351989746093750e+01 1.819185256958007812e+01 1.850719833374023438e+01 1.879175376892089844e+01 1.904849815368652344e+01 1.925109481811523438e+01 1.939841651916503906e+01 1.950030326843261719e+01 1.956628799438476562e+01 1.959178161621093750e+01 1.959292030334472656e+01 1.958711624145507812e+01 1.956044578552246094e+01 1.952128791809082031e+01 1.946267509460449219e+01 1.939519691467285156e+01 1.932451248168945312e+01 1.923966217041015625e+01 1.913340568542480469e+01 1.901861000061035156e+01 1.887926673889160156e+01 1.870175933837890625e+01 1.851163291931152344e+01 1.831204223632812500e+01 1.813408660888671875e+01 1.796546745300292969e+01 1.784404373168945312e+01 1.772661209106445312e+01 1.761986923217773438e+01 1.750450515747070312e+01 1.737715339660644531e+01 1.722451972961425781e+01 1.704790496826171875e+01 1.684971046447753906e+01 1.663498115539550781e+01 1.641425323486328125e+01 1.616288185119628906e+01 1.590359973907470703e+01 1.565626907348632812e+01 1.541911792755126953e+01 1.519873714447021484e+01 1.499944305419921875e+01 1.480896091461181641e+01 1.460826969146728516e+01 1.441253948211669922e+01 1.422568511962890625e+01 1.402535820007324219e+01 1.380279254913330078e+01 1.356876468658447266e+01 1.333438205718994141e+01 1.309690666198730469e+01 1.286053085327148438e+01 1.263230705261230469e+01 1.239105701446533203e+01 1.216671943664550781e+01 1.194854068756103516e+01 1.173788928985595703e+01 1.152468204498291016e+01 1.129764461517333984e+01 1.106855773925781250e+01 1.082855319976806641e+01 1.059800052642822266e+01 1.038198661804199219e+01 1.017886257171630859e+01 9.973421096801757812e+00 9.770785331726074219e+00 9.572210311889648438e+00 9.360917091369628906e+00 9.137499809265136719e+00 8.926388740539550781e+00 8.712567329406738281e+00 8.502643585205078125e+00 8.303206443786621094e+00 8.120155334472656250e+00 7.934882164001464844e+00 7.743173599243164062e+00 7.563627719879150391e+00 7.388449192047119141e+00 7.215233325958251953e+00 7.050971508026123047e+00 6.896938323974609375e+00 6.744657516479492188e+00 6.598285675048828125e+00 6.479945182800292969e+00 6.368481159210205078e+00 6.285966873168945312e+00 6.220241069793701172e+00 6.177088260650634766e+00 6.161641120910644531e+00 6.155818462371826172e+00 6.152849674224853516e+00 6.151096820831298828e+00 6.135151386260986328e+00 6.111008167266845703e+00 6.078945159912109375e+00 6.030122756958007812e+00 5.982563972473144531e+00 5.949792385101318359e+00 5.947072982788085938e+00 5.949581623077392578e+00 5.959455490112304688e+00 5.975046157836914062e+00 6.007798671722412109e+00 6.056219100952148438e+00 6.104965209960937500e+00 6.165644168853759766e+00 6.219283580780029297e+00 6.274809837341308594e+00 6.325165271759033203e+00 6.360981941223144531e+00 6.382060527801513672e+00 6.378172397613525391e+00 6.360532283782958984e+00 6.315473079681396484e+00 6.283199310302734375e+00 6.242249011993408203e+00 6.166601657867431641e+00 6.089699745178222656e+00 6.030218124389648438e+00 5.969616413116455078e+00 5.925266265869140625e+00 5.887332439422607422e+00 5.849121093750000000e+00 5.817804813385009766e+00 5.780761718750000000e+00 5.710286140441894531e+00 5.641898155212402344e+00 5.570818901062011719e+00 5.499375820159912109e+00 5.422589302062988281e+00 5.348608493804931641e+00 5.281551361083984375e+00 5.242190837860107422e+00 5.221878528594970703e+00 5.196269989013671875e+00 5.180985450744628906e+00 5.177470684051513672e+00 5.191711425781250000e+00 5.217147350311279297e+00 5.256067276000976562e+00 5.299230575561523438e+00 5.346549510955810547e+00 5.406069278717041016e+00 5.475702285766601562e+00 5.560878276824951172e+00 5.634878635406494141e+00 5.694541454315185547e+00 5.751399517059326172e+00 5.817479133605957031e+00 5.883214473724365234e+00 5.937457561492919922e+00 5.976578712463378906e+00 5.967203140258789062e+00 5.929977893829345703e+00 5.901420116424560547e+00 5.863419055938720703e+00 5.831557273864746094e+00 5.808946132659912109e+00 5.790338516235351562e+00 5.784822463989257812e+00 5.774469852447509766e+00 5.760621547698974609e+00 5.761177062988281250e+00 5.771520137786865234e+00 5.809836864471435547e+00 5.853181838989257812e+00 5.905499458312988281e+00 5.958267688751220703e+00 6.003240585327148438e+00 6.036749362945556641e+00 6.051440238952636719e+00 6.053528308868408203e+00 6.058048248291015625e+00 6.062223911285400391e+00 6.072145462036132812e+00 6.081866264343261719e+00 6.080602169036865234e+00 6.062281608581542969e+00 6.035935401916503906e+00 6.018132209777832031e+00 6.003460884094238281e+00 5.983828067779541016e+00 5.963094711303710938e+00 5.957338809967041016e+00 5.968505382537841797e+00 5.974749565124511719e+00 5.977018833160400391e+00 5.987984657287597656e+00 5.990206718444824219e+00 5.989918708801269531e+00 5.983665466308593750e+00 5.986184120178222656e+00 5.982937335968017578e+00 5.974557876586914062e+00 5.982908725738525391e+00 6.008182048797607422e+00 6.034508705139160156e+00 6.045282840728759766e+00 6.051153182983398438e+00 6.058115959167480469e+00 6.046920299530029297e+00 6.043223857879638672e+00 6.036922454833984375e+00 6.018515586853027344e+00 6.007368087768554688e+00 6.015163421630859375e+00 6.022441864013671875e+00 6.033225536346435547e+00 6.055003166198730469e+00 6.077604293823242188e+00 6.085524559020996094e+00 6.089115619659423828e+00 6.076359272003173828e+00 6.077144622802734375e+00 6.077642440795898438e+00 6.079606056213378906e+00 6.048691749572753906e+00 6.018582344055175781e+00 5.991997718811035156e+00 5.971388339996337891e+00 5.967059135437011719e+00 5.945732116699218750e+00 5.929891586303710938e+00 5.920410633087158203e+00 5.912816524505615234e+00 5.904886722564697266e+00 5.909885883331298828e+00 5.939152240753173828e+00 5.974203586578369141e+00 6.004389762878417969e+00 6.052791118621826172e+00 6.108920574188232422e+00 6.168995857238769531e+00 6.216813087463378906e+00 6.280689716339111328e+00 6.370511054992675781e+00 6.477570533752441406e+00 6.577724456787109375e+00 6.671893119812011719e+00 6.756781578063964844e+00 6.831471443176269531e+00 6.897206306457519531e+00 6.959934711456298828e+00 6.994554519653320312e+00 6.996719360351562500e+00 6.982104778289794922e+00 6.953297615051269531e+00 6.923332214355468750e+00 6.884862422943115234e+00 6.845702648162841797e+00 6.791248798370361328e+00 6.735081195831298828e+00 6.670993328094482422e+00 6.607460498809814453e+00 6.536419391632080078e+00 6.464277267456054688e+00 6.395267009735107422e+00 6.324542522430419922e+00 6.261469841003417969e+00 6.206019878387451172e+00 6.150771141052246094e+00 6.087506771087646484e+00 6.023265838623046875e+00 5.968897819519042969e+00 5.925228118896484375e+00 5.887782573699951172e+00 5.852501392364501953e+00 5.809156894683837891e+00 5.797942161560058594e+00 5.799771308898925781e+00 5.812269687652587891e+00 5.832849979400634766e+00 5.863514423370361328e+00 5.906543254852294922e+00 5.956658840179443359e+00 6.020861625671386719e+00 6.100052356719970703e+00 6.185534954071044922e+00 6.270710945129394531e+00 6.350313663482666016e+00 6.416584968566894531e+00 6.453963279724121094e+00 6.484139442443847656e+00 6.509940147399902344e+00 6.521374702453613281e+00 6.517361640930175781e+00 6.529505252838134766e+00 6.512448787689208984e+00 6.501110076904296875e+00 6.493937015533447266e+00 6.480338096618652344e+00 6.465694904327392578e+00 6.459105968475341797e+00 6.452737331390380859e+00 6.443486213684082031e+00 6.416882038116455078e+00 6.383363246917724609e+00 6.359133720397949219e+00 6.316938400268554688e+00 6.266707897186279297e+00 6.203098773956298828e+00 6.139844417572021484e+00 6.077681064605712891e+00 6.028465747833251953e+00 5.978302955627441406e+00 5.939411163330078125e+00 5.910383701324462891e+00 5.869931221008300781e+00 5.825437545776367188e+00 5.784726619720458984e+00 5.730722427368164062e+00 5.690768718719482422e+00 5.640720367431640625e+00 5.605975627899169922e+00 5.577905654907226562e+00 5.565954208374023438e+00 5.562180519104003906e+00 5.552996635437011719e+00 5.556635856628417969e+00 5.571307182312011719e+00 5.598907947540283203e+00 5.641764163970947266e+00 5.687445163726806641e+00 5.732044219970703125e+00 5.789563179016113281e+00 5.850796699523925781e+00 5.917030334472656250e+00 5.980304241180419922e+00 6.042419433593750000e+00 6.092975139617919922e+00 6.140907287597656250e+00 6.197525501251220703e+00 6.256843566894531250e+00 6.314688205718994141e+00 6.380442619323730469e+00 6.445966720581054688e+00 6.512975692749023438e+00 6.572945594787597656e+00 6.607699871063232422e+00 6.633959293365478516e+00 6.642674446105957031e+00 6.645298480987548828e+00 6.642894744873046875e+00 6.645690917968750000e+00 6.640270709991455078e+00 6.632321834564208984e+00 6.627102375030517578e+00 6.605650424957275391e+00 6.583623409271240234e+00 6.575838088989257812e+00 6.575933456420898438e+00 6.565446853637695312e+00 6.565149784088134766e+00 6.577082633972167969e+00 6.624152660369873047e+00 6.686679840087890625e+00 6.766617298126220703e+00 6.863889217376708984e+00 6.951028347015380859e+00 7.043080329895019531e+00 7.128170490264892578e+00 7.214275360107421875e+00 7.288763999938964844e+00 7.349260807037353516e+00 7.394664764404296875e+00 7.450611591339111328e+00 7.518415927886962891e+00 7.593832969665527344e+00 7.689562797546386719e+00 7.802999973297119141e+00 7.920363903045654297e+00 8.056574821472167969e+00 8.187729835510253906e+00 8.322618484497070312e+00 8.475417137145996094e+00 8.618618011474609375e+00 8.781740188598632812e+00 8.960175514221191406e+00 9.157571792602539062e+00 9.381918907165527344e+00 9.626117706298828125e+00 9.887843132019042969e+00 1.016086673736572266e+01 1.043922615051269531e+01 1.072698116302490234e+01 1.101196765899658203e+01 1.131832027435302734e+01 1.163877964019775391e+01 1.196581745147705078e+01 1.229526996612548828e+01 1.263117599487304688e+01 1.294355297088623047e+01 1.323824977874755859e+01 1.349059867858886719e+01 1.371475410461425781e+01 1.390354061126708984e+01 1.407007217407226562e+01 1.422318649291992188e+01 1.435976028442382812e+01 1.448923969268798828e+01 1.462747097015380859e+01 1.477849674224853516e+01 1.493961715698242188e+01 1.509972286224365234e+01 1.527022743225097656e+01 1.547468376159667969e+01 1.570649909973144531e+01 1.595549583435058594e+01 1.623508262634277344e+01 1.654336929321289062e+01 1.686213302612304688e+01 1.716348648071289062e+01 1.743339920043945312e+01 1.768779754638671875e+01 1.791734313964843750e+01 1.811924171447753906e+01 1.828035163879394531e+01 1.840784072875976562e+01 1.851268577575683594e+01 1.856914138793945312e+01 1.860667228698730469e+01 1.860424995422363281e+01 1.858713722229003906e+01 1.855377006530761719e+01 1.850232505798339844e+01 1.843111038208007812e+01 1.836220550537109375e+01 1.830518531799316406e+01 1.824152755737304688e+01 1.816478919982910156e+01 1.809148788452148438e+01 1.802395248413085938e+01 1.796173286437988281e+01 1.791176033020019531e+01 1.787599945068359375e+01 1.783396911621093750e+01 1.775891494750976562e+01 1.768234825134277344e+01 1.759264183044433594e+01 1.749894332885742188e+01 1.737361145019531250e+01 1.722497940063476562e+01 1.703703308105468750e+01 1.682821083068847656e+01 1.660336685180664062e+01 1.635354614257812500e+01 1.610466575622558594e+01 1.585858917236328125e+01 1.562419605255126953e+01 1.540109443664550781e+01 1.517768764495849609e+01 1.493322944641113281e+01 1.480098342895507812e+01 1.453848361968994141e+01 1.424682140350341797e+01 1.393413829803466797e+01 1.360586547851562500e+01 1.325584316253662109e+01 1.291983985900878906e+01 1.261158180236816406e+01 1.230962467193603516e+01 1.190062904357910156e+01 1.176461887359619141e+01 1.148795413970947266e+01 1.117966651916503906e+01 1.084553241729736328e+01 1.049696540832519531e+01 1.010916233062744141e+01 9.497490882873535156e+00 9.285326957702636719e+00 8.873792648315429688e+00 8.459356307983398438e+00 8.031569480895996094e+00 7.590184688568115234e+00 7.145331859588623047e+00 6.725331306457519531e+00 6.305359840393066406e+00 5.882869720458984375e+00 5.466690540313720703e+00 5.058516979217529297e+00 4.663406848907470703e+00 4.272424221038818359e+00 3.898574352264404297e+00 3.521956682205200195e+00 3.155634403228759766e+00 2.804098606109619141e+00 2.480527162551879883e+00 2.183416366577148438e+00 1.929180622100830078e+00 1.622301459312438965e+00 1.534070491790771484e+00 1.381904482841491699e+00 1.264253377914428711e+00 1.161896467208862305e+00 1.071568131446838379e+00 9.767768383026123047e-01 8.709531426429748535e-01 7.445871829986572266e-01 5.879201889038085938e-01 3.970448374748229980e-01 1.814996451139450073e-01 -6.607996672391891479e-02 -3.595420420169830322e-01 -6.866092085838317871e-01 -1.036497831344604492e+00 -1.425105452537536621e+00 -1.821508646011352539e+00 -2.215757131576538086e+00 -2.620444059371948242e+00 -3.056370735168457031e+00 -3.501203775405883789e+00 -3.948910236358642578e+00 -4.409008979797363281e+00 -4.856121063232421875e+00 -5.284548759460449219e+00 -5.715744495391845703e+00 -6.141836166381835938e+00 -6.577724456787109375e+00 -7.004792690277099609e+00 -7.426114559173583984e+00 -7.832324028015136719e+00 -8.244989395141601562e+00 -8.650364875793457031e+00 -9.055377960205078125e+00 -9.456799507141113281e+00 -9.851585388183593750e+00 -1.021655654907226562e+01 -1.055546092987060547e+01 -1.087840080261230469e+01 -1.115432739257812500e+01 -1.143203544616699219e+01 -1.169513893127441406e+01 -1.194283390045166016e+01 -1.217060852050781250e+01 -1.240669536590576172e+01 -1.264943981170654297e+01 -1.288326644897460938e+01 -1.310177040100097656e+01 -1.329969406127929688e+01 -1.346440601348876953e+01 -1.358718109130859375e+01 -1.365870952606201172e+01 -1.365756034851074219e+01 -1.358477687835693359e+01 -1.345050144195556641e+01 -1.325596714019775391e+01 -1.300961303710937500e+01 -1.271886157989501953e+01 -1.237485218048095703e+01 -1.200138568878173828e+01 -1.160777950286865234e+01 -1.118223476409912109e+01 -1.074341487884521484e+01 -1.031884670257568359e+01 -9.931598663330078125e+00 -9.573264122009277344e+00 -9.242508888244628906e+00 -8.909925460815429688e+00 -8.582055091857910156e+00 -8.279733657836914062e+00 -8.002111434936523438e+00 -7.755029678344726562e+00 -7.523817539215087891e+00 -7.275701045989990234e+00 -6.990590095520019531e+00 -6.707901954650878906e+00 -6.415704250335693359e+00 -6.128629207611083984e+00 -5.866799831390380859e+00 -5.635271072387695312e+00 -5.424810886383056641e+00 -5.240849971771240234e+00 -5.082947731018066406e+00 -4.921425342559814453e+00 -4.771471500396728516e+00 -4.628518581390380859e+00 -4.524754047393798828e+00 -4.454507827758789062e+00 -4.437126159667968750e+00 -4.457726001739501953e+00 -4.473613739013671875e+00 -4.463290214538574219e+00 -4.435373306274414062e+00 -4.379645824432373047e+00 -4.303826808929443359e+00 -4.210720539093017578e+00 -4.109762191772460938e+00 -4.014865398406982422e+00 -3.916013717651367188e+00 -3.794599056243896484e+00 -3.651808738708496094e+00 -3.479732751846313477e+00 -3.271561861038208008e+00 -3.035761356353759766e+00 -2.768156766891479492e+00 -2.492229938507080078e+00 -2.238521337509155273e+00 -2.003678798675537109e+00 -1.800085306167602539e+00 -1.619447588920593262e+00 -1.473315119743347168e+00 -1.320335149765014648e+00 -1.120773673057556152e+00 -8.254920244216918945e-01 -3.962786793708801270e-01 1.530756801366806030e-01 7.792743444442749023e-01 1.409399509429931641e+00 1.945183634757995605e+00 2.380047082901000977e+00 2.699222803115844727e+00 2.914298772811889648e+00 3.020745038986206055e+00 3.039745569229125977e+00 2.985378026962280273e+00 2.918560504913330078e+00 2.918666124343872070e+00 3.021348476409912109e+00 3.229184389114379883e+00 3.519045591354370117e+00 3.845978498458862305e+00 4.181004047393798828e+00 4.524926185607910156e+00 4.863590717315673828e+00 5.185400485992431641e+00 5.480749130249023438e+00 5.715572357177734375e+00 5.866876602172851562e+00 5.929585456848144531e+00 5.863208293914794922e+00 5.705784797668457031e+00 5.524649143218994141e+00 5.376093864440917969e+00 5.249287128448486328e+00 5.134662628173828125e+00 5.026731967926025391e+00 4.921904087066650391e+00 4.845854282379150391e+00 4.847425460815429688e+00 4.941987037658691406e+00 5.108211517333984375e+00 5.295437812805175781e+00 5.489071369171142578e+00 5.682053565979003906e+00 5.915660858154296875e+00 6.168832778930664062e+00 6.424849510192871094e+00 6.677715778350830078e+00 6.932535648345947266e+00 7.192718029022216797e+00 7.454978942871093750e+00 7.736738204956054688e+00 8.030478477478027344e+00 8.368070602416992188e+00 8.764387130737304688e+00 9.196722984313964844e+00 9.648920059204101562e+00 1.012764549255371094e+01 1.060712814331054688e+01 1.108400535583496094e+01 1.157262325286865234e+01 1.206597137451171875e+01 1.255551910400390625e+01 1.304339027404785156e+01 1.353080177307128906e+01 1.404979801177978516e+01 1.462716484069824219e+01 1.524324035644531250e+01 1.588734722137451172e+01 1.654528236389160156e+01 1.718030357360839844e+01 1.779492378234863281e+01 1.838845443725585938e+01 1.898705482482910156e+01 1.959015274047851562e+01 2.020157432556152344e+01 2.086064147949218750e+01 2.154972076416015625e+01 2.229656791687011719e+01 2.302927970886230469e+01 2.379495429992675781e+01 2.455825614929199219e+01 2.529642486572265625e+01 2.596846961975097656e+01 2.655274963378906250e+01 2.702932929992675781e+01 2.742115592956542969e+01 2.774147987365722656e+01 2.801782035827636719e+01 2.825400352478027344e+01 2.844521331787109375e+01 2.863073539733886719e+01 2.878861999511718750e+01 2.893730926513671875e+01 2.906033134460449219e+01 2.914597702026367188e+01 2.919614028930664062e+01 2.921635818481445312e+01 2.921370506286621094e+01 2.925046157836914062e+01 2.934059715270996094e+01 2.950761795043945312e+01 2.974061203002929688e+01 3.001257133483886719e+01 3.027646064758300781e+01 3.050850868225097656e+01 3.069590568542480469e+01 3.081890296936035156e+01 3.090613746643066406e+01 3.096139526367187500e+01 3.102011871337890625e+01 3.109338188171386719e+01 3.118390274047851562e+01 3.129678535461425781e+01 3.141245269775390625e+01 3.152665710449218750e+01 3.162754821777343750e+01 3.173373603820800781e+01 3.182702255249023438e+01 3.191752433776855469e+01 3.201639556884765625e+01 3.212505340576171875e+01 3.223717880249023438e+01 3.232545089721679688e+01 3.238702774047851562e+01 3.240816497802734375e+01 3.240105819702148438e+01 3.235452270507812500e+01 3.226995086669921875e+01 3.211691284179687500e+01 3.187485885620117188e+01 3.154246711730957031e+01 3.107081985473632812e+01 3.047406959533691406e+01 2.981449699401855469e+01 2.910216331481933594e+01 2.835280609130859375e+01 2.760638999938964844e+01 2.689697837829589844e+01 2.621511840820312500e+01 2.558805084228515625e+01 2.502520179748535156e+01 2.454411125183105469e+01 2.414575386047363281e+01 2.383081054687500000e+01 2.358630561828613281e+01 2.339351654052734375e+01 2.323370742797851562e+01 2.306851577758789062e+01 2.289800262451171875e+01 2.270621681213378906e+01 2.250141525268554688e+01 2.227186965942382812e+01 2.197844505310058594e+01 2.164225196838378906e+01 2.126705360412597656e+01 2.085583305358886719e+01 2.040032196044921875e+01 1.990857315063476562e+01 1.938125419616699219e+01 1.884422492980957031e+01 1.830103874206542969e+01 1.774749755859375000e+01 1.720448493957519531e+01 1.666560745239257812e+01 1.609555816650390625e+01 1.548686504364013672e+01 1.487175559997558594e+01 1.425710773468017578e+01 1.364649009704589844e+01 1.303050994873046875e+01 1.242866516113281250e+01 1.184758281707763672e+01 1.135078620910644531e+01 1.093500900268554688e+01 1.058713054656982422e+01 1.031099319458007812e+01 1.009960460662841797e+01 9.922126770019531250e+00 9.757205009460449219e+00 9.571032524108886719e+00 9.345545768737792969e+00 9.105713844299316406e+00 8.843357086181640625e+00 8.571453094482421875e+00 8.289330482482910156e+00 7.998242855072021484e+00 7.712422847747802734e+00 7.426775455474853516e+00 7.149756908416748047e+00 6.872862339019775391e+00 6.588565349578857422e+00 6.311336040496826172e+00 6.029854297637939453e+00 5.743460178375244141e+00 5.461547374725341797e+00 5.185467243194580078e+00 4.924269676208496094e+00 4.682177066802978516e+00 4.447181701660156250e+00 4.210481643676757812e+00 3.979900598526000977e+00 3.776996850967407227e+00 3.600821733474731445e+00 3.449403047561645508e+00 3.307599067687988281e+00 3.181712150573730469e+00 3.067642927169799805e+00 2.958553552627563477e+00 2.827897071838378906e+00 2.663204669952392578e+00 2.470931053161621094e+00 2.212951183319091797e+00 1.915667891502380371e+00 1.586388468742370605e+00 1.213515520095825195e+00 8.289779424667358398e-01 4.652891457080841064e-01 1.099513173103332520e-01 -2.246814519166946411e-01 -4.948527514934539795e-01 -7.360829710960388184e-01 -9.535626769065856934e-01 -1.147761106491088867e+00 -1.338119387626647949e+00 -1.515290260314941406e+00 -1.679752826690673828e+00 -1.850794553756713867e+00 -2.051926612854003906e+00 -2.288760900497436523e+00 -2.546319484710693359e+00 -2.822284936904907227e+00 -3.091316699981689453e+00 -3.342975854873657227e+00 -3.539453506469726562e+00 -3.673404455184936523e+00 -3.741620063781738281e+00 -3.751780986785888672e+00 -3.700899362564086914e+00 -3.629523754119873047e+00 -3.501021862030029297e+00 -3.332556486129760742e+00 -3.131768941879272461e+00 -2.883107185363769531e+00 -2.614017963409423828e+00 -2.306803703308105469e+00 -1.944427013397216797e+00 -1.526131272315979004e+00 -1.111378908157348633e+00 -7.398657798767089844e-01 -4.399776756763458252e-01 -2.222489565610885620e-01 -4.830541089177131653e-02 1.215584129095077515e-01 3.009224236011505127e-01 5.201929807662963867e-01 7.753861546516418457e-01 1.041554331779479980e+00 1.303681135177612305e+00 1.551260709762573242e+00 1.826478958129882812e+00 2.117068052291870117e+00 2.440016984939575195e+00 2.796092271804809570e+00 3.181558847427368164e+00 3.544701814651489258e+00 3.887168407440185547e+00 4.195407867431640625e+00 4.473680496215820312e+00 4.742434501647949219e+00 4.986959457397460938e+00 5.197160720825195312e+00 5.331465721130371094e+00 5.346041679382324219e+00 5.285200119018554688e+00 5.176752567291259766e+00 5.044458389282226562e+00 4.886680603027343750e+00 4.750278472900390625e+00 4.635911941528320312e+00 4.533564567565917969e+00 4.440832614898681641e+00 4.376342296600341797e+00 4.341578006744384766e+00 4.326149940490722656e+00 4.304995059967041016e+00 4.267185688018798828e+00 4.209686756134033203e+00 4.153892040252685547e+00 4.105768680572509766e+00 4.075630187988281250e+00 4.105241775512695312e+00 4.181032657623291016e+00 4.323746204376220703e+00 4.497689723968505859e+00 4.720321655273437500e+00 4.972555637359619141e+00 5.265835762023925781e+00 5.576804161071777344e+00 5.907788753509521484e+00 6.210683822631835938e+00 6.486610889434814453e+00 6.716904163360595703e+00 6.937429428100585938e+00 7.131848335266113281e+00 7.276017189025878906e+00 7.373269557952880859e+00 7.402239799499511719e+00 7.365656375885009766e+00 7.286398410797119141e+00 7.179482936859130859e+00 7.093579292297363281e+00 7.023697376251220703e+00 6.999189853668212891e+00 6.990953922271728516e+00 6.977546215057373047e+00 6.946747779846191406e+00 6.870774745941162109e+00 6.750384807586669922e+00 6.621653556823730469e+00 6.491504192352294922e+00 6.360628128051757812e+00 6.231637477874755859e+00 6.115758419036865234e+00 6.022643089294433594e+00 5.941221237182617188e+00 5.882965564727783203e+00 5.839304924011230469e+00 5.791037559509277344e+00 5.761244297027587891e+00 5.723367691040039062e+00 5.687464237213134766e+00 5.654079437255859375e+00 5.623874664306640625e+00 5.588248729705810547e+00 5.561184406280517578e+00 5.534158706665039062e+00 5.490613460540771484e+00 5.439741134643554688e+00 5.385431289672851562e+00 5.342000484466552734e+00 5.314600944519042969e+00 5.290362358093261719e+00 5.257054328918457031e+00 5.216084480285644531e+00 5.170393466949462891e+00 5.108087062835693359e+00 5.033914566040039062e+00 4.967049121856689453e+00 4.918236255645751953e+00 4.896199703216552734e+00 4.906447410583496094e+00 4.958688259124755859e+00 5.045128822326660156e+00 5.146892070770263672e+00 5.258414268493652344e+00 5.361153602600097656e+00 5.453818798065185547e+00 5.538430213928222656e+00 5.609317779541015625e+00 5.657431602478027344e+00 5.690443038940429688e+00 5.709519863128662109e+00 5.724756240844726562e+00 5.726144790649414062e+00 5.738595008850097656e+00 5.756810188293457031e+00 5.783663749694824219e+00 5.803688526153564453e+00 5.818321704864501953e+00 5.835148334503173828e+00 5.862777233123779297e+00 5.873148918151855469e+00 5.888720989227294922e+00 5.909100532531738281e+00 5.957903861999511719e+00 5.992188930511474609e+00 6.041020870208740234e+00 6.087544918060302734e+00 6.112655162811279297e+00 6.142822265625000000e+00 6.176187992095947266e+00 6.199114799499511719e+00 6.228055953979492188e+00 6.242249011993408203e+00 6.252582073211669922e+00 6.257437705993652344e+00 6.256594657897949219e+00 6.237795352935791016e+00 6.203644752502441406e+00 6.146030902862548828e+00 6.073812007904052734e+00 5.980485916137695312e+00 5.894888877868652344e+00 5.804205417633056641e+00 5.703332901000976562e+00 5.613492965698242188e+00 5.539023876190185547e+00 5.464114189147949219e+00 5.422139167785644531e+00 5.413424491882324219e+00 5.447737693786621094e+00 5.544252872467041016e+00 5.675656318664550781e+00 5.848191738128662109e+00 6.018544197082519531e+00 6.189059257507324219e+00 6.325145721435546875e+00 6.417638778686523438e+00 6.466346263885498047e+00 6.477905273437500000e+00 6.472274303436279297e+00 6.449749469757080078e+00 6.419821739196777344e+00 6.382750034332275391e+00 6.337069034576416016e+00 6.296989917755126953e+00 6.247813224792480469e+00 6.219724178314208984e+00 6.203146934509277344e+00 6.212100982666015625e+00 6.239835262298583984e+00 6.258136749267578125e+00 6.284319877624511719e+00 6.322493076324462891e+00 6.352046966552734375e+00 6.376036643981933594e+00 6.401855945587158203e+00 6.417255401611328125e+00 6.414554595947265625e+00 6.388457775115966797e+00 6.354814529418945312e+00 6.301577091217041016e+00 6.240630149841308594e+00 6.177672386169433594e+00 6.097083568572998047e+00 6.031281471252441406e+00 5.973495006561279297e+00 5.920764923095703125e+00 5.872363567352294922e+00 5.843614101409912109e+00 5.821003437042236328e+00 5.811244487762451172e+00 5.833367347717285156e+00 5.882246971130371094e+00 5.945492267608642578e+00 6.032200813293457031e+00 6.119560718536376953e+00 6.206575393676757812e+00 6.278755664825439453e+00 6.329503059387207031e+00 6.386417865753173828e+00 6.432865619659423828e+00 6.474792957305908203e+00 6.515379428863525391e+00 6.573750019073486328e+00 6.660362720489501953e+00 6.749350547790527344e+00 6.857309341430664062e+00 6.944267272949218750e+00 6.997676849365234375e+00 7.041414260864257812e+00 7.087708473205566406e+00 7.102849483489990234e+00 7.119091987609863281e+00 7.120949745178222656e+00 7.111171722412109375e+00 7.089910984039306641e+00 7.076905727386474609e+00 7.049123764038085938e+00 7.027757644653320312e+00 6.973917007446289062e+00 6.960556983947753906e+00 6.933588981628417969e+00 6.920248508453369141e+00 6.898480415344238281e+00 6.853871345520019531e+00 6.812002182006835938e+00 6.766990661621093750e+00 6.713475704193115234e+00 6.665266036987304688e+00 6.606541156768798828e+00 6.544693946838378906e+00 6.489387512207031250e+00 6.455361366271972656e+00 6.418998718261718750e+00 6.389434337615966797e+00 6.376678943634033203e+00 6.401741027832031250e+00 6.432176113128662109e+00 6.463568687438964844e+00 6.511223316192626953e+00 6.558723926544189453e+00 6.620829582214355469e+00 6.693412303924560547e+00 6.752730846405029297e+00 6.813246726989746094e+00 6.857577800750732422e+00 6.899208068847656250e+00 6.928925514221191406e+00 6.945770740509033203e+00 6.960930824279785156e+00 6.979634284973144531e+00 7.003077983856201172e+00 7.031253337860107422e+00 7.072672843933105469e+00 7.099085807800292969e+00 7.136933326721191406e+00 7.162474632263183594e+00 7.163499355316162109e+00 7.138302803039550781e+00 7.070048809051513672e+00 6.993271350860595703e+00 6.925515651702880859e+00 6.863716602325439453e+00 6.821885108947753906e+00 6.780331611633300781e+00 6.751275539398193359e+00 6.740367412567138672e+00 6.721500873565673828e+00 6.722161769866943359e+00 6.751093387603759766e+00 6.783329010009765625e+00 6.824337005615234375e+00 6.863946437835693359e+00 6.874701023101806641e+00 6.871138572692871094e+00 6.855241298675537109e+00 6.822977066040039062e+00 6.791785240173339844e+00 6.756839275360107422e+00 6.707901954650878906e+00 6.643153190612792969e+00 6.563071727752685547e+00 6.459632873535156250e+00 6.354048252105712891e+00 6.267933845520019531e+00 6.194422245025634766e+00 6.114925384521484375e+00 6.072720050811767578e+00 6.057789802551269531e+00 6.055884361267089844e+00 6.058670997619628906e+00 6.092630386352539062e+00 6.101986885070800781e+00 6.123142242431640625e+00 6.179693222045898438e+00 6.229473590850830078e+00 6.277328491210937500e+00 6.326151371002197266e+00 6.349566459655761719e+00 6.347402572631835938e+00 6.339070320129394531e+00 6.327951431274414062e+00 6.306355953216552734e+00 6.291195869445800781e+00 6.269782066345214844e+00 6.260866165161132812e+00 6.258031368255615234e+00 6.256422519683837891e+00 6.248406887054443359e+00 6.249498367309570312e+00 6.258385658264160156e+00 6.275796413421630859e+00 6.303798675537109375e+00 6.328047275543212891e+00 6.348484516143798828e+00 6.355820178985595703e+00 6.365492820739746094e+00 6.383861541748046875e+00 6.392767429351806641e+00 6.398370265960693359e+00 6.398389339447021484e+00 6.385345935821533203e+00 6.355465888977050781e+00 6.322205543518066406e+00 6.308960914611816406e+00 6.277721405029296875e+00 6.254382610321044922e+00 6.226973533630371094e+00 6.220241069793701172e+00 6.235526084899902344e+00 6.248952865600585938e+00 6.261622428894042969e+00 6.280354976654052734e+00 6.318977832794189453e+00 6.357429027557373047e+00 6.418203830718994141e+00 6.488075733184814453e+00 6.558819770812988281e+00 6.636334419250488281e+00 6.716492176055908203e+00 6.785799980163574219e+00 6.833415508270263672e+00 6.882075309753417969e+00 6.937323570251464844e+00 6.987736225128173828e+00 7.016427993774414062e+00 7.051996707916259766e+00 7.067109107971191406e+00 7.074511528015136719e+00 7.074243545532226562e+00 7.049123764038085938e+00 7.011362075805664062e+00 6.961419105529785156e+00 6.912989139556884766e+00 6.891374588012695312e+00 6.859924316406250000e+00 6.825074195861816406e+00 6.777630805969238281e+00 6.712144374847412109e+00 6.650986671447753906e+00 6.572744846343994141e+00 6.499845504760742188e+00 6.434589385986328125e+00 6.355982780456542969e+00 6.279799461364746094e+00 6.224215984344482422e+00 6.171830654144287109e+00 6.140026092529296875e+00 6.108623504638671875e+00 6.099458694458007812e+00 6.105970859527587891e+00 6.138110637664794922e+00 6.191099166870117188e+00 6.266726970672607422e+00 6.339079856872558594e+00 6.425970077514648438e+00 6.501655578613281250e+00 6.572591304779052734e+00 6.627590656280517578e+00 6.681450843811035156e+00 6.748536109924316406e+00 6.821751117706298828e+00 6.891690254211425781e+00 6.952321052551269531e+00 7.028035640716552734e+00 7.105530738830566406e+00 7.198368549346923828e+00 7.289443969726562500e+00 7.377311229705810547e+00 7.462200164794921875e+00 7.546073913574218750e+00 7.620150566101074219e+00 7.682667255401611328e+00 7.731815814971923828e+00 7.762567043304443359e+00 7.803718090057373047e+00 7.853785991668701172e+00 7.912156581878662109e+00 7.983178138732910156e+00 8.056028366088867188e+00 8.130421638488769531e+00 8.202754974365234375e+00 8.267628669738769531e+00 8.337893486022949219e+00 8.426842689514160156e+00 8.547644615173339844e+00 8.690099716186523438e+00 8.867921829223632812e+00 9.045371055603027344e+00 9.192422866821289062e+00 9.342050552368164062e+00 9.473626136779785156e+00 9.593221664428710938e+00 9.709560394287109375e+00 9.809312820434570312e+00 9.912062644958496094e+00 9.994968414306640625e+00 1.005827999114990234e+01 1.013801765441894531e+01 1.021861553192138672e+01 1.028435039520263672e+01 1.033336544036865234e+01 1.036440372467041016e+01 1.038820171356201172e+01 1.040887832641601562e+01 1.043314552307128906e+01 1.044540405273437500e+01 1.045402336120605469e+01 1.046023845672607422e+01 1.049987697601318359e+01 1.056541156768798828e+01 1.064751243591308594e+01 1.073509311676025391e+01 1.085068416595458984e+01 1.098559379577636719e+01 1.113706970214843750e+01 1.131782245635986328e+01 1.151883029937744141e+01 1.175465965270996094e+01 1.197341251373291016e+01 1.219874477386474609e+01 1.242990970611572266e+01 1.264668083190917969e+01 1.286076068878173828e+01 1.306372165679931641e+01 1.324003124237060547e+01 1.337173175811767578e+01 1.345996284484863281e+01 1.349494647979736328e+01 1.349794387817382812e+01 1.346751880645751953e+01 1.341403198242187500e+01 1.334936046600341797e+01 1.328325080871582031e+01 1.319410991668701172e+01 1.310747814178466797e+01 1.300798511505126953e+01 1.290914249420166016e+01 1.282358360290527344e+01 1.276071166992187500e+01 1.269128990173339844e+01 1.262633037567138672e+01 1.256371688842773438e+01 1.250275135040283203e+01 1.243829917907714844e+01 1.234496402740478516e+01 1.223277187347412109e+01 1.211587715148925781e+01 1.200048637390136719e+01 1.188463592529296875e+01 1.177056598663330078e+01 1.166310405731201172e+01 1.156209754943847656e+01 1.145044231414794922e+01 1.132528305053710938e+01 1.120024776458740234e+01 1.106203556060791016e+01 1.090687179565429688e+01 1.074362564086914062e+01 1.056766128540039062e+01 1.038913059234619141e+01 1.021586704254150391e+01 1.004455757141113281e+01 9.889633178710937500e+00 9.752427101135253906e+00 9.626442909240722656e+00 9.495480537414550781e+00 9.378854751586914062e+00 9.292969703674316406e+00 9.209220886230468750e+00 9.123210906982421875e+00 9.038140296936035156e+00 8.952102661132812500e+00 8.871953964233398438e+00 8.785341262817382812e+00 8.693385124206542969e+00 8.580052375793457031e+00 8.450871467590332031e+00 8.322666168212890625e+00 8.179752349853515625e+00 7.999487876892089844e+00 7.772689342498779297e+00 7.526690483093261719e+00 7.284550189971923828e+00 7.041903018951416016e+00 6.779689311981201172e+00 6.536343097686767578e+00 6.294490337371826172e+00 6.068937301635742188e+00 5.843144893646240234e+00 5.622523784637451172e+00 5.398963451385498047e+00 5.169608592987060547e+00 4.933913707733154297e+00 4.683211803436279297e+00 4.446492195129394531e+00 4.223659038543701172e+00 4.009014129638671875e+00 3.805880308151245117e+00 3.607937574386596680e+00 3.433754444122314453e+00 3.270967960357666016e+00 3.119510650634765625e+00 2.994140863418579102e+00 2.890107870101928711e+00 2.809241533279418945e+00 2.746561050415039062e+00 2.692327737808227539e+00 2.663961172103881836e+00 2.635652065277099609e+00 2.618308544158935547e+00 2.611499547958374023e+00 2.614870309829711914e+00 2.640574693679809570e+00 2.653742790222167969e+00 2.661471128463745117e+00 2.635125398635864258e+00 2.554632425308227539e+00 2.420662403106689453e+00 2.256966114044189453e+00 2.063035726547241211e+00 1.847251057624816895e+00 1.613174796104431152e+00 1.358374238014221191e+00 1.079526424407958984e+00 7.640855312347412109e-01 4.128944277763366699e-01 6.661626696586608887e-02 -2.672982513904571533e-01 -5.700977444648742676e-01 -8.218145370483398438e-01 -1.064126849174499512e+00 -1.277804613113403320e+00 -1.494202136993408203e+00 -1.714114427566528320e+00 -1.905612230300903320e+00 -2.067412376403808594e+00 -2.208038091659545898e+00 -2.322787284851074219e+00 -2.401499271392822266e+00 -2.454870939254760742e+00 -2.511125087738037109e+00 -2.593399286270141602e+00 -2.701224565505981445e+00 -2.837780237197875977e+00 -2.974594593048095703e+00 -3.129920721054077148e+00 -3.314523220062255859e+00 -3.545602083206176758e+00 -3.819967985153198242e+00 -4.153049468994140625e+00 -4.541857719421386719e+00 -4.940942764282226562e+00 -5.349067687988281250e+00 -5.767814159393310547e+00 -6.193455219268798828e+00 -6.600862026214599609e+00 -7.011956214904785156e+00 -7.393131732940673828e+00 -7.779297828674316406e+00 -8.179158210754394531e+00 -8.551906585693359375e+00 -8.915279388427734375e+00 -9.267628669738769531e+00 -9.629469871520996094e+00 -9.970049858093261719e+00 -1.028826713562011719e+01 -1.060639095306396484e+01 -1.090962028503417969e+01 -1.117966651916503906e+01 -1.141677951812744141e+01 -1.162195301055908203e+01 -1.177649402618408203e+01 -1.188281536102294922e+01 -1.192904281616210938e+01 -1.192799949645996094e+01 -1.187986660003662109e+01 -1.181266593933105469e+01 -1.174228477478027344e+01 -1.168716144561767578e+01 -1.163635635375976562e+01 -1.159312725067138672e+01 -1.153882598876953125e+01 -1.147923946380615234e+01 -1.140734672546386719e+01 -1.132256221771240234e+01 -1.123426437377929688e+01 -1.113874626159667969e+01 -1.101877689361572266e+01 -1.088292980194091797e+01 -1.073292827606201172e+01 -1.057942199707031250e+01 -1.043515682220458984e+01 -1.033346080780029297e+01 -1.025247955322265625e+01 -1.017799091339111328e+01 -1.011734104156494141e+01 -1.004257488250732422e+01 -9.964667320251464844e+00 -9.878600120544433594e+00 -9.772116661071777344e+00 -9.639842033386230469e+00 -9.467171669006347656e+00 -9.274725914001464844e+00 -9.070720672607421875e+00 -8.853441238403320312e+00 -8.643201828002929688e+00 -8.448812484741210938e+00 -8.239194869995117188e+00 -8.035189628601074219e+00 -7.824634075164794922e+00 -7.580914020538330078e+00 -7.313654422760009766e+00 -6.997255325317382812e+00 -6.643066883087158203e+00 -6.243628025054931641e+00 -5.815065860748291016e+00 -5.360655784606933594e+00 -4.881652832031250000e+00 -4.396759986877441406e+00 -3.903333902359008789e+00 -3.398157358169555664e+00 -2.909022331237792969e+00 -2.418105363845825195e+00 -1.937340140342712402e+00 -1.450206279754638672e+00 -9.472610950469970703e-01 -4.214178025722503662e-01 1.316523551940917969e-01 7.254047989845275879e-01 1.348701715469360352e+00 1.987733244895935059e+00 2.640220165252685547e+00 3.301795721054077148e+00 3.987102270126342773e+00 4.691486358642578125e+00 5.423431873321533203e+00 6.180277347564697266e+00 6.956611633300781250e+00 7.750337600708007812e+00 8.547146797180175781e+00 9.345335006713867188e+00 1.014791011810302734e+01 1.098777770996093750e+01 1.185529232025146484e+01 1.275492763519287109e+01 1.368405914306640625e+01 1.461527919769287109e+01 1.553778553009033203e+01 1.642214393615722656e+01 1.725403594970703125e+01 1.802205657958984375e+01 1.872430419921875000e+01 1.933460617065429688e+01 1.986172294616699219e+01 2.028454971313476562e+01 2.059969139099121094e+01 2.081494903564453125e+01 2.094937133789062500e+01 2.098478507995605469e+01 2.094904518127441406e+01 2.082037162780761719e+01 2.064099693298339844e+01 2.040123176574707031e+01 2.012853240966796875e+01 1.983956336975097656e+01 1.954124450683593750e+01 1.923988151550292969e+01 1.895601654052734375e+01 1.866275405883789062e+01 1.834577178955078125e+01 1.801946067810058594e+01 1.767908287048339844e+01 1.732369804382324219e+01 1.695338058471679688e+01 1.659658813476562500e+01 1.623800277709960938e+01 1.589873409271240234e+01 1.555897808074951172e+01 1.520767211914062500e+01 1.483219432830810547e+01 1.446160030364990234e+01 1.406741905212402344e+01 1.365492630004882812e+01 1.325926208496093750e+01 1.286422729492187500e+01 1.244073104858398438e+01 1.200617504119873047e+01 1.156317043304443359e+01 1.112301063537597656e+01 1.067993068695068359e+01 1.022648811340332031e+01 9.771886825561523438e+00 9.313147544860839844e+00 8.857406616210937500e+00 8.405783653259277344e+00 7.953442573547363281e+00 7.506741523742675781e+00 7.066888809204101562e+00 6.603198528289794922e+00 6.148482322692871094e+00 5.684811592102050781e+00 5.207331180572509766e+00 4.703974246978759766e+00 4.207761764526367188e+00 3.720742702484130859e+00 3.265643358230590820e+00 2.838862419128417969e+00 2.446462392807006836e+00 2.062212228775024414e+00 1.688936948776245117e+00 1.368410825729370117e+00 1.083634853363037109e+00 8.416193723678588867e-01 6.559921503067016602e-01 5.145714282989501953e-01 4.114004373550415039e-01 3.374866545200347900e-01 2.575873732566833496e-01 1.754183620214462280e-01 9.888052940368652344e-02 2.990836650133132935e-02 -3.041593916714191437e-02 -6.926904618740081787e-02 -7.342537492513656616e-02 -3.522349521517753601e-02 4.957912862300872803e-02 2.091000080108642578e-01 4.042944610118865967e-01 6.231819391250610352e-01 8.589916825294494629e-01 1.093968272209167480e+00 1.317021608352661133e+00 1.540256977081298828e+00 1.771106004714965820e+00 2.022679090499877930e+00 2.253805637359619141e+00 2.450053691864013672e+00 2.616986989974975586e+00 2.742270708084106445e+00 2.829419612884521484e+00 2.904788970947265625e+00 2.966578722000122070e+00 3.050701379776000977e+00 3.123446702957153320e+00 3.186491012573242188e+00 3.219291448593139648e+00 3.215910911560058594e+00 3.182822942733764648e+00 3.131012439727783203e+00 3.080667257308959961e+00 3.055451393127441406e+00 3.041737556457519531e+00 3.045414924621582031e+00 3.053315877914428711e+00 3.057213544845581055e+00 3.064606904983520508e+00 3.065143346786499023e+00 3.092820167541503906e+00 3.136327743530273438e+00 3.215958833694458008e+00 3.329865217208862305e+00 3.489740371704101562e+00 3.719612598419189453e+00 4.001659393310546875e+00 4.332872867584228516e+00 4.695115566253662109e+00 5.076626777648925781e+00 5.468548297882080078e+00 5.880523204803466797e+00 6.324331760406494141e+00 6.802721500396728516e+00 7.319859981536865234e+00 7.860250473022460938e+00 8.366298675537109375e+00 8.828292846679687500e+00 9.209517478942871094e+00 9.486861228942871094e+00 9.685647010803222656e+00 9.833589553833007812e+00 9.940446853637695312e+00 9.988925933837890625e+00 9.995993614196777344e+00 9.965156555175781250e+00 9.906881332397460938e+00 9.810088157653808594e+00 9.699466705322265625e+00 9.606006622314453125e+00 9.510411262512207031e+00 9.454510688781738281e+00 9.419527053833007812e+00 9.415859222412109375e+00 9.436678886413574219e+00 9.467132568359375000e+00 9.533499717712402344e+00 9.663055419921875000e+00 9.837774276733398438e+00 1.005907535552978516e+01 1.029527854919433594e+01 1.056043052673339844e+01 1.082956790924072266e+01 1.109021949768066406e+01 1.136830139160156250e+01 1.163555145263671875e+01 1.191019535064697266e+01 1.222414302825927734e+01 1.256594848632812500e+01 1.293386077880859375e+01 1.310976791381835938e+01 1.344123077392578125e+01 1.372391891479492188e+01 1.406065845489501953e+01 1.416787052154541016e+01 1.436627388000488281e+01 1.455305004119873047e+01 1.480130958557128906e+01 1.486340522766113281e+01 1.495219135284423828e+01 1.498134422302246094e+01 1.487744522094726562e+01 1.473513412475585938e+01 1.448609828948974609e+01 1.438968849182128906e+01 1.437614631652832031e+01 1.445874691009521484e+01 1.462363052368164062e+01 1.480319595336914062e+01 1.490663433074951172e+01 1.485751533508300781e+01 1.450276184082031250e+01 1.432132911682128906e+01 1.388988494873046875e+01 1.342607975006103516e+01 1.295704555511474609e+01 1.253664398193359375e+01 1.220862770080566406e+01 1.195676803588867188e+01 1.178268051147460938e+01 1.164766693115234375e+01 1.158070564270019531e+01 1.159316539764404297e+01 1.164395141601562500e+01 1.172690486907958984e+01 1.182616901397705078e+01 1.192707061767578125e+01 1.202044391632080078e+01 1.210022830963134766e+01 1.216587734222412109e+01 1.223179531097412109e+01 1.228636360168457031e+01 1.231087970733642578e+01 1.233455371856689453e+01 1.235772991180419922e+01 1.237412452697753906e+01 1.239808559417724609e+01 1.242622280120849609e+01 1.243964004516601562e+01 1.245766353607177734e+01 1.247953701019287109e+01 1.249130630493164062e+01 1.250060558319091797e+01 1.249145030975341797e+01 1.245353603363037109e+01 1.240168762207031250e+01 1.233548259735107422e+01 1.223783779144287109e+01 1.216394233703613281e+01 1.207357597351074219e+01 1.197264671325683594e+01 1.184914398193359375e+01 1.172519111633300781e+01 1.157411766052246094e+01 1.143221759796142578e+01 1.128170776367187500e+01 1.115147399902343750e+01 1.104664516448974609e+01 1.095135688781738281e+01 1.085435295104980469e+01 1.075679397583007812e+01 1.064700603485107422e+01 1.051120567321777344e+01 1.037848186492919922e+01 1.024014472961425781e+01 1.007542324066162109e+01 9.895647048950195312e+00 9.714252471923828125e+00 9.537992477416992188e+00 9.358742713928222656e+00 9.178689002990722656e+00 9.017195701599121094e+00 8.871992111206054688e+00 8.757980346679687500e+00 8.664232254028320312e+00 8.583106994628906250e+00 8.510822296142578125e+00 8.446896553039550781e+00 8.380644798278808594e+00 8.321699142456054688e+00 8.269591331481933594e+00 8.210895538330078125e+00 8.150906562805175781e+00 8.106010437011718750e+00 8.066027641296386719e+00 8.033658027648925781e+00 8.034260749816894531e+00 8.068239212036132812e+00 8.111450195312500000e+00 8.166334152221679688e+00 8.238323211669921875e+00 8.298101425170898438e+00 8.343754768371582031e+00 8.358119964599609375e+00 8.329724311828613281e+00 8.297814369201660156e+00 8.253905296325683594e+00 8.202879905700683594e+00 8.170998573303222656e+00 8.151088714599609375e+00 8.125460624694824219e+00 8.095829963684082031e+00 8.057704925537109375e+00 8.011659622192382812e+00 7.966083526611328125e+00 7.915403366088867188e+00 7.852962493896484375e+00 7.779680728912353516e+00 7.722047328948974609e+00 7.638384342193603516e+00 7.549540519714355469e+00 7.449788570404052734e+00 7.362696647644042969e+00 7.260665416717529297e+00 7.169819831848144531e+00 7.076254844665527344e+00 6.983732700347900391e+00 6.885944366455078125e+00 6.803497791290283203e+00 6.719068527221679688e+00 6.633652687072753906e+00 6.558925151824951172e+00 6.488344192504882812e+00 6.415665626525878906e+00 6.368720054626464844e+00 6.320883750915527344e+00 6.259611606597900391e+00 6.219877243041992188e+00 6.179060935974121094e+00 6.156833648681640625e+00 6.146739482879638672e+00 6.153816223144531250e+00 6.191127777099609375e+00 6.248224735260009766e+00 6.311470031738281250e+00 6.404872417449951172e+00 6.517055034637451172e+00 6.618607997894287109e+00 6.716454029083251953e+00 6.779191970825195312e+00 6.822699069976806641e+00 6.844027042388916016e+00 6.857386112213134766e+00 6.863208770751953125e+00 6.872652053833007812e+00 6.878091335296630859e+00 6.887266159057617188e+00 6.901717185974121094e+00 6.888903617858886719e+00 6.880638599395751953e+00 6.877009391784667969e+00 6.865162372589111328e+00 6.845366954803466797e+00 6.818523406982421875e+00 6.809674739837646484e+00 6.824968814849853516e+00 6.858621597290039062e+00 6.904025554656982422e+00 6.955261230468750000e+00 6.989316463470458984e+00 7.004246711730957031e+00 6.997715473175048828e+00 6.962099075317382812e+00 6.911380290985107422e+00 6.835991859436035156e+00 6.771482467651367188e+00 6.699004650115966797e+00 6.640634059906005859e+00 6.586956501007080078e+00 6.534121036529541016e+00 6.486304283142089844e+00 6.447680950164794922e+00 6.404891490936279297e+00 6.369648933410644531e+00 6.328842163085937500e+00 6.303185939788818359e+00 6.290889739990234375e+00 6.272990226745605469e+00 6.240582466125488281e+00 6.188838958740234375e+00 6.140916347503662109e+00 6.082881450653076172e+00 6.004207611083984375e+00 5.933004379272460938e+00 5.890444755554199219e+00 5.901439189910888672e+00 5.950395584106445312e+00 6.034662246704101562e+00 6.151154518127441406e+00 6.254354000091552734e+00 6.339961051940917969e+00 6.415972232818603516e+00 6.480625152587890625e+00 6.532837867736816406e+00 6.587013721466064453e+00 6.637694358825683594e+00 6.681613922119140625e+00 6.735339164733886719e+00 6.780264377593994141e+00 6.825084209442138672e+00 6.861906528472900391e+00 6.893931865692138672e+00 6.924892902374267578e+00 6.957521438598632812e+00 7.005424976348876953e+00 7.041136741638183594e+00 7.080343723297119141e+00 7.114562034606933594e+00 7.139930725097656250e+00 7.151777267456054688e+00 7.133629322052001953e+00 7.113651752471923828e+00 7.104410648345947266e+00 7.102283954620361328e+00 7.101633071899414062e+00 7.105463981628417969e+00 7.094575405120849609e+00 7.098932743072509766e+00 7.097438335418701172e+00 7.094594001770019531e+00 7.104305267333984375e+00 7.128026962280273438e+00 7.151193141937255859e+00 7.174972057342529297e+00 7.200063705444335938e+00 7.232864379882812500e+00 7.258501529693603516e+00 7.264831542968750000e+00 7.269447803497314453e+00 7.261431694030761719e+00 7.253885269165039062e+00 7.234377384185791016e+00 7.209841251373291016e+00 7.157695770263671875e+00 7.073975563049316406e+00 6.983493804931640625e+00 6.889449596405029297e+00 6.791181564331054688e+00 6.690682411193847656e+00 6.612440586090087891e+00 6.576977729797363281e+00 6.564537048339843750e+00 6.578318595886230469e+00 6.610515594482421875e+00 6.663292884826660156e+00 6.742905139923095703e+00 6.842580795288085938e+00 6.934364795684814453e+00 7.005424976348876953e+00 7.074617385864257812e+00 7.115395069122314453e+00 7.150446414947509766e+00 7.163010597229003906e+00 7.172587871551513672e+00 7.156470298767089844e+00 7.162148952484130859e+00 7.159199237823486328e+00 7.136282444000244141e+00 7.109026432037353516e+00 7.086080551147460938e+00 7.059322834014892578e+00 7.030323982238769531e+00 6.994765758514404297e+00 6.965642452239990234e+00 6.951593399047851562e+00 6.935619354248046875e+00 6.944659709930419922e+00 6.962472438812255859e+00 6.969712734222412109e+00 6.980812072753906250e+00 6.979883193969726562e+00 6.951851844787597656e+00 6.926233768463134766e+00 6.930342197418212891e+00 6.932880401611328125e+00 6.935801506042480469e+00 6.962683200836181641e+00 6.991270065307617188e+00 7.010031223297119141e+00 7.011256694793701172e+00 7.021063327789306641e+00 7.017549037933349609e+00 7.038119792938232422e+00 7.063326358795166016e+00 7.070432186126708984e+00 7.086329460144042969e+00 7.099335193634033203e+00 7.107159137725830078e+00 7.089910984039306641e+00 7.081713199615478516e+00 7.060845851898193359e+00 7.054055690765380859e+00 7.023802280426025391e+00 6.985456943511962891e+00 6.935236454010009766e+00 6.892657756805419922e+00 6.878732681274414062e+00 6.860010147094726562e+00 6.838558197021484375e+00 6.831155300140380859e+00 6.804790496826171875e+00 6.776031017303466797e+00 6.762221813201904297e+00 6.733558177947998047e+00 6.723790168762207031e+00 6.717488288879394531e+00 6.712680816650390625e+00 6.722190380096435547e+00 6.741880416870117188e+00 6.778004169464111328e+00 6.853938579559326172e+00 6.950310230255126953e+00 7.040647983551025391e+00 7.134405136108398438e+00 7.220691680908203125e+00 7.289089679718017578e+00 7.332022666931152344e+00 7.353244781494140625e+00 7.381314277648925781e+00 7.394194602966308594e+00 7.387002944946289062e+00 7.378019809722900391e+00 7.358320236206054688e+00 7.340239048004150391e+00 7.323106288909912109e+00 7.311556816101074219e+00 7.316604137420654297e+00 7.337385177612304688e+00 7.362428665161132812e+00 7.390824317932128906e+00 7.423136234283447266e+00 7.465101718902587891e+00 7.497748851776123047e+00 7.506828308105468750e+00 7.509011268615722656e+00 7.520235538482666016e+00 7.512755870819091797e+00 7.487185955047607422e+00 7.457698822021484375e+00 7.415895938873291016e+00 7.346024036407470703e+00 7.273785591125488281e+00 7.192162513732910156e+00 7.123190402984619141e+00 7.042898654937744141e+00 6.952110290527343750e+00 6.869874477386474609e+00 6.797674655914306641e+00 6.730905055999755859e+00 6.676805973052978516e+00 6.607345581054687500e+00 6.560888290405273438e+00 6.508723735809326172e+00 6.490451335906982422e+00 6.493754863739013672e+00 6.470818519592285156e+00 6.457621574401855469e+00 6.445363044738769531e+00 6.454231262207031250e+00 6.471479415893554688e+00 6.497154712677001953e+00 6.509460926055908203e+00 6.528710365295410156e+00 6.560582160949707031e+00 6.587023258209228516e+00 6.620867729187011719e+00 6.669815063476562500e+00 6.715860366821289062e+00 6.776510238647460938e+00 6.854369640350341797e+00 6.934853076934814453e+00 7.017711639404296875e+00 7.099784851074218750e+00 7.182892799377441406e+00 7.258932113647460938e+00 7.336945056915283203e+00 7.428116321563720703e+00 7.512803554534912109e+00 7.598727226257324219e+00 7.670668125152587891e+00 7.724278926849365234e+00 7.746985435485839844e+00 7.759502410888671875e+00 7.774030208587646484e+00 7.789765357971191406e+00 7.771818161010742188e+00 7.753823280334472656e+00 7.728540420532226562e+00 7.705230236053466797e+00 7.671108245849609375e+00 7.625436305999755859e+00 7.556713581085205078e+00 7.469373226165771484e+00 7.376085281372070312e+00 7.305370330810546875e+00 7.221860408782958984e+00 7.135286331176757812e+00 7.058595180511474609e+00 7.010069370269775391e+00 6.958718776702880859e+00 6.904197692871093750e+00 6.858909130096435547e+00 6.815574169158935547e+00 6.753353595733642578e+00 6.699120044708251953e+00 6.653572559356689453e+00 6.623836994171142578e+00 6.583460807800292969e+00 6.552805900573730469e+00 6.535883426666259766e+00 6.523711204528808594e+00 6.522294044494628906e+00 6.545029163360595703e+00 6.592165946960449219e+00 6.640222549438476562e+00 6.710353374481201172e+00 6.790645599365234375e+00 6.872479438781738281e+00 6.960461616516113281e+00 7.045149326324462891e+00 7.141520500183105469e+00 7.241598129272460938e+00 7.334426403045654297e+00 7.428297996520996094e+00 7.504568099975585938e+00 7.576537609100341797e+00 7.637503623962402344e+00 7.698938369750976562e+00 7.753354072570800781e+00 7.774365901947021484e+00 7.779584884643554688e+00 7.781184196472167969e+00 7.771406173706054688e+00 7.740827560424804688e+00 7.722152709960937500e+00 7.703660011291503906e+00 7.708640098571777344e+00 7.735388278961181641e+00 7.763371467590332031e+00 7.796296596527099609e+00 7.831835746765136719e+00 7.873284339904785156e+00 7.908574581146240234e+00 7.962070941925048828e+00 8.007877349853515625e+00 8.060358047485351562e+00 8.115530014038085938e+00 8.181466102600097656e+00 8.247565269470214844e+00 8.319448471069335938e+00 8.397221565246582031e+00 8.486218452453613281e+00 8.575398445129394531e+00 8.677008628845214844e+00 8.798892974853515625e+00 8.942946434020996094e+00 9.112963676452636719e+00 9.286102294921875000e+00 9.464030265808105469e+00 9.647751808166503906e+00 9.824367523193359375e+00 9.989577293395996094e+00 1.014170455932617188e+01 1.028070259094238281e+01 1.039647674560546875e+01 1.049887084960937500e+01 1.062376308441162109e+01 1.077374553680419922e+01 1.096616172790527344e+01 1.118967437744140625e+01 1.145088291168212891e+01 1.174322414398193359e+01 1.205679798126220703e+01 1.241350460052490234e+01 1.280274391174316406e+01 1.323446655273437500e+01 1.366724300384521484e+01 1.408663082122802734e+01 1.449568462371826172e+01 1.486624050140380859e+01 1.520380401611328125e+01 1.550736904144287109e+01 1.577257061004638672e+01 1.599662876129150391e+01 1.617825317382812500e+01 1.632859992980957031e+01 1.644490051269531250e+01 1.653042030334472656e+01 1.658278656005859375e+01 1.661228370666503906e+01 1.663706779479980469e+01 1.664909553527832031e+01 1.667312431335449219e+01 1.668795013427734375e+01 1.669337844848632812e+01 1.668385124206542969e+01 1.664078330993652344e+01 1.657860183715820312e+01 1.650777053833007812e+01 1.645001411437988281e+01 1.642613792419433594e+01 1.645485877990722656e+01 1.653004646301269531e+01 1.663979721069335938e+01 1.679020118713378906e+01 1.698152732849121094e+01 1.721120643615722656e+01 1.746549987792968750e+01 1.773724174499511719e+01 1.797695922851562500e+01 1.818575286865234375e+01 1.837454986572265625e+01 1.853949928283691406e+01 1.868191719055175781e+01 1.880838775634765625e+01 1.891104316711425781e+01 1.897564888000488281e+01 1.903732299804687500e+01 1.905434989929199219e+01 1.904400825500488281e+01 1.899505043029785156e+01 1.890542984008789062e+01 1.875718116760253906e+01 1.858034515380859375e+01 1.836108398437500000e+01 1.810363006591796875e+01 1.781150054931640625e+01 1.750245666503906250e+01 1.718178749084472656e+01 1.684162902832031250e+01 1.647889900207519531e+01 1.611321640014648438e+01 1.573199272155761719e+01 1.534632492065429688e+01 1.495141601562500000e+01 1.456120872497558594e+01 1.416668224334716797e+01 1.378672409057617188e+01 1.342895317077636719e+01 1.310566902160644531e+01 1.280033111572265625e+01 1.251895523071289062e+01 1.226258373260498047e+01 1.203683948516845703e+01 1.183671283721923828e+01 1.164979267120361328e+01 1.144432258605957031e+01 1.120524692535400391e+01 1.094687366485595703e+01 1.067953777313232422e+01 1.037072372436523438e+01 1.004454803466796875e+01 9.703977584838867188e+00 9.340872764587402344e+00 8.998932838439941406e+00 8.671502113342285156e+00 8.357478141784667969e+00 8.085037231445312500e+00 7.846967220306396484e+00 7.634879589080810547e+00 7.427503585815429688e+00 7.244097709655761719e+00 7.077614784240722656e+00 6.944286346435546875e+00 6.839554309844970703e+00 6.733873844146728516e+00 6.660094738006591797e+00 6.620934963226318359e+00 6.616596698760986328e+00 6.625359535217285156e+00 6.642061710357666016e+00 6.634582042694091797e+00 6.601283073425292969e+00 6.533211231231689453e+00 6.438965797424316406e+00 6.330470085144042969e+00 6.228937149047851562e+00 6.114618778228759766e+00 6.007272243499755859e+00 5.918351650238037109e+00 5.826567173004150391e+00 5.745183944702148438e+00 5.655113697052001953e+00 5.551023483276367188e+00 5.412437438964843750e+00 5.236961841583251953e+00 5.034421920776367188e+00 4.822018146514892578e+00 4.608886241912841797e+00 4.384654998779296875e+00 4.161745071411132812e+00 3.956542730331420898e+00 3.761798381805419922e+00 3.583746433258056641e+00 3.386004686355590820e+00 3.191720008850097656e+00 2.991085767745971680e+00 2.778557300567626953e+00 2.533094167709350586e+00 2.279299020767211914e+00 2.029066801071166992e+00 1.767993450164794922e+00 1.499900221824645996e+00 1.224193572998046875e+00 9.641737937927246094e-01 7.235851883888244629e-01 6.035303473472595215e-01 3.515262901782989502e-01 1.096544340252876282e-01 -1.506623178720474243e-01 -4.159877598285675049e-01 -8.356338739395141602e-01 -9.702741503715515137e-01 -1.221703648567199707e+00 -1.453079342842102051e+00 -1.649681687355041504e+00 -1.800171494483947754e+00 -1.916558504104614258e+00 -2.020524263381958008e+00 -2.124873161315917969e+00 -2.239976882934570312e+00 -2.447592258453369141e+00 -2.537164211273193359e+00 -2.739608287811279297e+00 -2.960641145706176758e+00 -3.234824895858764648e+00 -3.558463573455810547e+00 -3.911062479019165039e+00 -4.284845352172851562e+00 -4.695067882537841797e+00 -5.160012245178222656e+00 -5.666596889495849609e+00 -6.221553325653076172e+00 -6.851706981658935547e+00 -7.558255195617675781e+00 -8.319026947021484375e+00 -9.112236022949218750e+00 -9.933590888977050781e+00 -1.078977680206298828e+01 -1.166446495056152344e+01 -1.252619552612304688e+01 -1.336769008636474609e+01 -1.415747928619384766e+01 -1.487868022918701172e+01 -1.552345848083496094e+01 -1.605451965332031250e+01 -1.646080589294433594e+01 -1.673428344726562500e+01 -1.690563011169433594e+01 -1.699934959411621094e+01 -1.702964973449707031e+01 -1.699756813049316406e+01 -1.690609931945800781e+01 -1.674814033508300781e+01 -1.649142456054687500e+01 -1.616095733642578125e+01 -1.575852012634277344e+01 -1.532491111755371094e+01 -1.487804794311523438e+01 -1.441612052917480469e+01 -1.395732402801513672e+01 -1.347226810455322266e+01 -1.296687221527099609e+01 -1.248173046112060547e+01 -1.197531795501708984e+01 -1.144616127014160156e+01 -1.087960624694824219e+01 -1.026416301727294922e+01 -9.622297286987304688e+00 -8.926761627197265625e+00 -8.202889442443847656e+00 -7.472274780273437500e+00 -6.765726566314697266e+00 -6.096308231353759766e+00 -5.473403930664062500e+00 -4.870017051696777344e+00 -4.300646781921386719e+00 -3.762334823608398438e+00 -3.270632743835449219e+00 -2.843105077743530273e+00 -2.456939458847045898e+00 -2.101180076599121094e+00 -1.754011392593383789e+00 -1.386319398880004883e+00 -9.866888523101806641e-01 -5.577244758605957031e-01 -9.232999384403228760e-02 3.959435224533081055e-01 9.075844287872314453e-01 1.455894947052001953e+00 2.058036565780639648e+00 2.704720020294189453e+00 3.399584531784057617e+00 4.148921966552734375e+00 4.929565429687500000e+00 5.715198516845703125e+00 6.508876800537109375e+00 7.308789253234863281e+00 8.154478073120117188e+00 9.074494361877441406e+00 1.003865814208984375e+01 1.104389762878417969e+01 1.202256011962890625e+01 1.296200656890869141e+01 1.385619354248046875e+01 1.469170284271240234e+01 1.547257614135742188e+01 1.621581268310546875e+01 1.689273071289062500e+01 1.749913406372070312e+01 1.802208518981933594e+01 1.842833328247070312e+01 1.874830436706542969e+01 1.898112487792968750e+01 1.913889503479003906e+01 1.926741409301757812e+01 1.938084220886230469e+01 1.946604728698730469e+01 1.951066589355468750e+01 1.952702331542968750e+01 1.951263809204101562e+01 1.944656753540039062e+01 1.934091567993164062e+01 1.917993927001953125e+01 1.895040512084960938e+01 1.860256385803222656e+01 1.815873718261718750e+01 1.763918495178222656e+01 1.704317092895507812e+01 1.640542411804199219e+01 1.575198936462402344e+01 1.512940120697021484e+01 1.451846790313720703e+01 1.390358924865722656e+01 1.329427433013916016e+01 1.266141033172607422e+01 1.199869537353515625e+01 1.135438632965087891e+01 1.074849128723144531e+01 1.020579242706298828e+01 9.743673324584960938e+00 9.350727081298828125e+00 9.004391670227050781e+00 8.691239356994628906e+00 8.346982002258300781e+00 7.955051422119140625e+00 7.534639358520507812e+00 7.112780570983886719e+00 6.756686210632324219e+00 6.486256122589111328e+00 6.328842163085937500e+00 6.290171623229980469e+00 6.359152793884277344e+00 6.506568908691406250e+00 6.670102119445800781e+00 6.801467418670654297e+00 6.891757488250732422e+00 6.922652244567871094e+00 6.909636974334716797e+00 6.865900039672851562e+00 6.834727764129638672e+00 6.859560012817382812e+00 6.871742248535156250e+00 6.836451530456542969e+00 6.706944465637207031e+00 6.462448120117187500e+00 6.115930557250976562e+00 5.701839447021484375e+00 5.265491008758544922e+00 4.842129230499267578e+00 4.427740573883056641e+00 4.027669906616210938e+00 3.627493381500244141e+00 3.249247789382934570e+00 2.894053459167480469e+00 2.571861028671264648e+00 2.303988218307495117e+00 2.109674692153930664e+00 1.973301053047180176e+00 1.904194831848144531e+00 1.891352295875549316e+00 1.910074949264526367e+00 1.986995816230773926e+00 2.105106592178344727e+00 2.231070280075073242e+00 2.382269144058227539e+00 2.579656600952148438e+00 2.818224430084228516e+00 3.098307609558105469e+00 3.426926374435424805e+00 3.813254594802856445e+00 4.200598239898681641e+00 4.559048175811767578e+00 4.880321979522705078e+00 5.178370952606201172e+00 5.486830711364746094e+00 5.815238475799560547e+00 6.194518089294433594e+00 6.583786487579345703e+00 6.956171035766601562e+00 7.301079750061035156e+00 7.586449623107910156e+00 7.801438808441162109e+00 7.965298175811767578e+00 8.078495979309082031e+00 8.126035690307617188e+00 8.126313209533691406e+00 8.119848251342773438e+00 8.119609832763671875e+00 8.115041732788085938e+00 8.123507499694824219e+00 8.154660224914550781e+00 8.190908432006835938e+00 8.228229522705078125e+00 8.253493309020996094e+00 8.261739730834960938e+00 8.243515014648437500e+00 8.190486907958984375e+00 8.120117187500000000e+00 8.031100273132324219e+00 7.930256843566894531e+00 7.799064159393310547e+00 7.665898323059082031e+00 7.552327156066894531e+00 7.455514907836914062e+00 7.356127262115478516e+00 7.269361495971679688e+00 7.182049751281738281e+00 7.103127002716064453e+00 7.040475368499755859e+00 6.957176685333251953e+00 6.881309032440185547e+00 6.825954914093017578e+00 6.800011634826660156e+00 6.807155609130859375e+00 6.815325260162353516e+00 6.846430778503417969e+00 6.911159992218017578e+00 7.008690357208251953e+00 7.137632369995117188e+00 7.281351566314697266e+00 7.448227405548095703e+00 7.636660575866699219e+00 7.864569187164306641e+00 8.113374710083007812e+00 8.397508621215820312e+00 8.664491653442382812e+00 8.932182312011718750e+00 9.176994323730468750e+00 9.410956382751464844e+00 9.635627746582031250e+00 9.851555824279785156e+00 1.004381084442138672e+01 1.019846534729003906e+01 1.036186504364013672e+01 1.057431697845458984e+01 1.086870765686035156e+01 1.127164268493652344e+01 1.178393554687500000e+01 1.240797996520996094e+01 1.305555248260498047e+01 1.369291782379150391e+01 1.432340717315673828e+01 1.497749423980712891e+01 1.563951969146728516e+01 1.630699348449707031e+01 1.696979522705078125e+01 1.761106872558593750e+01 1.821222305297851562e+01 1.874958801269531250e+01 1.920283699035644531e+01 1.954846572875976562e+01 1.981060218811035156e+01 1.996643638610839844e+01 2.006167793273925781e+01 2.012199211120605469e+01 2.016243362426757812e+01 2.018944168090820312e+01 2.022385025024414062e+01 2.026861381530761719e+01 2.032701110839843750e+01 2.038113021850585938e+01 2.042913818359375000e+01 2.048601531982421875e+01 2.050763130187988281e+01 2.052587509155273438e+01 2.054013442993164062e+01 2.056891250610351562e+01 2.060927963256835938e+01 2.067596244812011719e+01 2.080274963378906250e+01 2.097503471374511719e+01 2.120026397705078125e+01 2.150359916687011719e+01 2.192550659179687500e+01 2.243523025512695312e+01 2.301161193847656250e+01 2.362078094482421875e+01 2.420592498779296875e+01 2.470507812500000000e+01 2.511529159545898438e+01 2.544493293762207031e+01 2.570016670227050781e+01 2.593318748474121094e+01 2.613025093078613281e+01 2.629433059692382812e+01 2.640308380126953125e+01 2.643970489501953125e+01 2.641375160217285156e+01 2.632276344299316406e+01 2.614575576782226562e+01 2.587501907348632812e+01 2.550546836853027344e+01 2.507670593261718750e+01 2.461393547058105469e+01 2.410554122924804688e+01 2.355411720275878906e+01 2.294684410095214844e+01 2.228472328186035156e+01 2.161070632934570312e+01 2.092287063598632812e+01 2.020717811584472656e+01 1.947416877746582031e+01 1.871874046325683594e+01 1.796521949768066406e+01 1.721746063232421875e+01 1.648657798767089844e+01 1.576163291931152344e+01 1.507796382904052734e+01 1.447343730926513672e+01 1.392773246765136719e+01 1.340304756164550781e+01 1.287004089355468750e+01 1.232974624633789062e+01 1.180914115905761719e+01 1.128883266448974609e+01 1.078817653656005859e+01 1.032615375518798828e+01 9.885169982910156250e+00 9.476566314697265625e+00 9.079943656921386719e+00 8.669988632202148438e+00 8.259364128112792969e+00 7.828915119171142578e+00 7.373509407043457031e+00 6.904743671417236328e+00 6.440536499023437500e+00 5.966331481933593750e+00 5.494788646697998047e+00 5.034211635589599609e+00 4.579418659210205078e+00 4.125180721282958984e+00 3.642126798629760742e+00 3.141652345657348633e+00 2.627645969390869141e+00 2.087600231170654297e+00 1.527309179306030273e+00 9.527581930160522461e-01 3.567935228347778320e-01 -2.665320932865142822e-01 -9.038686156272888184e-01 -1.548866629600524902e+00 -2.197005510330200195e+00 -2.803150415420532227e+00 -3.392181634902954102e+00 -3.958132505416870117e+00 -4.482242584228515625e+00 -4.964674472808837891e+00 -5.391579627990722656e+00 -5.755019187927246094e+00 -6.063641548156738281e+00 -6.331264972686767578e+00 -6.554510116577148438e+00 -6.745730400085449219e+00 -6.903613567352294922e+00 -7.024243354797363281e+00 -7.116103649139404297e+00 -7.170749187469482422e+00 -7.212647438049316406e+00 -7.246405601501464844e+00 -7.283190250396728516e+00 -7.319898605346679688e+00 -7.367427825927734375e+00 -7.416212081909179688e+00 -7.446503639221191406e+00 -7.467782974243164062e+00 -7.485835552215576172e+00 -7.490441799163818359e+00 -7.454212665557861328e+00 -7.381572723388671875e+00 -7.267742633819580078e+00 -7.098530292510986328e+00 -6.911140918731689453e+00 -6.721797943115234375e+00 -6.546082496643066406e+00 -6.393724918365478516e+00 -6.250073432922363281e+00 -6.138091087341308594e+00 -6.040063381195068359e+00 -5.938769340515136719e+00 -5.846803188323974609e+00 -5.760363101959228516e+00 -5.670149326324462891e+00 -5.573558330535888672e+00 -5.491101741790771484e+00 -5.402430057525634766e+00 -5.326610565185546875e+00 -5.255770683288574219e+00 -5.171265125274658203e+00 -5.089804649353027344e+00 -5.005998134613037109e+00 -4.920122623443603516e+00 -4.846946239471435547e+00 -4.770331859588623047e+00 -4.682043552398681641e+00 -4.553915500640869141e+00 -4.405877113342285156e+00 -4.242094039916992188e+00 -4.052837848663330078e+00 -3.855306386947631836e+00 -3.689206361770629883e+00 -3.530413389205932617e+00 -3.384788274765014648e+00 -3.252887010574340820e+00 -3.139056921005249023e+00 -3.011081933975219727e+00 -2.875177621841430664e+00 -2.733670711517333984e+00 -2.589195013046264648e+00 -2.427548170089721680e+00 -2.246479511260986328e+00 -2.061110734939575195e+00 -1.892798423767089844e+00 -1.736562371253967285e+00 -1.588658213615417480e+00 -1.435448408126831055e+00 -1.291690945625305176e+00 -1.147253513336181641e+00 -1.002605438232421875e+00 -8.515217900276184082e-01 -6.764673590660095215e-01 -5.029259920120239258e-01 -3.614095449447631836e-01 -2.242792397737503052e-01 -1.021462231874465942e-01 1.782243698835372925e-02 1.224586293101310730e-01 2.082955539226531982e-01 3.029718697071075439e-01 4.110269844532012939e-01 5.227500200271606445e-01 6.400658488273620605e-01 7.662116289138793945e-01 9.091070890426635742e-01 1.039916753768920898e+00 1.162720084190368652e+00 1.270966768264770508e+00 1.363411664962768555e+00 1.436884880065917969e+00 1.484730720520019531e+00 1.516295790672302246e+00 1.520595788955688477e+00 1.524225473403930664e+00 1.526811122894287109e+00 1.507772445678710938e+00 1.479539990425109863e+00 1.445226311683654785e+00 1.386319398880004883e+00 1.303231120109558105e+00 1.225132226943969727e+00 1.140798807144165039e+00 1.071414828300476074e+00 1.017296314239501953e+00 9.574508666992187500e-01 9.151788353919982910e-01 8.840350508689880371e-01 8.794956207275390625e-01 8.967626094818115234e-01 9.448286294937133789e-01 1.027524232864379883e+00 1.132409572601318359e+00 1.263544678688049316e+00 1.392774224281311035e+00 1.494642734527587891e+00 1.572195649147033691e+00 1.618758082389831543e+00 1.644941091537475586e+00 1.662763595581054688e+00 1.691647052764892578e+00 1.721737384796142578e+00 1.754662632942199707e+00 1.780041098594665527e+00 1.808254361152648926e+00 1.847423434257507324e+00 1.880578398704528809e+00 1.895221352577209473e+00 1.912124395370483398e+00 1.934237360954284668e+00 1.969949245452880859e+00 2.012556314468383789e+00 2.059779644012451172e+00 2.105413198471069336e+00 2.156151056289672852e+00 2.167576074600219727e+00 2.170200109481811523e+00 2.150328397750854492e+00 2.105824947357177734e+00 2.061417341232299805e+00 2.012173414230346680e+00 1.956828951835632324e+00 1.891151189804077148e+00 1.822083234786987305e+00 1.744874954223632812e+00 1.665808916091918945e+00 1.586771488189697266e+00 1.493196487426757812e+00 1.395771741867065430e+00 1.299726009368896484e+00 1.220698118209838867e+00 1.157366752624511719e+00 1.119088172912597656e+00 1.097138166427612305e+00 1.104234457015991211e+00 1.124336361885070801e+00 1.137686371803283691e+00 1.149255156517028809e+00 1.164482355117797852e+00 1.173359990119934082e+00 1.176807641983032227e+00 1.173359990119934082e+00 1.172067046165466309e+00 1.175610423088073730e+00 1.161245226860046387e+00 1.141392588615417480e+00 1.117278218269348145e+00 1.104770898818969727e+00 1.089610695838928223e+00 1.083577394485473633e+00 1.056369662284851074e+00 1.027945637702941895e+00 1.016453504562377930e+00 1.003687739372253418e+00 9.955186247825622559e-01 9.992440342903137207e-01 1.008562207221984863e+00 1.029047012329101562e+00 1.068455576896667480e+00 1.107375741004943848e+00 1.157874226570129395e+00 1.219194531440734863e+00 1.283406972885131836e+00 1.353911519050598145e+00 1.429999232292175293e+00 1.497688055038452148e+00 1.567330598831176758e+00 1.641368865966796875e+00 1.710053801536560059e+00 1.773548007011413574e+00 1.865571498870849609e+00 1.947558641433715820e+00 2.039639472961425781e+00 2.125016927719116211e+00 2.192054510116577148e+00 2.253576040267944336e+00 2.281559228897094727e+00 2.272949695587158203e+00 2.228992223739624023e+00 2.163419961929321289e+00 2.093394279479980469e+00 2.004617214202880859e+00 1.918885588645935059e+00 1.851627707481384277e+00 1.778508782386779785e+00 1.726477980613708496e+00 1.693332672119140625e+00 1.662447452545166016e+00 1.626582264900207520e+00 1.590180873870849609e+00 1.550398826599121094e+00 1.489164710044860840e+00 1.421590805053710938e+00 1.354792594909667969e+00 1.308785557746887207e+00 1.261303663253784180e+00 1.230945348739624023e+00 1.227162480354309082e+00 1.216388583183288574e+00 1.213553786277770996e+00 1.221914291381835938e+00 1.224308609962463379e+00 1.222019672393798828e+00 1.212404489517211914e+00 1.215507388114929199e+00 1.205423116683959961e+00 1.190866351127624512e+00 1.194160819053649902e+00 1.192188024520874023e+00 1.190894961357116699e+00 1.205164551734924316e+00 1.221397161483764648e+00 1.257204890251159668e+00 1.306142330169677734e+00 1.387219548225402832e+00 1.491951584815979004e+00 1.614908218383789062e+00 1.738046765327453613e+00 1.877734184265136719e+00 2.026471376419067383e+00 2.173839330673217773e+00 2.315978288650512695e+00 2.423181056976318359e+00 2.509851217269897461e+00 2.570366859436035156e+00 2.605111837387084961e+00 2.613615989685058594e+00 2.610819578170776367e+00 2.599461317062377930e+00 2.594481468200683594e+00 2.592939615249633789e+00 2.606883525848388672e+00 2.632185220718383789e+00 2.666566133499145508e+00 2.721134662628173828e+00 2.748026371002197266e+00 2.803744316101074219e+00 2.863273620605468750e+00 2.933002471923828125e+00 2.970399856567382812e+00 2.977343082427978516e+00 2.969451665878295898e+00 2.960966825485229492e+00 2.951830387115478516e+00 2.958467006683349609e+00 2.964222908020019531e+00 2.957633972167968750e+00 2.939983844757080078e+00 2.941458702087402344e+00 2.948076486587524414e+00 2.963829994201660156e+00 2.975839614868164062e+00 2.995836019515991211e+00 3.008975267410278320e+00 3.034066438674926758e+00 3.041938781738281250e+00 3.054474592208862305e+00 3.071224451065063477e+00 3.082841157913208008e+00 3.095760345458984375e+00 3.089286327362060547e+00 3.055145025253295898e+00 3.012442111968994141e+00 2.913341283798217773e+00 2.874018907546997070e+00 2.773242235183715820e+00 2.665895700454711914e+00 2.559937953948974609e+00 2.454765319824218750e+00 2.366984367370605469e+00 2.281128406524658203e+00 2.220938205718994141e+00 2.193280220031738281e+00 2.188999414443969727e+00 2.181644439697265625e+00 2.140722751617431641e+00 2.092455625534057617e+00 2.041478157043457031e+00 1.976748704910278320e+00 1.898276329040527344e+00 1.800841927528381348e+00 1.699615120887756348e+00 1.606155037879943848e+00 1.496174931526184082e+00 1.387669682502746582e+00 1.267356276512145996e+00 1.163093686103820801e+00 1.065036773681640625e+00 9.536584615707397461e-01 8.251472711563110352e-01 6.730005741119384766e-01 5.078772306442260742e-01 3.509133458137512207e-01 2.129307240247726440e-01 9.160215407609939575e-02 -8.877700194716453552e-03 -1.050096899271011353e-01 -1.875904798507690430e-01 -2.584109902381896973e-01 -3.237248063087463379e-01 -3.871040940284729004e-01 -4.449096918106079102e-01 -5.146959424018859863e-01 -5.753650069236755371e-01 -6.209409832954406738e-01 -6.637971997261047363e-01 -6.945099830627441406e-01 -7.220146656036376953e-01 -7.424706816673278809e-01 -7.747445106506347656e-01 -7.786997556686401367e-01 -7.548343539237976074e-01 -7.076972723007202148e-01 -6.365512013435363770e-01 -5.580788850784301758e-01 -4.634886980056762695e-01 -3.597623407840728760e-01 -2.437105923891067505e-01 -1.138490810990333557e-01 2.083913236856460571e-02 1.576725393533706665e-01 2.879171073436737061e-01 4.068897962570190430e-01 5.327864885330200195e-01 6.566624641418457031e-01 7.805959582328796387e-01 8.903557062149047852e-01 9.955090880393981934e-01 1.077630162239074707e+00 1.152089834213256836e+00 1.227890253067016602e+00 1.281874775886535645e+00 1.342936515808105469e+00 1.398031830787658691e+00 1.440667748451232910e+00 1.453989148139953613e+00 1.430822849273681641e+00 1.392726302146911621e+00 1.339574933052062988e+00 1.278321743011474609e+00 1.220707654953002930e+00 1.172632098197937012e+00 1.135426282882690430e+00 1.095232248306274414e+00 1.067296743392944336e+00 1.051332235336303711e+00 1.069815516471862793e+00 1.118437051773071289e+00 1.162882924079895020e+00 1.230792164802551270e+00 1.326502680778503418e+00 1.438378930091857910e+00 1.556154489517211914e+00 1.676305055618286133e+00 1.796053409576416016e+00 1.912517070770263672e+00 2.032773017883300781e+00 2.163678407669067383e+00 2.299506425857543945e+00 2.444374561309814453e+00 2.632348060607910156e+00 2.871031045913696289e+00 3.150692939758300781e+00 3.488390207290649414e+00 3.854894638061523438e+00 4.254841327667236328e+00 4.676565647125244141e+00 5.097016334533691406e+00 5.509508132934570312e+00 5.921444892883300781e+00 6.308232784271240234e+00 6.663714408874511719e+00 6.988378047943115234e+00 7.277271747589111328e+00 7.542760372161865234e+00 7.771530628204345703e+00 7.960701465606689453e+00 8.115999221801757812e+00 8.279810905456542969e+00 8.430587768554687500e+00 8.591525077819824219e+00 8.745740890502929688e+00 8.896699905395507812e+00 9.040486335754394531e+00 9.172714233398437500e+00 9.279102325439453125e+00 9.350564002990722656e+00 9.390825271606445312e+00 9.448918342590332031e+00 9.530530929565429688e+00 9.644697189331054688e+00 9.794315338134765625e+00 9.952811241149902344e+00 1.011418056488037109e+01 1.025417518615722656e+01 1.038076114654541016e+01 1.047345447540283203e+01 1.054855537414550781e+01 1.063620281219482422e+01 1.069948673248291016e+01 1.074059009552001953e+01 1.076398658752441406e+01 1.074884510040283203e+01 1.069281196594238281e+01 1.060050964355468750e+01 1.047261142730712891e+01 1.033436107635498047e+01 1.018857288360595703e+01 1.001915073394775391e+01 9.799257278442382812e+00 9.530263900756835938e+00 9.210302352905273438e+00 8.839612960815429688e+00 8.414661407470703125e+00 7.930706977844238281e+00 7.409374713897705078e+00 6.866254329681396484e+00 6.332797527313232422e+00 5.840338706970214844e+00 5.379359245300292969e+00 4.923905849456787109e+00 4.423574924468994141e+00 3.866961479187011719e+00 3.263775825500488281e+00 2.651846408843994141e+00 2.015209197998046875e+00 1.270899772644042969e+00 4.366257488727569580e-01 -4.802768528461456299e-01 -1.464590668678283691e+00 -2.502208948135375977e+00 -3.565042972564697266e+00 -4.635059356689453125e+00 -5.716338157653808594e+00 -6.786001205444335938e+00 -7.846163272857666016e+00 -8.900129318237304688e+00 -9.930287361145019531e+00 -1.089649105072021484e+01 -1.178272819519042969e+01 -1.257672309875488281e+01 -1.324323940277099609e+01 -1.378531551361083984e+01 -1.420453071594238281e+01 -1.453541851043701172e+01 -1.477191829681396484e+01 -1.492533874511718750e+01 -1.502279186248779297e+01 -1.505069923400878906e+01 -1.501656723022460938e+01 -1.490951728820800781e+01 -1.473596668243408203e+01 -1.451159191131591797e+01 -1.425742244720458984e+01 -1.397703361511230469e+01 -1.367473220825195312e+01 -1.333857631683349609e+01 -1.298439788818359375e+01 -1.267797756195068359e+01 -1.240575695037841797e+01 -1.216677761077880859e+01 -1.196826934814453125e+01 -1.179021739959716797e+01 -1.164986896514892578e+01 -1.155795097351074219e+01 -1.149581718444824219e+01 -1.148013973236083984e+01 -1.150674438476562500e+01 -1.157451915740966797e+01 -1.167877292633056641e+01 -1.179232406616210938e+01 -1.189660644531250000e+01 -1.198300743103027344e+01 -1.206194019317626953e+01 -1.211717987060546875e+01 -1.213624668121337891e+01 -1.211876964569091797e+01 -1.207435131072998047e+01 -1.198767185211181641e+01 -1.186923503875732422e+01 -1.169218921661376953e+01 -1.145720291137695312e+01 -1.118704223632812500e+01 -1.089037132263183594e+01 -1.056961536407470703e+01 -1.025039196014404297e+01 -9.906171798706054688e+00 -9.555603981018066406e+00 -9.166910171508789062e+00 -8.743260383605957031e+00 -8.300266265869140625e+00 -7.852560043334960938e+00 -7.388564109802246094e+00 -6.883205413818359375e+00 -6.365760803222656250e+00 -5.827879428863525391e+00 -5.269523143768310547e+00 -4.696016311645507812e+00 -4.100731372833251953e+00 -3.495505809783935547e+00 -2.869776248931884766e+00 -2.226875782012939453e+00 -1.568652272224426270e+00 -9.097391963005065918e-01 -2.394010126590728760e-01 4.481179416179656982e-01 1.135550618171691895e+00 1.792165279388427734e+00 2.439701080322265625e+00 3.060259103775024414e+00 3.669545173645019531e+00 4.285467624664306641e+00 4.859224319458007812e+00 5.404680728912353516e+00 5.949581623077392578e+00 6.474342823028564453e+00 6.972710609436035156e+00 7.428853511810302734e+00 7.868026733398437500e+00 8.264209747314453125e+00 8.633166313171386719e+00 8.971724510192871094e+00 9.302288055419921875e+00 9.615161895751953125e+00 9.910443305969238281e+00 1.021557998657226562e+01 1.048562717437744141e+01 1.070220565795898438e+01 1.086775112152099609e+01 1.098087215423583984e+01 1.106791591644287109e+01 1.114507579803466797e+01 1.120103359222412109e+01 1.126109886169433594e+01 1.131084060668945312e+01 1.134104633331298828e+01 1.133021450042724609e+01 1.129601573944091797e+01 1.125360012054443359e+01 1.118659210205078125e+01 1.108801746368408203e+01 1.097825813293457031e+01 1.086909198760986328e+01 1.075138282775878906e+01 1.063842487335205078e+01 1.053967761993408203e+01 1.046264266967773438e+01 1.045261478424072266e+01 1.047915267944335938e+01 1.049830627441406250e+01 1.050340175628662109e+01 1.049381446838378906e+01 1.045869636535644531e+01 1.040330505371093750e+01 1.033482074737548828e+01 1.028233051300048828e+01 1.022485065460205078e+01 1.013862991333007812e+01 1.000775432586669922e+01 9.846642494201660156e+00 9.636805534362792969e+00 9.371978759765625000e+00 9.055493354797363281e+00 8.668725013732910156e+00 8.234090805053710938e+00 7.752521038055419922e+00 7.218441486358642578e+00 6.657413005828857422e+00 6.072547912597656250e+00 5.476506233215332031e+00 4.858284950256347656e+00 4.246949672698974609e+00 3.657315492630004883e+00 3.102502346038818359e+00 2.618730068206787109e+00 2.196833133697509766e+00 1.821815013885498047e+00 1.481053233146667480e+00 1.171358346939086914e+00 9.053721427917480469e-01 6.867431998252868652e-01 5.108651518821716309e-01 3.663511574268341064e-01 2.452332973480224609e-01 1.648647338151931763e-01 8.870038390159606934e-02 2.599145285785198212e-02 -5.711607635021209717e-02 -1.454908400774002075e-01 -2.375143915414810181e-01 -3.311468064785003662e-01 -4.534426629543304443e-01 -5.926893949508666992e-01 -7.431218624114990234e-01 -8.967051506042480469e-01 -1.044829607009887695e+00 -1.177094817161560059e+00 -1.291901588439941406e+00 -1.360462069511413574e+00 -1.377173542976379395e+00 -1.340532660484313965e+00 -1.255174517631530762e+00 -1.114452958106994629e+00 -9.090113639831542969e-01 -6.629257202148437500e-01 -4.054532647132873535e-01 -1.615224331617355347e-01 6.231627985835075378e-02 2.464591264724731445e-01 3.987782299518585205e-01 5.097159743309020996e-01 6.210846304893493652e-01 7.439454793930053711e-01 8.742284178733825684e-01 1.024114966392517090e+00 1.186738729476928711e+00 1.400789976119995117e+00 1.685268998146057129e+00 2.026145935058593750e+00 2.394220829010009766e+00 2.738478183746337891e+00 3.019318103790283203e+00 3.234241008758544922e+00 3.377845287322998047e+00 3.476246833801269531e+00 3.541733026504516602e+00 3.588477373123168945e+00 3.634752511978149414e+00 3.680749893188476562e+00 3.720915079116821289e+00 3.756952524185180664e+00 3.789504051208496094e+00 3.839926004409790039e+00 3.903219223022460938e+00 3.999035120010375977e+00 4.125018119812011719e+00 4.296212673187255859e+00 4.460129261016845703e+00 4.597748756408691406e+00 4.684935569763183594e+00 4.742616653442382812e+00 4.828357696533203125e+00 4.978598594665527344e+00 5.237737655639648438e+00 5.628748893737792969e+00 6.133600234985351562e+00 6.712125301361083984e+00 7.308817863464355469e+00 7.888166904449462891e+00 8.460083961486816406e+00 8.990831375122070312e+00 9.502557754516601562e+00 9.983447074890136719e+00 1.041966152191162109e+01 1.082577514648437500e+01 1.123784637451171875e+01 1.165250301361083984e+01 1.208717441558837891e+01 1.251614952087402344e+01 1.293739414215087891e+01 1.331075572967529297e+01 1.364280319213867188e+01 1.391424846649169922e+01 1.411353111267089844e+01 1.427192306518554688e+01 1.440427398681640625e+01 1.451788425445556641e+01 1.463768005371093750e+01 1.479243183135986328e+01 1.497173786163330078e+01 1.518421840667724609e+01 1.543421173095703125e+01 1.569945144653320312e+01 1.593237781524658203e+01 1.613471603393554688e+01 1.627480697631835938e+01 1.632057380676269531e+01 1.625526046752929688e+01 1.609346961975097656e+01 1.582046413421630859e+01 1.545479202270507812e+01 1.506300449371337891e+01 1.467007827758789062e+01 1.429710006713867188e+01 1.395641517639160156e+01 1.362364006042480469e+01 1.331653022766113281e+01 1.299158954620361328e+01 1.268321704864501953e+01 1.241837024688720703e+01 1.220373439788818359e+01 1.207614231109619141e+01 1.205388545989990234e+01 1.211526393890380859e+01 1.225965309143066406e+01 1.245182132720947266e+01 1.266819000244140625e+01 1.284553432464599609e+01 1.294001865386962891e+01 1.293030738830566406e+01 1.281670761108398438e+01 1.262961483001708984e+01 1.238633632659912109e+01 1.211547470092773438e+01 1.181746387481689453e+01 1.152603244781494141e+01 1.124381256103515625e+01 1.095849132537841797e+01 1.065807628631591797e+01 1.030452919006347656e+01 9.902102470397949219e+00 9.458523750305175781e+00 8.984299659729003906e+00 8.519900321960449219e+00 8.102591514587402344e+00 7.784612655639648438e+00 7.572170257568359375e+00 7.449280738830566406e+00 7.419582843780517578e+00 7.461328506469726562e+00 7.529438972473144531e+00 7.671156406402587891e+00 7.876023292541503906e+00 8.106221199035644531e+00 8.345143318176269531e+00 8.528825759887695312e+00 8.643873214721679688e+00 8.691804885864257812e+00 8.685588836669921875e+00 8.645951271057128906e+00 8.595155715942382812e+00 8.528471946716308594e+00 8.439896583557128906e+00 8.298983573913574219e+00 8.091434478759765625e+00 7.860020637512207031e+00 7.639706134796142578e+00 7.423701286315917969e+00 7.199527263641357422e+00 6.967672824859619141e+00 6.737743377685546875e+00 6.485739231109619141e+00 6.222338676452636719e+00 5.944295406341552734e+00 5.682475090026855469e+00 5.444951057434082031e+00 5.251451492309570312e+00 5.126838207244873047e+00 5.041594982147216797e+00 4.969395637512207031e+00 4.896458625793457031e+00 4.819135189056396484e+00 4.763838768005371094e+00 4.730147361755371094e+00 4.710457801818847656e+00 4.691007137298583984e+00 4.643888950347900391e+00 4.588899612426757812e+00 4.514535427093505859e+00 4.399815082550048828e+00 4.268440246582031250e+00 4.119549751281738281e+00 3.974202394485473633e+00 3.821481227874755859e+00 3.675894498825073242e+00 3.548149347305297852e+00 3.434491872787475586e+00 3.312598466873168945e+00 3.173571825027465820e+00 3.009253025054931641e+00 2.818224430084228516e+00 2.612437963485717773e+00 2.373142242431640625e+00 2.100653409957885742e+00 1.777694702148437500e+00 1.394354343414306641e+00 9.467726945877075195e-01 4.433678686618804932e-01 -5.191586911678314209e-02 -5.037304759025573730e-01 -9.015606045722961426e-01 -1.233483195304870605e+00 -1.491530179977416992e+00 -1.691340684890747070e+00 -1.836323976516723633e+00 -1.934572339057922363e+00 -2.015754938125610352e+00 -2.093269824981689453e+00 -2.187706470489501953e+00 -2.297906875610351562e+00 -2.435142517089843750e+00 -2.581504821777343750e+00 -2.753504276275634766e+00 -2.952280521392822266e+00 -3.190570592880249023e+00 -3.454478740692138672e+00 -3.727896451950073242e+00 -3.986949205398559570e+00 -4.209858894348144531e+00 -4.386014461517333984e+00 -4.529963970184326172e+00 -4.609575748443603516e+00 -4.645517349243164062e+00 -4.657670497894287109e+00 -4.639340400695800781e+00 -4.584896564483642578e+00 -4.485105991363525391e+00 -4.347257137298583984e+00 -4.148108005523681641e+00 -3.922861099243164062e+00 -3.651837587356567383e+00 -3.352006912231445312e+00 -3.041316270828247070e+00 -2.741600275039672852e+00 -2.447812795639038086e+00 -2.153479099273681641e+00 -1.859921216964721680e+00 -1.588868856430053711e+00 -1.332603096961975098e+00 -1.090817451477050781e+00 -8.673234581947326660e-01 -6.810833811759948730e-01 -5.347976088523864746e-01 -4.471890032291412354e-01 -3.937983214855194092e-01 -3.730836510658264160e-01 -3.855335116386413574e-01 -4.186405241489410400e-01 -4.764940142631530762e-01 -5.460886955261230469e-01 -6.380643248558044434e-01 -7.604367733001708984e-01 -8.850980997085571289e-01 -9.934500455856323242e-01 -1.094523668289184570e+00 -1.174001574516296387e+00 -1.215689420700073242e+00 -1.234661102294921875e+00 -1.245511651039123535e+00 -1.261370897293090820e+00 -1.269041895866394043e+00 -1.278120636940002441e+00 -1.240656137466430664e+00 -1.204044103622436523e+00 -1.141517043113708496e+00 -1.082093000411987305e+00 -1.026403784751892090e+00 -9.794774651527404785e-01 -9.416969418525695801e-01 -8.932479023933410645e-01 -8.646611571311950684e-01 -7.818887829780578613e-01 -6.744369864463806152e-01 -5.564220547676086426e-01 -4.023982584476470947e-01 -2.440744936466217041e-01 -1.176798045635223389e-01 1.806185767054557800e-02 1.859432756900787354e-01 3.737636208534240723e-01 5.805652141571044922e-01 8.185009956359863281e-01 1.085195899009704590e+00 1.497582793235778809e+00 1.632548689842224121e+00 1.922199249267578125e+00 2.242016553878784180e+00 2.586532831192016602e+00 2.902624845504760742e+00 3.209896802902221680e+00 3.495362043380737305e+00 3.766730546951293945e+00 4.053957939147949219e+00 4.383295059204101562e+00 4.751647472381591797e+00 5.144057273864746094e+00 5.533545970916748047e+00 5.902856349945068359e+00 6.211277484893798828e+00 6.458406925201416016e+00 6.670198440551757812e+00 6.822689533233642578e+00 6.979615211486816406e+00 7.143407344818115234e+00 7.336418151855468750e+00 7.558073043823242188e+00 7.798480033874511719e+00 8.078907966613769531e+00 8.394741058349609375e+00 8.723436355590820312e+00 9.058175086975097656e+00 9.387377738952636719e+00 9.725189208984375000e+00 1.010098361968994141e+01 1.049382400512695312e+01 1.089813804626464844e+01 1.132108783721923828e+01 1.175306892395019531e+01 1.217096328735351562e+01 1.255332660675048828e+01 1.291384506225585938e+01 1.324783611297607422e+01 1.356159210205078125e+01 1.385476684570312500e+01 1.412678623199462891e+01 1.438218975067138672e+01 1.462990379333496094e+01 1.486598110198974609e+01 1.507794570922851562e+01 1.526085281372070312e+01 1.537857055664062500e+01 1.543155002593994141e+01 1.541880226135253906e+01 1.534411334991455078e+01 1.522899055480957031e+01 1.510283470153808594e+01 1.495281410217285156e+01 1.478993129730224609e+01 1.462685871124267578e+01 1.443418216705322266e+01 1.423562622070312500e+01 1.401633644104003906e+01 1.377839183807373047e+01 1.354250526428222656e+01 1.331080341339111328e+01 1.307011890411376953e+01 1.280325222015380859e+01 1.251221275329589844e+01 1.221555233001708984e+01 1.188187694549560547e+01 1.152483463287353516e+01 1.115629959106445312e+01 1.078257465362548828e+01 1.040789127349853516e+01 1.005701637268066406e+01 9.706399917602539062e+00 9.382915496826171875e+00 9.084990501403808594e+00 8.805030822753906250e+00 8.558744430541992188e+00 8.325635910034179688e+00 8.108673095703125000e+00 7.901947975158691406e+00 7.693240165710449219e+00 7.488325595855712891e+00 7.278172016143798828e+00 7.089643001556396484e+00 6.918965339660644531e+00 6.755000591278076172e+00 6.602289199829101562e+00 6.464976787567138672e+00 6.333286285400390625e+00 6.210386753082275391e+00 6.091931343078613281e+00 5.987295150756835938e+00 5.890444755554199219e+00 5.795548439025878906e+00 5.694331169128417969e+00 5.592347621917724609e+00 5.493342876434326172e+00 5.416450023651123047e+00 5.348589420318603516e+00 5.313758373260498047e+00 5.320461750030517578e+00 5.374360561370849609e+00 5.444462299346923828e+00 5.526612281799316406e+00 5.588123798370361328e+00 5.641639709472656250e+00 5.659672260284423828e+00 5.660246849060058594e+00 5.645460605621337891e+00 5.601292610168457031e+00 5.532598018646240234e+00 5.432079792022705078e+00 5.313451766967773438e+00 5.185438632965087891e+00 5.048806190490722656e+00 4.912442207336425781e+00 4.776001453399658203e+00 4.633249282836914062e+00 4.500332832336425781e+00 4.378669261932373047e+00 4.265308380126953125e+00 4.144295692443847656e+00 4.027257919311523438e+00 3.903286218643188477e+00 3.787780284881591797e+00 3.659412860870361328e+00 3.540871143341064453e+00 3.406786203384399414e+00 3.259868383407592773e+00 3.115182161331176758e+00 2.978568792343139648e+00 2.858016014099121094e+00 2.764603853225708008e+00 2.697068214416503906e+00 2.653666019439697266e+00 2.620626211166381836e+00 2.561326742172241211e+00 2.514189481735229492e+00 2.481331586837768555e+00 2.468163251876831055e+00 2.474120140075683594e+00 2.499517917633056641e+00 2.519744157791137695e+00 2.554842948913574219e+00 2.581648349761962891e+00 2.600524425506591797e+00 2.626985073089599609e+00 2.639415740966796875e+00 2.635958433151245117e+00 2.638142108917236328e+00 2.634799718856811523e+00 2.628249168395996094e+00 2.633918762207031250e+00 2.636150121688842773e+00 2.643591403961181641e+00 2.637529373168945312e+00 2.621057033538818359e+00 2.619553565979003906e+00 2.608798742294311523e+00 2.611192941665649414e+00 2.613261461257934570e+00 2.621085882186889648e+00 2.617245674133300781e+00 2.621085882186889648e+00 2.654422521591186523e+00 2.737482309341430664e+00 2.846791982650756836e+00 2.976395130157470703e+00 3.119817256927490234e+00 3.265288829803466797e+00 3.402486324310302734e+00 3.512916564941406250e+00 3.614794492721557617e+00 3.709614515304565430e+00 3.801705121994018555e+00 3.917258739471435547e+00 4.054666519165039062e+00 4.197188854217529297e+00 4.325920581817626953e+00 4.436024665832519531e+00 4.521114826202392578e+00 4.606970787048339844e+00 4.681870937347412109e+00 4.746907234191894531e+00 4.809156417846679688e+00 4.866301059722900391e+00 4.912930488586425781e+00 4.934976577758789062e+00 4.950346946716308594e+00 4.956208229064941406e+00 4.954570770263671875e+00 4.932735443115234375e+00 4.916138648986816406e+00 4.886048316955566406e+00 4.853611946105957031e+00 4.816176414489746094e+00 4.768512248992919922e+00 4.728394985198974609e+00 4.672198295593261719e+00 4.621805191040039062e+00 4.572168350219726562e+00 4.513855457305908203e+00 4.437566757202148438e+00 4.353980541229248047e+00 4.284261226654052734e+00 4.210826396942138672e+00 4.132229328155517578e+00 4.066465377807617188e+00 4.015746593475341797e+00 3.960220098495483398e+00 3.911866903305053711e+00 3.890175580978393555e+00 3.853247404098510742e+00 3.805679559707641602e+00 3.789935111999511719e+00 3.780042171478271484e+00 3.780358314514160156e+00 3.791371583938598633e+00 3.844972848892211914e+00 3.931576251983642578e+00 4.048374652862548828e+00 4.182306766510009766e+00 4.353663921356201172e+00 4.529188156127929688e+00 4.688756942749023438e+00 4.835741519927978516e+00 4.968150615692138672e+00 5.081472873687744141e+00 5.190409183502197266e+00 5.287699699401855469e+00 5.354718208312988281e+00 5.400179386138916016e+00 5.457094192504882812e+00 5.466987133026123047e+00 5.477043151855468750e+00 5.489990711212158203e+00 5.484972476959228516e+00 5.457353115081787109e+00 5.426285743713378906e+00 5.359008789062500000e+00 5.283323287963867188e+00 5.194153308868408203e+00 5.096518039703369141e+00 4.994640350341796875e+00 4.897712707519531250e+00 4.786411762237548828e+00 4.674803256988525391e+00 4.566843986511230469e+00 4.467417716979980469e+00 4.383256435394287109e+00 4.293570041656494141e+00 4.209054470062255859e+00 4.143731117248535156e+00 4.074107646942138672e+00 4.020295619964599609e+00 3.985321044921875000e+00 3.976510524749755859e+00 3.990214824676513672e+00 4.024739265441894531e+00 4.070985794067382812e+00 4.125535011291503906e+00 4.207751750946044922e+00 4.304487228393554688e+00 4.424216747283935547e+00 4.550419807434082031e+00 4.670742511749267578e+00 4.786200523376464844e+00 4.895443439483642578e+00 4.991354942321777344e+00 5.085734367370605469e+00 5.190044879913330078e+00 5.295246124267578125e+00 5.436657428741455078e+00 5.618070602416992188e+00 5.809645652770996094e+00 6.022633075714111328e+00 6.230315685272216797e+00 6.420597553253173828e+00 6.593535423278808594e+00 6.729344367980957031e+00 6.855174541473388672e+00 6.985696315765380859e+00 7.074166774749755859e+00 7.153606414794921875e+00 7.223431110382080078e+00 7.274743556976318359e+00 7.325232505798339844e+00 7.377397537231445312e+00 7.411816596984863281e+00 7.440517902374267578e+00 7.496006011962890625e+00 7.561760425567626953e+00 7.644005775451660156e+00 7.753966808319091797e+00 7.892610549926757812e+00 8.045848846435546875e+00 8.229072570800781250e+00 8.437032699584960938e+00 8.635991096496582031e+00 8.813640594482421875e+00 8.992803573608398438e+00 9.161106109619140625e+00 9.299576759338378906e+00 9.431229591369628906e+00 9.560478210449218750e+00 9.680628776550292969e+00 9.809389114379882812e+00 9.923621177673339844e+00 1.002006912231445312e+01 1.009732532501220703e+01 1.014161777496337891e+01 1.016948604583740234e+01 1.017190074920654297e+01 1.013933849334716797e+01 1.008692455291748047e+01 9.988925933837890625e+00 9.846585273742675781e+00 9.680915832519531250e+00 9.467353820800781250e+00 9.220779418945312500e+00 8.953194618225097656e+00 8.673771858215332031e+00 8.382827758789062500e+00 8.090735435485839844e+00 7.789219379425048828e+00 7.485260963439941406e+00 7.188217163085937500e+00 6.870420455932617188e+00 6.558427333831787109e+00 6.236943244934082031e+00 5.914348602294921875e+00 5.606597423553466797e+00 5.305886268615722656e+00 5.006859779357910156e+00 4.712440013885498047e+00 4.445506095886230469e+00 4.197571754455566406e+00 3.923081636428833008e+00 3.630232095718383789e+00 3.319560527801513672e+00 2.982983827590942383e+00 2.613127470016479492e+00 2.231683254241943359e+00 1.853198409080505371e+00 1.491252422332763672e+00 1.156313180923461914e+00 8.557834625244140625e-01 5.824230909347534180e-01 3.446405231952667236e-01 1.339316368103027344e-01 -4.540364071726799011e-02 -1.926183104515075684e-01 -2.843832671642303467e-01 -3.316352665424346924e-01 -3.346710801124572754e-01 -3.010181784629821777e-01 -2.406364232301712036e-01 -1.758110225200653076e-01 -6.505525112152099609e-02 7.238151133060455322e-02 2.335495948791503906e-01 4.410023689270019531e-01 6.823666095733642578e-01 9.358742833137512207e-01 1.236509442329406738e+00 1.556777000427246094e+00 1.907278537750244141e+00 2.284537553787231445e+00 2.677598714828491211e+00 3.088414907455444336e+00 3.523575544357299805e+00 3.981260538101196289e+00 4.427099227905273438e+00 4.863236427307128906e+00 5.303156852722167969e+00 5.695901870727539062e+00 6.061477184295654297e+00 6.445746421813964844e+00 6.842360496520996094e+00 7.267465114593505859e+00 7.700882911682128906e+00 8.125834465026855469e+00 8.525791168212890625e+00 8.921916007995605469e+00 9.329677581787109375e+00 9.758498191833496094e+00 1.020750713348388672e+01 1.068354129791259766e+01 1.120304393768310547e+01 1.171988582611083984e+01 1.217850017547607422e+01 1.254284000396728516e+01 1.282903289794921875e+01 1.304748916625976562e+01 1.322262001037597656e+01 1.335428237915039062e+01 1.340975093841552734e+01 1.339070320129394531e+01 1.329110431671142578e+01 1.309261512756347656e+01 1.281848907470703125e+01 1.245691680908203125e+01 1.201853847503662109e+01 1.152766036987304688e+01 1.103391838073730469e+01 1.054336547851562500e+01 1.004573535919189453e+01 9.537360191345214844e+00 9.026322364807128906e+00 8.522476196289062500e+00 8.021312713623046875e+00 7.533020496368408203e+00 7.067309856414794922e+00 6.661770343780517578e+00 6.296214580535888672e+00 5.935561180114746094e+00 5.586850643157958984e+00 5.226360321044921875e+00 4.871098995208740234e+00 4.481610298156738281e+00 4.047608852386474609e+00 3.605217456817626953e+00 3.143203973770141602e+00 2.684369325637817383e+00 2.236845254898071289e+00 1.804528951644897461e+00 1.357598543167114258e+00 8.555535674095153809e-01 2.737626135349273682e-01 -3.547249138355255127e-01 -1.008418560028076172e+00 -1.661489725112915039e+00 -2.292993783950805664e+00 -2.917727470397949219e+00 -3.544290065765380859e+00 -4.197926044464111328e+00 -4.891660690307617188e+00 -5.624171257019042969e+00 -6.362600803375244141e+00 -7.120461463928222656e+00 -7.908651351928710938e+00 -8.736040115356445312e+00 -9.617106437683105469e+00 -1.050534534454345703e+01 -1.137929630279541016e+01 -1.218683147430419922e+01 -1.287578678131103516e+01 -1.342221069335937500e+01 -1.381258964538574219e+01 -1.403389072418212891e+01 -1.406864547729492188e+01 -1.395584964752197266e+01 -1.368009471893310547e+01 -1.326619529724121094e+01 -1.272553634643554688e+01 -1.209231853485107422e+01 -1.144174575805664062e+01 -1.079840564727783203e+01 -1.016040802001953125e+01 -9.556629180908203125e+00 -9.002121925354003906e+00 -8.490107536315917969e+00 -8.049305915832519531e+00 -7.663782119750976562e+00 -7.324121475219726562e+00 -7.013986110687255859e+00 -6.716683864593505859e+00 -6.404403209686279297e+00 -6.088656425476074219e+00 -5.794638633728027344e+00 -5.572734355926513672e+00 -5.444299697875976562e+00 -5.413155555725097656e+00 -5.463472843170166016e+00 -5.596072673797607422e+00 -5.763264656066894531e+00 -5.940799713134765625e+00 -6.127384662628173828e+00 -6.306739330291748047e+00 -6.469726562500000000e+00 -6.643996238708496094e+00 -6.812710285186767578e+00 -6.976454734802246094e+00 -7.125288009643554688e+00 -7.273977756500244141e+00 -7.381170272827148438e+00 -7.433862209320068359e+00 -7.434982776641845703e+00 -7.362141609191894531e+00 -7.216344356536865234e+00 -6.964713573455810547e+00 -6.611607074737548828e+00 -6.174617767333984375e+00 -5.688096523284912109e+00 -5.166629791259765625e+00 -4.612515449523925781e+00 -4.033875465393066406e+00 -3.415558576583862305e+00 -2.770742654800415039e+00 -2.085713624954223633e+00 -1.352225899696350098e+00 -5.748956799507141113e-01 2.649998068809509277e-01 1.141718149185180664e+00 2.012853384017944336e+00 2.881067276000976562e+00 3.717926979064941406e+00 4.523662090301513672e+00 5.291109561920166016e+00 6.009494304656982422e+00 6.670696258544921875e+00 7.267590045928955078e+00 7.797282695770263672e+00 8.273048400878906250e+00 8.659703254699707031e+00 8.993206024169921875e+00 9.292031288146972656e+00 9.544407844543457031e+00 9.748518943786621094e+00 9.919972419738769531e+00 1.007590198516845703e+01 1.020745944976806641e+01 1.031306266784667969e+01 1.037186336517333984e+01 1.038719654083251953e+01 1.035764217376708984e+01 1.030490207672119141e+01 1.025278568267822266e+01 1.020203781127929688e+01 1.018930053710937500e+01 1.019135093688964844e+01 1.020753479003906250e+01 1.022930335998535156e+01 1.026353168487548828e+01 1.028573894500732422e+01 1.029692459106445312e+01 1.032571315765380859e+01 1.034778785705566406e+01 1.039326763153076172e+01 1.047495841979980469e+01 1.062293815612792969e+01 1.081262683868408203e+01 1.103277873992919922e+01 1.127197837829589844e+01 1.152535152435302734e+01 1.177008724212646484e+01 1.197856426239013672e+01 1.213871765136718750e+01 1.227804088592529297e+01 1.240810394287109375e+01 1.255915832519531250e+01 1.273308277130126953e+01 1.290228652954101562e+01 1.305000782012939453e+01 1.320355319976806641e+01 1.336547756195068359e+01 1.355793380737304688e+01 1.375195884704589844e+01 1.393208026885986328e+01 1.412160491943359375e+01 1.431218338012695312e+01 1.450946617126464844e+01 1.470564651489257812e+01 1.488304710388183594e+01 1.501469039916992188e+01 1.511958503723144531e+01 1.519016647338867188e+01 1.521894454956054688e+01 1.522128105163574219e+01 1.522565746307373047e+01 1.521118640899658203e+01 1.519414043426513672e+01 1.517806053161621094e+01 1.513125896453857422e+01 1.506555271148681641e+01 1.497335624694824219e+01 1.487232112884521484e+01 1.473824596405029297e+01 1.455260944366455078e+01 1.431407070159912109e+01 1.401769638061523438e+01 1.368595600128173828e+01 1.331358146667480469e+01 1.293536472320556641e+01 1.255944633483886719e+01 1.219755744934082031e+01 1.183959579467773438e+01 1.148822307586669922e+01 1.116266918182373047e+01 1.083734512329101562e+01 1.050765323638916016e+01 1.019770050048828125e+01 9.905837059020996094e+00 9.617403030395507812e+00 9.315954208374023438e+00 9.006824493408203125e+00 8.678292274475097656e+00 8.351760864257812500e+00 8.060377120971679688e+00 7.805231571197509766e+00 7.571624279022216797e+00 7.329139709472656250e+00 7.088742733001708984e+00 6.819921970367431641e+00 6.682044506072998047e+00 6.270433425903320312e+00 6.154046535491943359e+00 5.930408477783203125e+00 5.743747711181640625e+00 5.586227893829345703e+00 5.447756767272949219e+00 5.295198440551757812e+00 5.146269321441650391e+00 5.002550125122070312e+00 4.857720375061035156e+00 4.704156398773193359e+00 4.537855148315429688e+00 4.379004478454589844e+00 4.154801845550537109e+00 4.077306270599365234e+00 3.931394100189208984e+00 3.796954870223999023e+00 3.644118547439575195e+00 3.456901550292968750e+00 3.247131347656250000e+00 3.021999835968017578e+00 2.644855499267578125e+00 2.502381324768066406e+00 2.197723865509033203e+00 1.855669021606445312e+00 1.508663058280944824e+00 1.163361787796020508e+00 8.207132220268249512e-01 4.739466011524200439e-01 1.251401305198669434e-01 -2.210518419742584229e-01 -5.981290340423583984e-01 -9.915825724601745605e-01 -1.394258499145507812e+00 -1.785183787345886230e+00 -2.159953117370605469e+00 -2.498406887054443359e+00 -2.781238794326782227e+00 -3.016780376434326172e+00 -3.217807054519653320e+00 -3.408395051956176758e+00 -3.584522247314453125e+00 -3.742127656936645508e+00 -3.873799324035644531e+00 -3.995089292526245117e+00 -4.092112064361572266e+00 -4.181329727172851562e+00 -4.237976551055908203e+00 -4.257618427276611328e+00 -4.254410266876220703e+00 -4.241778373718261719e+00 -4.217089176177978516e+00 -4.174281120300292969e+00 -4.127077102661132812e+00 -4.072891235351562500e+00 -4.007251739501953125e+00 -3.945337772369384766e+00 -3.888815641403198242e+00 -3.840816736221313477e+00 -3.794397830963134766e+00 -3.778998374938964844e+00 -3.797807216644287109e+00 -3.851571559906005859e+00 -3.914673089981079102e+00 -3.974068403244018555e+00 -4.040454864501953125e+00 -4.107799053192138672e+00 -4.163190841674804688e+00 -4.208508968353271484e+00 -4.227748394012451172e+00 -4.251259326934814453e+00 -4.266304492950439453e+00 -4.316908836364746094e+00 -4.400715351104736328e+00 -4.507802963256835938e+00 -4.622868061065673828e+00 -4.734840393066406250e+00 -4.837312221527099609e+00 -4.944667816162109375e+00 -5.059742927551269531e+00 -5.199506759643554688e+00 -5.369888305664062500e+00 -5.554978847503662109e+00 -5.734141826629638672e+00 -5.904570579528808594e+00 -6.032402038574218750e+00 -6.123295307159423828e+00 -6.128821372985839844e+00 -6.053260326385498047e+00 -5.882831573486328125e+00 -5.612573623657226562e+00 -5.271563053131103516e+00 -4.865582942962646484e+00 -4.423374176025390625e+00 -3.965085268020629883e+00 -3.487605094909667969e+00 -3.002319335937500000e+00 -2.531542778015136719e+00 -2.115286827087402344e+00 -1.741504073143005371e+00 -1.410366773605346680e+00 -1.116588592529296875e+00 -8.468099832534790039e-01 -5.942312479019165039e-01 -3.539779484272003174e-01 -1.451269239187240601e-01 2.707363292574882507e-02 1.619150638580322266e-01 2.617437243461608887e-01 3.069270849227905273e-01 2.516880631446838379e-01 1.303595006465911865e-01 -3.196737915277481079e-02 -1.989390105009078979e-01 -3.777188360691070557e-01 -5.392125248908996582e-01 -6.481582522392272949e-01 -6.920775175094604492e-01 -6.886203289031982422e-01 -6.178764104843139648e-01 -5.036346912384033203e-01 -3.558837175369262695e-01 -1.760504394769668579e-01 2.025494538247585297e-02 2.407034635543823242e-01 4.773942530155181885e-01 7.006200551986694336e-01 8.834508657455444336e-01 1.051456809043884277e+00 1.219232916831970215e+00 1.406373262405395508e+00 1.623058080673217773e+00 1.852470517158508301e+00 2.110622882843017578e+00 2.360501050949096680e+00 2.599298477172851562e+00 2.809854269027709961e+00 2.962202072143554688e+00 3.066876649856567383e+00 3.130380392074584961e+00 3.135379314422607422e+00 3.079221248626708984e+00 2.975820302963256836e+00 2.817391157150268555e+00 2.602736473083496094e+00 2.341510057449340820e+00 2.053190708160400391e+00 1.777187108993530273e+00 1.501308083534240723e+00 1.250759601593017578e+00 1.033318400382995605e+00 8.570572137832641602e-01 7.521432638168334961e-01 7.178295254707336426e-01 7.672363519668579102e-01 8.972318768501281738e-01 1.079066634178161621e+00 1.308143973350524902e+00 1.568307518959045410e+00 1.849587917327880859e+00 2.180859088897705078e+00 2.543264627456665039e+00 2.934659242630004883e+00 3.372673511505126953e+00 3.821356773376464844e+00 4.284768581390380859e+00 4.717917919158935547e+00 5.142965316772460938e+00 5.564421653747558594e+00 5.951066017150878906e+00 6.312475681304931641e+00 6.644110679626464844e+00 6.917346477508544922e+00 7.158452033996582031e+00 7.337797164916992188e+00 7.464766502380371094e+00 7.557891368865966797e+00 7.610180854797363281e+00 7.623042583465576172e+00 7.610669612884521484e+00 7.617286682128906250e+00 7.594015121459960938e+00 7.574526309967041016e+00 7.530999660491943359e+00 7.479696750640869141e+00 7.436151027679443359e+00 7.405333042144775391e+00 7.393084049224853516e+00 7.393304347991943359e+00 7.424486160278320312e+00 7.487817764282226562e+00 7.593363761901855469e+00 7.700634002685546875e+00 7.812222480773925781e+00 7.912300109863281250e+00 7.965020656585693359e+00 7.978418350219726562e+00 7.961745738983154297e+00 7.924415111541748047e+00 7.880017280578613281e+00 7.880486488342285156e+00 7.909705162048339844e+00 7.939986705780029297e+00 7.981348991394042969e+00 8.027652740478515625e+00 8.040169715881347656e+00 8.029664039611816406e+00 7.998424530029296875e+00 7.971408367156982422e+00 7.945952892303466797e+00 7.899506092071533203e+00 7.856946468353271484e+00 7.828656196594238281e+00 7.807261943817138672e+00 7.813391208648681641e+00 7.843126773834228516e+00 7.918496608734130859e+00 8.009323120117187500e+00 8.136646270751953125e+00 8.277521133422851562e+00 8.434542655944824219e+00 8.607117652893066406e+00 8.791805267333984375e+00 8.978869438171386719e+00 9.148934364318847656e+00 9.279513359069824219e+00 9.352575302124023438e+00 9.377753257751464844e+00 9.341283798217773438e+00 9.256155967712402344e+00 9.161058425903320312e+00 9.069877624511718750e+00 8.972941398620605469e+00 8.876608848571777344e+00 8.788549423217773438e+00 8.702185630798339844e+00 8.605288505554199219e+00 8.505564689636230469e+00 8.414087295532226562e+00 8.324926376342773438e+00 8.218193054199218750e+00 8.091434478759765625e+00 7.970038890838623047e+00 7.865249633789062500e+00 7.767403125762939453e+00 7.691717624664306641e+00 7.626930713653564453e+00 7.552949905395507812e+00 7.482148647308349609e+00 7.401827812194824219e+00 7.325644016265869141e+00 7.246674060821533203e+00 7.167923927307128906e+00 7.081962585449218750e+00 7.002110958099365234e+00 6.929930686950683594e+00 6.869884490966796875e+00 6.833588123321533203e+00 6.806437492370605469e+00 6.768800735473632812e+00 6.746553897857666016e+00 6.720591545104980469e+00 6.689667701721191406e+00 6.669058799743652344e+00 6.639485359191894531e+00 6.596973419189453125e+00 6.539522647857666016e+00 6.484858036041259766e+00 6.388304710388183594e+00 6.262321949005126953e+00 6.118976116180419922e+00 5.956112861633300781e+00 5.780081748962402344e+00 5.630156517028808594e+00 5.481390476226806641e+00 5.326217651367187500e+00 5.188101291656494141e+00 5.090475082397460938e+00 4.999418735504150391e+00 4.924690723419189453e+00 4.857873439788818359e+00 4.835196018218994141e+00 4.815515041351318359e+00 4.789706230163574219e+00 4.765371322631835938e+00 4.745614051818847656e+00 4.711309909820556641e+00 4.671278953552246094e+00 4.649329185485839844e+00 4.672025680541992188e+00 4.704338550567626953e+00 4.741477012634277344e+00 4.791018009185791016e+00 4.838614940643310547e+00 4.901467323303222656e+00 4.957721233367919922e+00 5.022221088409423828e+00 5.061189174652099609e+00 5.087429523468017578e+00 5.109963893890380859e+00 5.116112232208251953e+00 5.103432655334472656e+00 5.086376190185546875e+00 5.042954921722412109e+00 5.003182411193847656e+00 4.962509632110595703e+00 4.901505470275878906e+00 4.841305732727050781e+00 4.778414726257324219e+00 4.731201171875000000e+00 4.669469356536865234e+00 4.603341102600097656e+00 4.536906719207763672e+00 4.476161003112792969e+00 4.416507244110107422e+00 4.347362995147705078e+00 4.281187057495117188e+00 4.202666282653808594e+00 4.139258861541748047e+00 4.100913047790527344e+00 4.071129322052001953e+00 4.041833877563476562e+00 4.012471199035644531e+00 3.967709541320800781e+00 3.911713838577270508e+00 3.861684560775756836e+00 3.803993940353393555e+00 3.757565498352050781e+00 3.714412450790405273e+00 3.660389661788940430e+00 3.621967554092407227e+00 3.594386339187622070e+00 3.553751945495605469e+00 3.516727924346923828e+00 3.489865064620971680e+00 3.441119194030761719e+00 3.388935089111328125e+00 3.365289688110351562e+00 3.341510772705078125e+00 3.343014240264892578e+00 3.358471155166625977e+00 3.385956525802612305e+00 3.424407482147216797e+00 3.471525430679321289e+00 3.528612852096557617e+00 3.584502935409545898e+00 3.634330987930297852e+00 3.677426815032958984e+00 3.718530416488647461e+00 3.757009983062744141e+00 3.774162054061889648e+00 3.792415618896484375e+00 3.791553497314453125e+00 3.793813705444335938e+00 3.784380674362182617e+00 3.770398378372192383e+00 3.753926277160644531e+00 3.747749328613281250e+00 3.735529184341430664e+00 3.752097129821777344e+00 3.771997690200805664e+00 3.801762342453002930e+00 3.814442157745361328e+00 3.837656259536743164e+00 3.889782905578613281e+00 3.918436765670776367e+00 3.947798967361450195e+00 3.952712059020996094e+00 3.950758218765258789e+00 3.942187309265136719e+00 3.920141458511352539e+00 3.898200988769531250e+00 3.869709968566894531e+00 3.824976444244384766e+00 3.777035236358642578e+00 3.730664253234863281e+00 3.699022531509399414e+00 3.656951665878295898e+00 3.625386476516723633e+00 3.619803190231323242e+00 3.604509115219116211e+00 3.612352371215820312e+00 3.647614240646362305e+00 3.670234680175781250e+00 3.715858459472656250e+00 3.771748781204223633e+00 3.833164691925048828e+00 3.889974355697631836e+00 3.931250572204589844e+00 3.966224908828735352e+00 3.964893817901611328e+00 3.965956687927246094e+00 3.953363180160522461e+00 3.929919242858886719e+00 3.894034862518310547e+00 3.856015205383300781e+00 3.836095333099365234e+00 3.827198505401611328e+00 3.829582929611206055e+00 3.846879005432128906e+00 3.857240915298461914e+00 3.875522851943969727e+00 3.899685382843017578e+00 3.934994935989379883e+00 3.982716321945190430e+00 4.007750034332275391e+00 4.048738956451416016e+00 4.073341369628906250e+00 4.097858428955078125e+00 4.145646572113037109e+00 4.181147575378417969e+00 4.241309165954589844e+00 4.309113025665283203e+00 4.357016086578369141e+00 4.390324115753173828e+00 4.413327693939208984e+00 4.421056270599365234e+00 4.412158966064453125e+00 4.403607368469238281e+00 4.405197143554687500e+00 4.390103816986083984e+00 4.355043411254882812e+00 4.307044506072998047e+00 4.251278877258300781e+00 4.168046474456787109e+00 4.085408210754394531e+00 4.012787342071533203e+00 3.943805694580078125e+00 3.872065782546997070e+00 3.808140516281127930e+00 3.771873235702514648e+00 3.742079734802246094e+00 3.700037479400634766e+00 3.663971424102783203e+00 3.645459413528442383e+00 3.621919631958007812e+00 3.616106510162353516e+00 3.597968101501464844e+00 3.579388856887817383e+00 3.565215349197387695e+00 3.549547672271728516e+00 3.551893949508666992e+00 3.555906772613525391e+00 3.585039377212524414e+00 3.631026983261108398e+00 3.706128358840942383e+00 3.813312053680419922e+00 3.914912462234497070e+00 4.011389255523681641e+00 4.097360134124755859e+00 4.165068149566650391e+00 4.208920478820800781e+00 4.232929706573486328e+00 4.241088867187500000e+00 4.233207225799560547e+00 4.215844154357910156e+00 4.205070495605468750e+00 4.207684993743896484e+00 4.195503234863281250e+00 4.210672855377197266e+00 4.233245372772216797e+00 4.267137527465820312e+00 4.295380115509033203e+00 4.316908836364746094e+00 4.355158329010009766e+00 4.383083820343017578e+00 4.392163276672363281e+00 4.406576156616210938e+00 4.394269943237304688e+00 4.384769439697265625e+00 4.386187076568603516e+00 4.371400356292724609e+00 4.366248130798339844e+00 4.345887660980224609e+00 4.334989070892333984e+00 4.345150470733642578e+00 4.368968009948730469e+00 4.388657569885253906e+00 4.430910587310791016e+00 4.464113712310791016e+00 4.488276004791259766e+00 4.506587028503417969e+00 4.517561435699462891e+00 4.535604476928710938e+00 4.546416282653808594e+00 4.558445453643798828e+00 4.583996295928955078e+00 4.593726158142089844e+00 4.603302955627441406e+00 4.637290954589843750e+00 4.678672313690185547e+00 4.728232383728027344e+00 4.797377109527587891e+00 4.868446350097656250e+00 4.937753677368164062e+00 4.982161045074462891e+00 4.999409198760986328e+00 4.987447738647460938e+00 4.968322753906250000e+00 4.940387248992919922e+00 4.912470817565917969e+00 4.889955997467041016e+00 4.867259025573730469e+00 4.879076480865478516e+00 4.895021915435791016e+00 4.929536819458007812e+00 4.960259437561035156e+00 4.996009349822998047e+00 5.030907154083251953e+00 5.058977127075195312e+00 5.082736968994140625e+00 5.090254783630371094e+00 5.086404800415039062e+00 5.097954750061035156e+00 5.107991218566894531e+00 5.103365421295166016e+00 5.101344585418701172e+00 5.089939117431640625e+00 5.070219993591308594e+00 5.043922424316406250e+00 5.018572330474853516e+00 4.998106956481933594e+00 4.994927406311035156e+00 4.997331142425537109e+00 4.982084751129150391e+00 4.969788074493408203e+00 4.924528121948242188e+00 4.874211311340332031e+00 4.844226360321044922e+00 4.819623947143554688e+00 4.782149791717529297e+00 4.760056018829345703e+00 4.736764907836914062e+00 4.715514183044433594e+00 4.689283847808837891e+00 4.671892166137695312e+00 4.647873401641845703e+00 4.641208171844482422e+00 4.662401199340820312e+00 4.695623397827148438e+00 4.728289604187011719e+00 4.763101577758789062e+00 4.785942554473876953e+00 4.831029891967773438e+00 4.870333194732666016e+00 4.890166282653808594e+00 4.893298149108886719e+00 4.917843818664550781e+00 4.949657917022705078e+00 4.971176624298095703e+00 4.991240024566650391e+00 5.017499923706054688e+00 5.044161796569824219e+00 5.081980705261230469e+00 5.146805763244628906e+00 5.204257488250732422e+00 5.256144046783447266e+00 5.326332569122314453e+00 5.359640598297119141e+00 5.380470275878906250e+00 5.391828536987304688e+00 5.391138553619384766e+00 5.384578704833984375e+00 5.389060497283935547e+00 5.406136035919189453e+00 5.412092685699462891e+00 5.423460483551025391e+00 5.458454132080078125e+00 5.493419170379638672e+00 5.523126602172851562e+00 5.542826175689697266e+00 5.524313926696777344e+00 5.489205360412597656e+00 5.438362121582031250e+00 5.364735603332519531e+00 5.271198749542236328e+00 5.176934719085693359e+00 5.092160701751708984e+00 5.013602256774902344e+00 4.955901622772216797e+00 4.895702362060546875e+00 4.842904567718505859e+00 4.787072181701660156e+00 4.763570785522460938e+00 4.755976676940917969e+00 4.749531269073486328e+00 4.752653121948242188e+00 4.765715599060058594e+00 4.792492866516113281e+00 4.818302154541015625e+00 4.830742835998535156e+00 4.854253292083740234e+00 4.883510589599609375e+00 4.924595355987548828e+00 4.988022327423095703e+00 5.064646720886230469e+00 5.147916316986083984e+00 5.232365131378173828e+00 5.304152965545654297e+00 5.400524139404296875e+00 5.495774745941162109e+00 5.586735248565673828e+00 5.660256862640380859e+00 5.712115287780761719e+00 5.730244159698486328e+00 5.728931903839111328e+00 5.694991588592529297e+00 5.642117977142333984e+00 5.580979824066162109e+00 5.510054111480712891e+00 5.434847831726074219e+00 5.357466697692871094e+00 5.296750068664550781e+00 5.235611438751220703e+00 5.188551425933837891e+00 5.139805316925048828e+00 5.089881420135498047e+00 5.071972846984863281e+00 5.039353847503662109e+00 5.012366771697998047e+00 5.000079631805419922e+00 4.972163200378417969e+00 4.947598457336425781e+00 4.916071891784667969e+00 4.902616024017333984e+00 4.885262966156005859e+00 4.894830703735351562e+00 4.884860992431640625e+00 4.879478931427001953e+00 4.884756088256835938e+00 4.897875785827636719e+00 4.923130035400390625e+00 4.940808773040771484e+00 4.963754653930664062e+00 5.012232303619384766e+00 5.086884021759033203e+00 5.111457824707031250e+00 5.161965847015380859e+00 5.214571475982666016e+00 5.251671791076660156e+00 5.276830196380615234e+00 5.292957305908203125e+00 5.306422233581542969e+00 5.306116104125976562e+00 5.297784328460693359e+00 5.309439182281494141e+00 5.318038940429687500e+00 5.348837852478027344e+00 5.391493320465087891e+00 5.421277523040771484e+00 5.432520389556884766e+00 5.430921077728271484e+00 5.431898117065429688e+00 5.437212944030761719e+00 5.431686878204345703e+00 5.425433635711669922e+00 5.412935733795166016e+00 5.372761249542236328e+00 5.326045513153076172e+00 5.277423858642578125e+00 5.231062412261962891e+00 5.177480697631835938e+00 5.129174709320068359e+00 5.092150688171386719e+00 5.063717365264892578e+00 5.053642749786376953e+00 5.037371635437011719e+00 5.039239406585693359e+00 5.041221618652343750e+00 5.034105777740478516e+00 5.037917613983154297e+00 5.061026573181152344e+00 5.066552162170410156e+00 5.082765579223632812e+00 5.115911006927490234e+00 5.156871318817138672e+00 5.192659854888916016e+00 5.236377716064453125e+00 5.295878410339355469e+00 5.355647563934326172e+00 5.413874149322509766e+00 5.439722061157226562e+00 5.451511383056640625e+00 5.470176219940185547e+00 5.494578361511230469e+00 5.507640838623046875e+00 5.526755809783935547e+00 5.553168773651123047e+00 5.563138008117675781e+00 5.553121089935302734e+00 5.529092788696289062e+00 5.509364604949951172e+00 5.486983299255371094e+00 5.466872215270996094e+00 5.434100627899169922e+00 5.393514156341552734e+00 5.375049591064453125e+00 5.353435039520263672e+00 5.331025600433349609e+00 5.311833381652832031e+00 5.310157299041748047e+00 5.316966533660888672e+00 5.330555915832519531e+00 5.364860534667968750e+00 5.393887042999267578e+00 5.436035156250000000e+00 5.489348888397216797e+00 5.531046390533447266e+00 5.576383113861083984e+00 5.611261844635009766e+00 5.651015281677246094e+00 5.674114227294921875e+00 5.685740947723388672e+00 5.694848060607910156e+00 5.698018074035644531e+00 5.695844173431396484e+00 5.708533287048339844e+00 5.723224163055419922e+00 5.741477489471435547e+00 5.753180503845214844e+00 5.755670547485351562e+00 5.760775089263916016e+00 5.767602920532226562e+00 5.772123336791992188e+00 5.757068634033203125e+00 5.746304035186767578e+00 5.716204643249511719e+00 5.692090034484863281e+00 5.672496318817138672e+00 5.649808406829833984e+00 5.635749340057373047e+00 5.630549430847167969e+00 5.622945308685302734e+00 5.634619712829589844e+00 5.658283710479736328e+00 5.701963901519775391e+00 5.742473602294921875e+00 5.776442527770996094e+00 5.786124706268310547e+00 5.813782691955566406e+00 5.858477592468261719e+00 5.904044151306152344e+00 5.969156742095947266e+00 6.031118869781494141e+00 6.082670211791992188e+00 6.131818771362304688e+00 6.178381443023681641e+00 6.200015068054199219e+00 6.222290992736816406e+00 6.243120193481445312e+00 6.265606880187988281e+00 6.308874607086181641e+00 6.355408191680908203e+00 6.384196281433105469e+00 6.400362014770507812e+00 6.413875102996826172e+00 6.417035102844238281e+00 6.409536838531494141e+00 6.384358882904052734e+00 6.369064807891845703e+00 6.356921195983886719e+00 6.338447570800781250e+00 6.335526943206787109e+00 6.335651397705078125e+00 6.334368228912353516e+00 6.321353435516357422e+00 6.316220283508300781e+00 6.318441867828369141e+00 6.309784889221191406e+00 6.319437980651855469e+00 6.338074207305908203e+00 6.367321968078613281e+00 6.386954784393310547e+00 6.396004199981689453e+00 6.390411853790283203e+00 6.389511108398437500e+00 6.396397113800048828e+00 6.404029846191406250e+00 6.409239768981933594e+00 6.411097526550292969e+00 6.420396327972412109e+00 6.417753219604492188e+00 6.400151252746582031e+00 6.391119956970214844e+00 6.382472515106201172e+00 6.351299762725830078e+00 6.309947490692138672e+00 6.277146816253662109e+00 6.269063949584960938e+00 6.265377044677734375e+00 6.257858753204345703e+00 6.254880905151367188e+00 6.256489753723144531e+00 6.274446487426757812e+00 6.371277332305908203e+00 6.311450481414794922e+00 5.843671798706054688e+00 5.257264614105224609e+00 4.942187786102294922e+00 5.066168785095214844e+00 5.565302848815917969e+00 6.313835620880126953e+00 7.094996452331542969e+00 7.672793865203857422e+00 7.905912399291992188e+00 7.964312076568603516e+00 8.060645103454589844e+00 8.300209045410156250e+00 8.657730102539062500e+00 9.037345886230468750e+00 9.295784950256347656e+00 9.365140914916992188e+00 9.166220664978027344e+00 8.649216651916503906e+00 8.182892799377441406e+00 7.875726699829101562e+00 7.658141613006591797e+00 7.503791809082031250e+00 7.434245109558105469e+00 7.442644119262695312e+00 7.486994266510009766e+00 7.498112678527832031e+00 7.505209445953369141e+00 7.508034706115722656e+00 7.527858257293701172e+00 7.530616760253906250e+00 7.510572433471679688e+00 7.508743286132812500e+00 7.495297431945800781e+00 7.467984199523925781e+00 7.419908523559570312e+00 7.349883079528808594e+00 7.258913040161132812e+00 6.919070243835449219e+00 6.475347995758056641e+00 6.225403308868408203e+00 6.112234592437744141e+00 6.036558151245117188e+00 5.984211444854736328e+00 5.963410854339599609e+00 5.936403751373291016e+00 5.912395000457763672e+00 5.900538921356201172e+00 5.935474872589111328e+00 6.001200675964355469e+00 6.097437858581542969e+00 6.226456642150878906e+00 6.387538433074951172e+00 6.560763835906982422e+00 6.715103626251220703e+00 6.842647552490234375e+00 6.968822479248046875e+00 7.091194152832031250e+00 7.199182510375976562e+00 7.303742408752441406e+00 7.425635814666748047e+00 7.538019657135009766e+00 7.618838310241699219e+00 7.677045822143554688e+00 7.684908866882324219e+00 7.669441699981689453e+00 7.603936672210693359e+00 7.450142383575439453e+00 7.241215229034423828e+00 7.036252498626708984e+00 6.881721019744873047e+00 6.743872642517089844e+00 6.630530834197998047e+00 6.543755531311035156e+00 6.462543964385986328e+00 6.411221981048583984e+00 6.383612155914306641e+00 6.352707386016845703e+00 6.336676120758056641e+00 6.300073623657226562e+00 6.248100280761718750e+00 6.189106941223144531e+00 6.140189170837402344e+00 6.088368415832519531e+00 6.042907714843750000e+00 6.010700702667236328e+00 5.999697208404541016e+00 6.016676902770996094e+00 6.050214767456054688e+00 6.094249248504638672e+00 6.136224269866943359e+00 6.176159381866455078e+00 6.225824832916259766e+00 6.292526721954345703e+00 6.376515388488769531e+00 6.494099617004394531e+00 6.605851650238037109e+00 6.723157882690429688e+00 6.824911117553710938e+00 6.856332778930664062e+00 6.845252513885498047e+00 6.858458995819091797e+00 6.886786937713623047e+00 6.920468807220458984e+00 6.966964244842529297e+00 7.014196872711181641e+00 7.070633411407470703e+00 7.130420684814453125e+00 7.195600509643554688e+00 7.257217884063720703e+00 7.306395053863525391e+00 7.331074237823486328e+00 7.332912921905517578e+00 7.308923244476318359e+00 7.268834590911865234e+00 7.233888626098632812e+00 7.199776172637939453e+00 7.150560855865478516e+00 7.120633602142333984e+00 7.111296176910400391e+00 7.105349063873291016e+00 7.105004310607910156e+00 7.103577136993408203e+00 7.110166072845458984e+00 7.115787506103515625e+00 7.123841762542724609e+00 7.132431983947753906e+00 7.132317543029785156e+00 7.135458469390869141e+00 7.137872219085693359e+00 7.139269828796386719e+00 7.117520809173583984e+00 7.091816902160644531e+00 7.078668117523193359e+00 7.061180591583251953e+00 7.048472404479980469e+00 7.042736053466796875e+00 7.039604187011718750e+00 7.044756412506103516e+00 7.050196170806884766e+00 7.050703525543212891e+00 7.028466224670410156e+00 6.958191871643066406e+00 6.961467266082763672e+00 7.007588863372802734e+00 7.061372280120849609e+00 7.090868473052978516e+00 7.103902816772460938e+00 7.121658325195312500e+00 7.140102863311767578e+00 7.159439086914062500e+00 7.156403064727783203e+00 7.135975360870361328e+00 7.117664337158203125e+00 7.087526321411132812e+00 7.044009685516357422e+00 6.987381935119628906e+00 6.940216541290283203e+00 6.908334732055664062e+00 6.904657363891601562e+00 6.934929847717285156e+00 6.982650756835937500e+00 7.049975872039794922e+00 7.120882987976074219e+00 7.197947502136230469e+00 7.248646736145019531e+00 7.306854724884033203e+00 7.354403495788574219e+00 7.389914035797119141e+00 7.422973155975341797e+00 7.448715686798095703e+00 7.467946052551269531e+00 7.516644001007080078e+00 7.563570499420166016e+00 7.617689132690429688e+00 7.654349327087402344e+00 7.676030635833740234e+00 7.687609195709228516e+00 7.697808742523193359e+00 7.696170806884765625e+00 7.673387527465820312e+00 7.649263858795166016e+00 7.616291046142578125e+00 7.581335544586181641e+00 7.550526618957519531e+00 7.505199909210205078e+00 7.469727516174316406e+00 7.456310272216796875e+00 7.454462051391601562e+00 7.432396888732910156e+00 7.388209342956542969e+00 7.320099353790283203e+00 7.265473365783691406e+00 7.218709468841552734e+00 7.162560939788818359e+00 7.105023384094238281e+00 7.050570011138916016e+00 7.005146980285644531e+00 6.951938152313232422e+00 6.904619216918945312e+00 6.863362312316894531e+00 6.844552993774414062e+00 6.841718673706054688e+00 6.856151103973388672e+00 6.896555900573730469e+00 6.945119857788085938e+00 6.969856262207031250e+00 6.986443519592285156e+00 7.005712032318115234e+00 7.011419296264648438e+00 7.025621891021728516e+00 7.051805019378662109e+00 7.076235294342041016e+00 7.110616207122802734e+00 7.169264793395996094e+00 7.229062080383300781e+00 7.289903640747070312e+00 7.346043109893798828e+00 7.388879776000976562e+00 7.421575069427490234e+00 7.446886539459228516e+00 7.488775253295898438e+00 7.539982795715332031e+00 7.611014366149902344e+00 7.680244445800781250e+00 7.750155448913574219e+00 7.789564132690429688e+00 7.814003944396972656e+00 7.829795837402343750e+00 7.839180946350097656e+00 7.847532272338867188e+00 7.838194847106933594e+00 7.795999526977539062e+00 7.725150585174560547e+00 7.638690948486328125e+00 7.548717021942138672e+00 7.448342323303222656e+00 7.366862773895263672e+00 7.299978733062744141e+00 7.258060455322265625e+00 7.212886810302734375e+00 7.171189308166503906e+00 7.149210929870605469e+00 7.126714706420898438e+00 7.110462665557861328e+00 7.099708557128906250e+00 7.086645603179931641e+00 7.081071853637695312e+00 7.102887630462646484e+00 7.138350486755371094e+00 7.164035797119140625e+00 7.169283866882324219e+00 7.151710510253906250e+00 7.135113716125488281e+00 7.132211685180664062e+00 7.139337062835693359e+00 7.169302940368652344e+00 7.200724601745605469e+00 7.233094215393066406e+00 7.261058330535888672e+00 7.281974315643310547e+00 7.291723251342773438e+00 7.309076309204101562e+00 7.314898967742919922e+00 7.308913707733154297e+00 7.312217712402343750e+00 7.326017379760742188e+00 7.342059135437011719e+00 7.353570461273193359e+00 7.383401870727539062e+00 7.422600269317626953e+00 7.482359409332275391e+00 7.559423923492431641e+00 7.620725154876708984e+00 7.710641384124755859e+00 7.798575878143310547e+00 7.866168975830078125e+00 7.821608066558837891e+00 7.546830177307128906e+00 7.424735546112060547e+00 7.551494121551513672e+00 7.743442058563232422e+00 7.874864578247070312e+00 7.942955493927001953e+00 8.005329132080078125e+00 8.067856788635253906e+00 8.125699996948242188e+00 8.174035072326660156e+00 8.219227790832519531e+00 8.202688217163085938e+00 8.106441497802734375e+00 7.970920085906982422e+00 7.843595981597900391e+00 7.729632377624511719e+00 7.642904758453369141e+00 7.558695793151855469e+00 7.501848220825195312e+00 7.456731319427490234e+00 7.413693428039550781e+00 7.367504596710205078e+00 7.307476997375488281e+00 7.252936840057373047e+00 7.187326431274414062e+00 7.137823581695556641e+00 7.098951816558837891e+00 7.069072246551513672e+00 7.072165489196777344e+00 7.091826438903808594e+00 7.115768432617187500e+00 7.139853954315185547e+00 7.146357059478759766e+00 7.141999721527099609e+00 7.121869087219238281e+00 7.109227657318115234e+00 7.092669486999511719e+00 7.075708866119384766e+00 7.056009292602539062e+00 7.044546127319335938e+00 7.053739547729492188e+00 7.060740470886230469e+00 7.038062572479248047e+00 6.918629646301269531e+00 6.827085494995117188e+00 6.816512584686279297e+00 6.852789402008056641e+00 6.938741207122802734e+00 7.048932075500488281e+00 7.134376525878906250e+00 7.182097434997558594e+00 7.183754444122314453e+00 7.163796424865722656e+00 7.115739822387695312e+00 7.054199218750000000e+00 7.012588024139404297e+00 6.982756137847900391e+00 6.991193294525146484e+00 7.049372673034667969e+00 7.127969264984130859e+00 7.212676048278808594e+00 7.278976440429687500e+00 7.324935436248779297e+00 7.353675842285156250e+00 7.388870716094970703e+00 7.433431148529052734e+00 7.479591369628906250e+00 7.503159999847412109e+00 7.512171745300292969e+00 7.517783641815185547e+00 7.515054225921630859e+00 7.500171661376953125e+00
7.629679203033447266e+00 7.737896919250488281e+00 7.865498542785644531e+00 7.991529464721679688e+00 8.097448348999023438e+00 8.199968338012695312e+00 8.274552345275878906e+00 8.341705322265625000e+00 8.408800125122070312e+00 8.444407463073730469e+00 8.481804847717285156e+00 8.502250671386718750e+00 8.511080741882324219e+00 8.522227287292480469e+00 8.540778160095214844e+00 8.546849250793457031e+00 8.553707122802734375e+00 8.572323799133300781e+00 8.583461761474609375e+00 8.575139999389648438e+00 8.566492080688476562e+00 8.540366172790527344e+00 8.511052131652832031e+00 8.492339134216308594e+00 8.458627700805664062e+00 8.441773414611816406e+00 8.426278114318847656e+00 8.423041343688964844e+00 8.428165435791015625e+00 8.432512283325195312e+00 8.451072692871093750e+00 8.486046791076660156e+00 8.524823188781738281e+00 8.574450492858886719e+00 8.651151657104492188e+00 8.731787681579589844e+00 8.804245948791503906e+00 8.873456954956054688e+00 8.935112953186035156e+00 8.992036819458007812e+00 9.036780357360839844e+00 9.067167282104492188e+00 9.105130195617675781e+00 9.156892776489257812e+00 9.219725608825683594e+00 9.301674842834472656e+00 9.369545936584472656e+00 9.432703971862792969e+00 9.474621772766113281e+00 9.516502380371093750e+00 9.555756568908691406e+00 9.598785400390625000e+00 9.637542724609375000e+00 9.673849105834960938e+00 9.708497047424316406e+00 9.628138542175292969e+00 9.474038124084472656e+00 9.373586654663085938e+00 9.200160026550292969e+00 9.002668380737304688e+00 8.887190818786621094e+00 8.843835830688476562e+00 8.838521957397460938e+00 8.861706733703613281e+00 8.925583839416503906e+00 9.002629280090332031e+00 9.065146446228027344e+00 9.109678268432617188e+00 9.136896133422851562e+00 9.135536193847656250e+00 9.089232444763183594e+00 8.992755889892578125e+00 8.888856887817382812e+00 8.779259681701660156e+00 8.654608726501464844e+00 8.530530929565429688e+00 8.406482696533203125e+00 8.271546363830566406e+00 8.098367691040039062e+00 7.914579391479492188e+00 7.720879077911376953e+00 7.525742053985595703e+00 7.334665298461914062e+00 7.129625797271728516e+00 6.920717716217041016e+00 6.708380699157714844e+00 6.496771335601806641e+00 6.278831958770751953e+00 6.064522266387939453e+00 5.858228683471679688e+00 5.666108608245849609e+00 5.496292114257812500e+00 5.343130588531494141e+00 5.162128925323486328e+00 4.942733287811279297e+00 4.686477661132812500e+00 4.375863075256347656e+00 4.005834579467773438e+00 3.607516050338745117e+00 3.169003725051879883e+00 2.727273464202880859e+00 2.291950225830078125e+00 1.844741940498352051e+00 1.399458765983581543e+00 9.437081217765808105e-01 4.787637293338775635e-01 -5.861005745828151703e-03 -5.134413242340087891e-01 -1.023473381996154785e+00 -1.514734745025634766e+00 -1.980474114418029785e+00 -2.431790828704833984e+00 -2.905746936798095703e+00 -3.336051940917968750e+00 -3.766950607299804688e+00 -4.205309867858886719e+00 -4.599548816680908203e+00 -4.928263187408447266e+00 -5.226341247558593750e+00 -5.525511264801025391e+00 -5.816359043121337891e+00 -6.111946582794189453e+00 -6.408818244934082031e+00 -6.703984737396240234e+00 -7.006363391876220703e+00 -7.324858665466308594e+00 -7.659597396850585938e+00 -8.027021408081054688e+00 -8.446973800659179688e+00 -8.897284507751464844e+00 -9.344607353210449219e+00 -9.797677040100097656e+00 -1.019259548187255859e+01 -1.054415988922119141e+01 -1.082791137695312500e+01 -1.106053256988525391e+01 -1.127262020111083984e+01 -1.146386909484863281e+01 -1.165566349029541016e+01 -1.185009193420410156e+01 -1.203832435607910156e+01 -1.220004749298095703e+01 -1.234879398345947266e+01 -1.247427940368652344e+01 -1.254729270935058594e+01 -1.258337783813476562e+01 -1.261176395416259766e+01 -1.262434768676757812e+01 -1.261364078521728516e+01 -1.260373783111572266e+01 -1.260514640808105469e+01 -1.262325572967529297e+01 -1.264256286621093750e+01 -1.263707542419433594e+01 -1.256371688842773438e+01 -1.241628265380859375e+01 -1.218422698974609375e+01 -1.188317012786865234e+01 -1.153465080261230469e+01 -1.115932655334472656e+01 -1.076118946075439453e+01 -1.030609989166259766e+01 -9.787870407104492188e+00 -9.216526985168457031e+00 -8.594772338867187500e+00 -7.933694839477539062e+00 -7.267177581787109375e+00 -6.607134819030761719e+00 -5.974538803100585938e+00 -5.364141941070556641e+00 -4.789552688598632812e+00 -4.222662925720214844e+00 -3.684944629669189453e+00 -3.179518938064575195e+00 -2.699912548065185547e+00 -2.252867221832275391e+00 -1.804998278617858887e+00 -1.371705174446105957e+00 -9.439570903778076172e-01 -4.923723638057708740e-01 -4.690720140933990479e-02 3.544950783252716064e-01 6.861111521720886230e-01 9.652559161186218262e-01 1.229231119155883789e+00 1.499603390693664551e+00 1.803829789161682129e+00 2.128569841384887695e+00 2.423908948898315430e+00 2.686236858367919922e+00 2.910889625549316406e+00 3.064769744873046875e+00 3.166944503784179688e+00 3.202666282653808594e+00 3.196316719055175781e+00 3.185494899749755859e+00 3.186625003814697266e+00 3.201947927474975586e+00 3.248376131057739258e+00 3.308365583419799805e+00 3.385094642639160156e+00 3.416046857833862305e+00 3.363048791885375977e+00 3.238588809967041016e+00 3.038548231124877930e+00 2.805429697036743164e+00 2.557007312774658203e+00 2.305817365646362305e+00 2.027074813842773438e+00 1.698667049407958984e+00 1.302072286605834961e+00 8.083495497703552246e-01 2.097799479961395264e-01 -4.828721582889556885e-01 -1.215488314628601074e+00 -1.957039713859558105e+00 -2.698677062988281250e+00 -3.424915075302124023e+00 -4.109656810760498047e+00 -4.741237640380859375e+00 -5.330000400543212891e+00 -5.858362674713134766e+00 -6.358971118927001953e+00 -6.806983470916748047e+00 -7.200006484985351562e+00 -7.537014007568359375e+00 -7.768599987030029297e+00 -7.890187263488769531e+00 -7.921704769134521484e+00 -7.903182983398437500e+00 -7.846412181854248047e+00 -7.747512340545654297e+00 -7.614787101745605469e+00 -7.478911399841308594e+00 -7.328421592712402344e+00 -7.164064407348632812e+00 -6.983637332916259766e+00 -6.792924880981445312e+00 -6.596006393432617188e+00 -6.397584438323974609e+00 -6.211737155914306641e+00 -6.049429416656494141e+00 -5.786287784576416016e+00 -5.749531745910644531e+00 -5.963161468505859375e+00 -6.146519184112548828e+00 -6.422426700592041016e+00 -6.647798061370849609e+00 -6.800691604614257812e+00 -6.918141365051269531e+00 -6.948863983154296875e+00 -6.899304389953613281e+00 -6.848048686981201172e+00 -6.840770721435546875e+00 -6.845903873443603516e+00 -6.835024356842041016e+00 -6.791354179382324219e+00 -6.701150417327880859e+00 -6.564632892608642578e+00 -6.307591438293457031e+00 -6.140552520751953125e+00 -6.204659461975097656e+00 -6.268355369567871094e+00 -6.285861968994140625e+00 -6.266104698181152344e+00 -6.198798656463623047e+00 -6.109169483184814453e+00 -6.012213706970214844e+00 -5.913045883178710938e+00 -5.826337814331054688e+00 -5.734429359436035156e+00 -5.573012351989746094e+00 -5.346185684204101562e+00 -5.076694011688232422e+00 -4.764269828796386719e+00 -4.393599510192871094e+00 -4.064243793487548828e+00 -3.898651123046875000e+00 -3.775148391723632812e+00 -3.603417158126831055e+00 -3.402629852294921875e+00 -3.167155265808105469e+00 -2.905009508132934570e+00 -2.628029108047485352e+00 -2.373736143112182617e+00 -2.146756172180175781e+00 -1.936803817749023438e+00 -1.723068594932556152e+00 -1.518862485885620117e+00 -1.296326160430908203e+00 -1.089610695838928223e+00 -9.044240713119506836e-01 -7.550162672996520996e-01 -6.267349720001220703e-01 -4.999093115329742432e-01 -3.885980844497680664e-01 -2.871509790420532227e-01 -1.844684630632400513e-01 -7.688260823488235474e-02 -4.788403457496315241e-04 2.975513786077499390e-02 -6.885724142193794250e-03 -9.142976999282836914e-02 -2.250453829765319824e-01 -3.435775041580200195e-01 -4.341836869716644287e-01 -5.118420124053955078e-01 -5.718886256217956543e-01 -6.345017552375793457e-01 -6.980055570602416992e-01 -7.548726201057434082e-01 -8.316211700439453125e-01 -9.315934181213378906e-01 -1.054684162139892578e+00 -1.162490248680114746e+00 -1.236212491989135742e+00 -1.252090811729431152e+00 -1.228915095329284668e+00 -1.166704058647155762e+00 -1.055833339691162109e+00 -9.220262169837951660e-01 -7.835073471069335938e-01 -6.415407061576843262e-01 -5.661712884902954102e-01 -5.568242669105529785e-01 -5.603102445602416992e-01 -5.781422853469848633e-01 -6.165260672569274902e-01 -6.528508663177490234e-01 -7.020852565765380859e-01 -7.584352493286132812e-01 -8.063575625419616699e-01 -8.509471416473388672e-01 -8.884786963462829590e-01 -9.548746943473815918e-01 -1.050192594528198242e+00 -1.157519936561584473e+00 -1.237783074378967285e+00 -1.267260551452636719e+00 -1.239822983741760254e+00 -1.147253513336181641e+00 -9.832220673561096191e-01 -7.888128757476806641e-01 -5.793297886848449707e-01 -3.761961460113525391e-01 -1.991209685802459717e-01 -6.333142518997192383e-02 3.574064373970031738e-02 9.062532335519790649e-02 9.167876839637756348e-02 5.860047787427902222e-02 1.442267093807458878e-02 -4.066311940550804138e-02 -9.484869241714477539e-02 -1.507293581962585449e-01 -2.118102461099624634e-01 -2.581715583801269531e-01 -2.977907955646514893e-01 -3.452821969985961914e-01 -3.904559910297393799e-01 -4.296634495258331299e-01 -4.466622471809387207e-01 -4.589205980300903320e-01 -4.722227752208709717e-01 -4.843661487102508545e-01 -5.226063132286071777e-01 -5.581554770469665527e-01 -5.655487775802612305e-01 -5.217444300651550293e-01 -4.448618292808532715e-01 -3.571095466613769531e-01 -2.898133099079132080e-01 -2.583439350128173828e-01 -2.605465948581695557e-01 -2.842396199703216553e-01 -3.201334774494171143e-01 -3.281109929084777832e-01 -2.870647907257080078e-01 -2.271905839443206787e-01 -1.599997133016586304e-01 -1.006522402167320251e-01 -6.912539154291152954e-02 -6.888597458600997925e-02 -1.142800375819206238e-01 -1.829936206340789795e-01 -2.903783619403839111e-01 -4.379473924636840820e-01 -6.048902869224548340e-01 -7.800979614257812500e-01 -9.850416183471679688e-01 -1.185876846313476562e+00 -1.380535006523132324e+00 -1.563337087631225586e+00 -1.752613186836242676e+00 -1.919412374496459961e+00 -2.055498838424682617e+00 -2.184785604476928711e+00 -2.315173864364624023e+00 -2.430335044860839844e+00 -2.546338796615600586e+00 -2.671009778976440430e+00 -2.786745309829711914e+00 -2.890222787857055664e+00 -2.992752313613891602e+00 -3.112289905548095703e+00 -3.236108303070068359e+00 -3.373219490051269531e+00 -3.531610250473022461e+00 -3.702010393142700195e+00 -3.886115074157714844e+00 -4.104686737060546875e+00 -4.359419822692871094e+00 -4.628403663635253906e+00 -4.911953449249267578e+00 -5.229357719421386719e+00 -5.563167095184326172e+00 -5.911906242370605469e+00 -6.261172771453857422e+00 -6.606550693511962891e+00 -6.915756702423095703e+00 -7.174637317657470703e+00 -7.378096580505371094e+00 -7.509452342987060547e+00 -7.572160720825195312e+00 -7.585979938507080078e+00 -7.584160804748535156e+00 -7.586305618286132812e+00 -7.590280055999755859e+00 -7.620715141296386719e+00 -7.621979713439941406e+00 -7.571557521820068359e+00 -7.477695465087890625e+00 -7.336121082305908203e+00 -7.149622440338134766e+00 -6.957358360290527344e+00 -6.766004562377929688e+00 -6.568004131317138672e+00 -6.364142417907714844e+00 -6.266267776489257812e+00 -6.023006916046142578e+00 -5.957176208496093750e+00 -5.857816696166992188e+00 -5.857069969177246094e+00 -5.949715614318847656e+00 -6.005787849426269531e+00 -6.150225162506103516e+00 -6.360752582550048828e+00 -6.603246688842773438e+00 -6.885437011718750000e+00 -7.197659492492675781e+00 -7.532091140747070312e+00 -8.033810615539550781e+00 -8.186714172363281250e+00 -8.470465660095214844e+00 -8.716837882995605469e+00 -8.930180549621582031e+00 -9.092603683471679688e+00 -9.217082977294921875e+00 -9.314354896545410156e+00 -9.400555610656738281e+00 -9.486784934997558594e+00 -9.572124481201171875e+00 -9.671923637390136719e+00 -9.781702041625976562e+00 -9.908518791198730469e+00 -1.003921318054199219e+01 -1.016706371307373047e+01 -1.030272865295410156e+01 -1.046072673797607422e+01 -1.064719772338867188e+01 -1.086078834533691406e+01 -1.109390735626220703e+01 -1.136618518829345703e+01 -1.164541625976562500e+01 -1.191814422607421875e+01 -1.217137432098388672e+01 -1.235340976715087891e+01 -1.247132968902587891e+01 -1.254229354858398438e+01 -1.256011581420898438e+01 -1.252307319641113281e+01 -1.247078418731689453e+01 -1.237724685668945312e+01 -1.226549530029296875e+01 -1.215691280364990234e+01 -1.204844665527343750e+01 -1.193612957000732422e+01 -1.182108402252197266e+01 -1.171411037445068359e+01 -1.164226531982421875e+01 -1.158298492431640625e+01 -1.154783821105957031e+01 -1.153702640533447266e+01 -1.154421806335449219e+01 -1.156580448150634766e+01 -1.160629463195800781e+01 -1.163714122772216797e+01 -1.167316055297851562e+01 -1.169323348999023438e+01 -1.168472957611083984e+01 -1.166623592376708984e+01 -1.161185932159423828e+01 -1.154573154449462891e+01 -1.145886039733886719e+01 -1.139051914215087891e+01 -1.133891963958740234e+01 -1.132562828063964844e+01 -1.136498832702636719e+01 -1.145520210266113281e+01 -1.158234405517578125e+01 -1.175784778594970703e+01 -1.197185993194580078e+01 -1.219360256195068359e+01 -1.243903732299804688e+01 -1.271269416809082031e+01 -1.299599552154541016e+01 -1.328537654876708984e+01 -1.357136058807373047e+01 -1.381695747375488281e+01 -1.402931308746337891e+01 -1.419978046417236328e+01 -1.431578445434570312e+01 -1.439947605133056641e+01 -1.443362712860107422e+01 -1.444852828979492188e+01 -1.445211982727050781e+01 -1.445053005218505859e+01 -1.446082496643066406e+01 -1.447620487213134766e+01 -1.448719024658203125e+01 -1.453008460998535156e+01 -1.458194351196289062e+01 -1.461498260498046875e+01 -1.465326213836669922e+01 -1.470176792144775391e+01 -1.477359390258789062e+01 -1.486446857452392578e+01 -1.496014022827148438e+01 -1.509108352661132812e+01 -1.524045372009277344e+01 -1.539909362792968750e+01 -1.557822799682617188e+01 -1.576742649078369141e+01 -1.596066761016845703e+01 -1.615768241882324219e+01 -1.634388351440429688e+01 -1.656448554992675781e+01 -1.681207466125488281e+01 -1.707471847534179688e+01 -1.733267021179199219e+01 -1.758360099792480469e+01 -1.781842422485351562e+01 -1.803595352172851562e+01 -1.825096130371093750e+01 -1.846063613891601562e+01 -1.867537689208984375e+01 -1.889030838012695312e+01 -1.910889053344726562e+01 -1.931415939331054688e+01 -1.954502677917480469e+01 -1.974725151062011719e+01 -1.991174125671386719e+01 -2.003746604919433594e+01 -2.013549423217773438e+01 -2.018810844421386719e+01 -2.022208786010742188e+01 -2.024069595336914062e+01 -2.021671485900878906e+01 -2.016158294677734375e+01 -2.009144210815429688e+01 -1.998079109191894531e+01 -1.984330749511718750e+01 -1.968763542175292969e+01 -1.952106666564941406e+01 -1.934851264953613281e+01 -1.917050743103027344e+01 -1.899439811706542969e+01 -1.882443046569824219e+01 -1.865576362609863281e+01 -1.846568298339843750e+01 -1.829313659667968750e+01 -1.810403251647949219e+01 -1.790810203552246094e+01 -1.771651840209960938e+01 -1.749716186523437500e+01 -1.727762222290039062e+01 -1.706450080871582031e+01 -1.685857009887695312e+01 -1.666870117187500000e+01 -1.651619911193847656e+01 -1.636232948303222656e+01 -1.625259780883789062e+01 -1.617757415771484375e+01 -1.611992073059082031e+01 -1.607384681701660156e+01 -1.605282592773437500e+01 -1.604580497741699219e+01 -1.602311897277832031e+01 -1.598865127563476562e+01 -1.593956089019775391e+01 -1.586317539215087891e+01 -1.575327205657958984e+01 -1.563367748260498047e+01 -1.550744533538818359e+01 -1.536801624298095703e+01 -1.523270606994628906e+01 -1.508621978759765625e+01 -1.493122863769531250e+01 -1.478689670562744141e+01 -1.464594459533691406e+01 -1.452250862121582031e+01 -1.436969280242919922e+01 -1.420494270324707031e+01 -1.402860450744628906e+01 -1.383813190460205078e+01 -1.363801479339599609e+01 -1.343317604064941406e+01 -1.323779964447021484e+01 -1.302925491333007812e+01 -1.279794597625732422e+01 -1.255322074890136719e+01 -1.231565856933593750e+01 -1.206564617156982422e+01 -1.179743862152099609e+01 -1.150552749633789062e+01 -1.118749141693115234e+01 -1.083859825134277344e+01 -1.049500179290771484e+01 -1.014836025238037109e+01 -9.782037734985351562e+00 -9.390595436096191406e+00 -9.009113311767578125e+00 -8.619882583618164062e+00 -8.235431671142578125e+00 -7.868352413177490234e+00 -7.521557331085205078e+00 -7.197056770324707031e+00 -6.900395870208740234e+00 -6.646419048309326172e+00 -6.412294387817382812e+00 -6.220480918884277344e+00 -6.039728164672851562e+00 -5.889851093292236328e+00 -5.762948513031005859e+00 -5.644282817840576172e+00 -5.527905464172363281e+00 -5.382289886474609375e+00 -5.233514308929443359e+00 -5.083225727081298828e+00 -4.912490367889404297e+00 -4.734610557556152344e+00 -4.557784080505371094e+00 -4.381168842315673828e+00 -4.209351539611816406e+00 -4.039286613464355469e+00 -3.883692026138305664e+00 -3.725157499313354492e+00 -3.556050300598144531e+00 -3.358509540557861328e+00 -3.152196407318115234e+00 -2.913666725158691406e+00 -2.635489225387573242e+00 -2.326972484588623047e+00 -2.013006448745727539e+00 -1.699145793914794922e+00 -1.390150189399719238e+00 -1.087953925132751465e+00 -7.777994871139526367e-01 -4.604049921035766602e-01 -1.422730386257171631e-01 1.993795484304428101e-01 5.646293759346008301e-01 9.200246334075927734e-01 1.269041895866394043e+00 1.606490254402160645e+00 1.936037778854370117e+00 2.247628688812255859e+00 2.540564060211181641e+00 2.809241533279418945e+00 3.077851533889770508e+00 3.349880933761596680e+00 3.613980531692504883e+00 3.880598545074462891e+00 4.157435417175292969e+00 4.419667243957519531e+00 4.683642387390136719e+00 4.928569316864013672e+00 5.164283752441406250e+00 5.394730091094970703e+00 5.586036682128906250e+00 5.733461856842041016e+00 5.864606380462646484e+00 5.968668460845947266e+00 6.056391716003417969e+00 6.140984058380126953e+00 6.246386051177978516e+00 6.338811874389648438e+00 6.437127590179443359e+00 6.540939807891845703e+00 6.641773700714111328e+00 6.752558708190917969e+00 6.849524021148681641e+00 6.945923805236816406e+00 7.037334442138671875e+00 7.122759819030761719e+00 7.192689418792724609e+00 7.237221717834472656e+00 7.276045799255371094e+00 7.316345214843750000e+00 7.355782508850097656e+00 7.407621383666992188e+00 7.468108654022216797e+00 7.537540435791015625e+00 7.617238998413085938e+00 7.674508094787597656e+00 7.734516620635986328e+00 7.800242424011230469e+00 7.863822937011718750e+00 7.906314849853515625e+00 7.943003654479980469e+00 7.971341133117675781e+00 8.002322196960449219e+00 8.025612831115722656e+00 8.030152320861816406e+00 8.037096023559570312e+00 8.034912109375000000e+00 8.022471427917480469e+00 8.016016960144042969e+00 7.992046356201171875e+00 7.980094909667968750e+00 7.961227893829345703e+00 7.934336662292480469e+00 7.889535903930664062e+00 7.832075119018554688e+00 7.783558845520019531e+00 7.739036560058593750e+00 7.689600944519042969e+00 7.645030975341796875e+00 7.590605735778808594e+00 7.536621570587158203e+00 7.481525897979736328e+00 7.424160957336425781e+00 7.359708786010742188e+00 7.301185131072998047e+00 7.231044292449951172e+00 7.160971164703369141e+00 7.096222400665283203e+00 7.052561759948730469e+00 7.008240222930908203e+00 6.971867561340332031e+00 6.941939830780029297e+00 6.915517807006835938e+00 6.905136108398437500e+00 6.892427921295166016e+00 6.874768257141113281e+00 6.866656780242919922e+00 6.874509811401367188e+00 6.865851879119873047e+00 6.857635021209716797e+00 6.845654964447021484e+00 6.823503494262695312e+00 6.791210651397705078e+00 6.754378318786621094e+00 6.711646556854248047e+00 6.679966449737548828e+00 6.648831844329833984e+00 6.628222942352294922e+00 6.605459213256835938e+00 6.586860656738281250e+00 6.572955131530761719e+00 6.574640750885009766e+00 6.574075698852539062e+00 6.567103385925292969e+00 6.570522308349609375e+00 6.545776367187500000e+00 6.517773628234863281e+00 6.475214481353759766e+00 6.432530403137207031e+00 6.385383605957031250e+00 6.352382183074951172e+00 6.325672149658203125e+00 6.296616077423095703e+00 6.251854419708251953e+00 6.231158733367919922e+00 6.214830398559570312e+00 6.202763557434082031e+00 6.184414386749267578e+00 6.166084289550781250e+00 6.148989677429199219e+00 6.125535964965820312e+00 6.105789184570312500e+00 6.089479446411132812e+00 6.062252998352050781e+00 6.039613246917724609e+00 6.031147480010986328e+00 6.029480934143066406e+00 6.026904582977294922e+00 6.001631259918212891e+00 5.958171844482421875e+00 5.913774013519287109e+00 5.868935585021972656e+00 5.842800140380859375e+00 5.831490039825439453e+00 5.805661678314208984e+00 5.790558815002441406e+00 5.786028861999511719e+00 5.757020950317382812e+00 5.713197231292724609e+00 5.679898738861083984e+00 5.635194301605224609e+00 5.610639095306396484e+00 5.601943492889404297e+00 5.617142200469970703e+00 5.635395526885986328e+00 5.658954143524169922e+00 5.672141551971435547e+00 5.673654556274414062e+00 5.681727886199951172e+00 5.681593894958496094e+00 5.677121639251708984e+00 5.682139873504638672e+00 5.695997714996337891e+00 5.706502914428710938e+00 5.721146106719970703e+00 5.742262840270996094e+00 5.755804538726806641e+00 5.770236968994140625e+00 5.772975444793701172e+00 5.759252071380615234e+00 5.733337402343750000e+00 5.705497741699218750e+00 5.690040588378906250e+00 5.675818920135498047e+00 5.658858299255371094e+00 5.639877319335937500e+00 5.613636493682861328e+00 5.578719615936279297e+00 5.556865692138671875e+00 5.531688213348388672e+00 5.505878448486328125e+00 5.479897022247314453e+00 5.454958438873291016e+00 5.444127559661865234e+00 5.419649124145507812e+00 5.398771286010742188e+00 5.386456012725830078e+00 5.351500511169433594e+00 5.314313888549804688e+00 5.299307346343994141e+00 5.286952495574951172e+00 5.259860038757324219e+00 5.224856853485107422e+00 5.185008049011230469e+00 5.138694286346435547e+00 5.105884075164794922e+00 5.079959392547607422e+00 5.065383911132812500e+00 5.064808845520019531e+00 5.085159778594970703e+00 5.114867210388183594e+00 5.155310153961181641e+00 5.200982093811035156e+00 5.251528263092041016e+00 5.283629894256591797e+00 5.308069705963134766e+00 5.329942703247070312e+00 5.338083267211914062e+00 5.338667392730712891e+00 5.350198268890380859e+00 5.369169712066650391e+00 5.398034095764160156e+00 5.433458805084228516e+00 5.454192161560058594e+00 5.464602470397949219e+00 5.471795082092285156e+00 5.488784313201904297e+00 5.506816864013671875e+00 5.520329952239990234e+00 5.526803493499755859e+00 5.541101932525634766e+00 5.532214641571044922e+00 5.530874252319335938e+00 5.526171684265136719e+00 5.505945682525634766e+00 5.462246417999267578e+00 5.439731597900390625e+00 5.423297882080078125e+00 5.401069641113281250e+00 5.364055633544921875e+00 5.328477859497070312e+00 5.298205375671386719e+00 5.286512374877929688e+00 5.284472465515136719e+00 5.290764331817626953e+00 5.303951740264892578e+00 5.323593616485595703e+00 5.348292350769042969e+00 5.392182826995849609e+00 5.435718536376953125e+00 5.487567901611328125e+00 5.561596870422363281e+00 5.633853435516357422e+00 5.694292545318603516e+00 5.744274139404296875e+00 5.808189392089843750e+00 5.880034446716308594e+00 5.977689266204833984e+00 6.066581726074218750e+00 6.153931617736816406e+00 6.251566886901855469e+00 6.344577312469482422e+00 6.445257663726806641e+00 6.543401241302490234e+00 6.627628803253173828e+00 6.712929725646972656e+00 6.815037727355957031e+00 6.915910243988037109e+00 7.000760555267333984e+00 7.092688560485839844e+00 7.195926189422607422e+00 7.306892871856689453e+00 7.436505317687988281e+00 7.574057102203369141e+00 7.728377819061279297e+00 7.877613067626953125e+00 8.043674468994140625e+00 8.211919784545898438e+00 8.372513771057128906e+00 8.513139724731445312e+00 8.654330253601074219e+00 8.780820846557617188e+00 8.911678314208984375e+00 9.035257339477539062e+00 9.162887573242187500e+00 9.290172576904296875e+00 9.419612884521484375e+00 9.551877975463867188e+00 9.678579330444335938e+00 9.800760269165039062e+00 9.927490234375000000e+00 1.007271289825439453e+01 1.021795463562011719e+01 1.036809921264648438e+01 1.053911304473876953e+01 1.071618843078613281e+01 1.092077732086181641e+01 1.113347816467285156e+01 1.133476352691650391e+01 1.152256584167480469e+01 1.169246673583984375e+01 1.183290100097656250e+01 1.194834995269775391e+01 1.203498172760009766e+01 1.208802700042724609e+01 1.210215377807617188e+01 1.209011554718017578e+01 1.206091594696044922e+01 1.202612304687500000e+01 1.199441432952880859e+01 1.196072292327880859e+01 1.192674446105957031e+01 1.187684917449951172e+01 1.181619930267333984e+01 1.175107669830322266e+01 1.168088912963867188e+01 1.161153316497802734e+01 1.155911922454833984e+01 1.152081203460693359e+01 1.148774433135986328e+01 1.145873546600341797e+01 1.142985153198242188e+01 1.141651153564453125e+01 1.141093730926513672e+01 1.137505340576171875e+01 1.131116676330566406e+01 1.121531295776367188e+01 1.109433746337890625e+01 1.094928836822509766e+01 1.079705429077148438e+01 1.062627124786376953e+01 1.045041275024414062e+01 1.027369117736816406e+01 1.008817005157470703e+01 9.894746780395507812e+00 9.689602851867675781e+00 9.456378936767578125e+00 9.208827018737792969e+00 8.943990707397460938e+00 8.673685073852539062e+00 8.413119316101074219e+00 8.169648170471191406e+00 7.946729183197021484e+00 7.755164146423339844e+00 7.601054191589355469e+00 7.492089271545410156e+00 7.399855136871337891e+00 7.304977416992187500e+00 7.191913604736328125e+00 7.074846744537353516e+00 6.958795070648193359e+00 6.833635807037353516e+00 6.707346916198730469e+00 6.588220596313476562e+00 6.480184555053710938e+00 6.390679836273193359e+00 6.289682388305664062e+00 6.193761825561523438e+00 6.098740100860595703e+00 5.991853713989257812e+00 5.887207984924316406e+00 5.765141963958740234e+00 5.649788856506347656e+00 5.549146652221679688e+00 5.427176475524902344e+00 5.294595241546630859e+00 5.158451080322265625e+00 4.997445583343505859e+00 4.809903144836425781e+00 4.609939575195312500e+00 4.409286022186279297e+00 4.188177108764648438e+00 3.980379343032836914e+00 3.790835142135620117e+00 3.613386631011962891e+00 3.438791990280151367e+00 3.272260665893554688e+00 3.112548351287841797e+00 2.954837560653686523e+00 2.819124460220336914e+00 2.708723068237304688e+00 2.616718769073486328e+00 2.566910028457641602e+00 2.563107967376708984e+00 2.584799289703369141e+00 2.623039484024047852e+00 2.670712947845458984e+00 2.702498197555541992e+00 2.707985877990722656e+00 2.686715602874755859e+00 2.608272075653076172e+00 2.498435497283935547e+00 2.373410463333129883e+00 2.237841129302978516e+00 2.103133678436279297e+00 1.965170264244079590e+00 1.803121209144592285e+00 1.619313478469848633e+00 1.383149504661560059e+00 1.074211359024047852e+00 7.084538340568542480e-01 3.091680705547332764e-01 -1.030751690268516541e-01 -5.278065800666809082e-01 -7.410437464714050293e-01 -1.169854879379272461e+00 -1.594126582145690918e+00 -2.013782262802124023e+00 -2.418354511260986328e+00 -2.807306766510009766e+00 -3.360798358917236328e+00 -3.545966148376464844e+00 -3.929651021957397461e+00 -4.330210685729980469e+00 -4.748448848724365234e+00 -5.184136390686035156e+00 -5.633527755737304688e+00 -6.085437774658203125e+00 -6.771750450134277344e+00 -6.999448776245117188e+00 -7.444674491882324219e+00 -7.875295639038085938e+00 -8.294051170349121094e+00 -8.711609840393066406e+00 -9.133515357971191406e+00 -9.519374847412109375e+00 -9.898185729980468750e+00 -1.047942066192626953e+01 -1.066344928741455078e+01 -1.101710128784179688e+01 -1.135172462463378906e+01 -1.165122985839843750e+01 -1.191393089294433594e+01 -1.212782955169677734e+01 -1.231512165069580078e+01 -1.248691082000732422e+01 -1.265281963348388672e+01 -1.281310653686523438e+01 -1.295932483673095703e+01 -1.309504795074462891e+01 -1.321929740905761719e+01 -1.333638381958007812e+01 -1.344170856475830078e+01 -1.352951812744140625e+01 -1.360497474670410156e+01 -1.365638256072998047e+01 -1.369891262054443359e+01 -1.370750427246093750e+01 -1.369549369812011719e+01 -1.368343734741210938e+01 -1.368893432617187500e+01 -1.373532390594482422e+01 -1.381709098815917969e+01 -1.394262409210205078e+01 -1.409335327148437500e+01 -1.425039386749267578e+01 -1.439719581604003906e+01 -1.452983570098876953e+01 -1.466183280944824219e+01 -1.479516124725341797e+01 -1.491939163208007812e+01 -1.503239727020263672e+01 -1.511756420135498047e+01 -1.517140483856201172e+01 -1.519803810119628906e+01 -1.519956016540527344e+01 -1.518141269683837891e+01 -1.514756870269775391e+01 -1.507958316802978516e+01 -1.500640583038330078e+01 -1.493501091003417969e+01 -1.486195945739746094e+01 -1.479699993133544922e+01 -1.475370311737060547e+01 -1.473463535308837891e+01 -1.474348449707031250e+01 -1.476554012298583984e+01 -1.481237030029296875e+01 -1.486188316345214844e+01 -1.492145061492919922e+01 -1.497797298431396484e+01 -1.502803993225097656e+01 -1.506076335906982422e+01 -1.508742618560791016e+01 -1.511115741729736328e+01 -1.511945152282714844e+01 -1.511322593688964844e+01 -1.511409759521484375e+01 -1.511370468139648438e+01 -1.511426925659179688e+01 -1.511672210693359375e+01 -1.509977054595947266e+01 -1.505713462829589844e+01 -1.498225402832031250e+01 -1.487186145782470703e+01 -1.473930835723876953e+01 -1.458641529083251953e+01 -1.443747615814208984e+01 -1.428276348114013672e+01 -1.412578964233398438e+01 -1.398226261138916016e+01 -1.382946491241455078e+01 -1.367798805236816406e+01 -1.354432392120361328e+01 -1.341574573516845703e+01 -1.329068279266357422e+01 -1.316512107849121094e+01 -1.304788208007812500e+01 -1.293905162811279297e+01 -1.285454559326171875e+01 -1.275701522827148438e+01 -1.266487693786621094e+01 -1.258803176879882812e+01 -1.250679302215576172e+01 -1.243653678894042969e+01 -1.236057376861572266e+01 -1.227561855316162109e+01 -1.217243766784667969e+01 -1.205446052551269531e+01 -1.191688060760498047e+01 -1.177410984039306641e+01 -1.164003372192382812e+01 -1.150563240051269531e+01 -1.136735343933105469e+01 -1.124144744873046875e+01 -1.112007999420166016e+01 -1.099809074401855469e+01 -1.086345958709716797e+01 -1.070305824279785156e+01 -1.051373481750488281e+01 -1.028610324859619141e+01 -1.004580211639404297e+01 -9.783235549926757812e+00 -9.506829261779785156e+00 -9.254039764404296875e+00 -9.010903358459472656e+00 -8.776894569396972656e+00 -8.547817230224609375e+00 -8.339033126831054688e+00 -8.130163192749023438e+00 -7.885265350341796875e+00 -7.630742073059082031e+00 -7.377387523651123047e+00 -7.145073890686035156e+00 -6.920478343963623047e+00 -6.690807342529296875e+00 -6.468318939208984375e+00 -6.263241291046142578e+00 -6.057100772857666016e+00 -5.853909015655517578e+00 -5.647797584533691406e+00 -5.455686569213867188e+00 -5.256938934326171875e+00 -5.066686153411865234e+00 -4.880953788757324219e+00 -4.692539691925048828e+00 -4.499222278594970703e+00 -4.313048839569091797e+00 -4.147801399230957031e+00 -3.990358352661132812e+00 -3.830052137374877930e+00 -3.676325321197509766e+00 -3.512485265731811523e+00 -3.338915348052978516e+00 -3.138080120086669922e+00 -2.902471780776977539e+00 -2.636858940124511719e+00 -2.384663105010986328e+00 -2.139966249465942383e+00 -1.886458516120910645e+00 -1.617685437202453613e+00 -1.338531136512756348e+00 -1.047444105148315430e+00 -7.462535500526428223e-01 -4.528584480285644531e-01 -1.952327936887741089e-01 3.655467182397842407e-02 2.116665840148925781e-01 3.154217302799224854e-01 3.925341367721557617e-01 4.523125886917114258e-01 5.149449110031127930e-01 5.950740575790405273e-01 6.652432680130004883e-01 7.447690963745117188e-01 8.416193723678588867e-01 9.351273179054260254e-01 1.028434038162231445e+00 1.110459446907043457e+00 1.191862344741821289e+00 1.263075470924377441e+00 1.352925062179565430e+00 1.457245230674743652e+00 1.564218163490295410e+00 1.654776453971862793e+00 1.746340274810791016e+00 1.822274804115295410e+00 1.869967341423034668e+00 1.887023568153381348e+00 1.889034628868103027e+00 1.894100785255432129e+00 1.897481441497802734e+00 1.899521350860595703e+00 1.902509331703186035e+00 1.908810734748840332e+00 1.922764301300048828e+00 1.936995387077331543e+00 1.944982409477233887e+00 1.943344831466674805e+00 1.926786541938781738e+00 1.888910293579101562e+00 1.850229501724243164e+00 1.796752572059631348e+00 1.756750226020812988e+00 1.743371486663818359e+00 1.722896218299865723e+00 1.697603940963745117e+00 1.690028667449951172e+00 1.681955456733703613e+00 1.658884882926940918e+00 1.642020106315612793e+00 1.612552285194396973e+00 1.585785150527954102e+00 1.571343302726745605e+00 1.566191077232360840e+00 1.567014694213867188e+00 1.566238880157470703e+00 1.571266770362854004e+00 1.576466917991638184e+00 1.584760427474975586e+00 1.566794276237487793e+00 1.519379496574401855e+00 1.473075628280639648e+00 1.422318577766418457e+00 1.360165119171142578e+00 1.280428647994995117e+00 1.208209991455078125e+00 1.137341499328613281e+00 1.066999912261962891e+00 9.968211054801940918e-01 9.219878911972045898e-01 8.483135104179382324e-01 7.614231705665588379e-01 6.770323514938354492e-01 6.135381460189819336e-01 5.378813743591308594e-01 4.721269905567169189e-01 4.163899719715118408e-01 3.678259849548339844e-01 3.254007399082183838e-01 2.935195565223693848e-01 2.685911357402801514e-01 2.225362509489059448e-01 1.883087456226348877e-01 1.675462275743484497e-01 1.299955695867538452e-01 9.844958037137985229e-02 9.449435770511627197e-02 9.783665835857391357e-02 8.980172127485275269e-02 8.710105717182159424e-02 8.904515206813812256e-02 8.310753107070922852e-02 6.774633377790451050e-02 3.911167755722999573e-02 2.401863038539886475e-02 9.969456121325492859e-03 1.023760624229907990e-02 1.215296704322099686e-02 2.225649915635585785e-02 4.363192990422248840e-02 8.803000301122665405e-02 1.522424966096878052e-01 2.069356441497802734e-01 2.656702101230621338e-01 3.199802637100219727e-01 3.415376543998718262e-01 3.499269485473632812e-01 3.470826447010040283e-01 3.326503932476043701e-01 3.052607178688049316e-01 2.778997719287872314e-01 2.599145472049713135e-01 2.322088330984115601e-01 2.126051187515258789e-01 1.914691030979156494e-01 1.732061356306076050e-01 1.562934815883636475e-01 1.149216815829277039e-01 5.651273578405380249e-02 -1.922065205872058868e-02 -1.293539255857467651e-01 -2.573383748531341553e-01 -4.038731157779693604e-01 -5.325949788093566895e-01 -6.398168802261352539e-01 -7.316105961799621582e-01 -7.935150861740112305e-01 -8.167196512222290039e-01 -8.173229694366455078e-01 -8.000464439392089844e-01 -7.951239347457885742e-01 -7.691324949264526367e-01 -7.535606026649475098e-01 -7.431218624114990234e-01 -7.470962405204772949e-01 -7.377110123634338379e-01 -7.258836627006530762e-01 -6.956018209457397461e-01 -6.608475446701049805e-01 -6.185468435287475586e-01 -5.616318583488464355e-01 -5.165346860885620117e-01 -4.732857942581176758e-01 -4.386273324489593506e-01 -4.025514721870422363e-01 -3.574734926223754883e-01 -3.226809501647949219e-01 -3.166475594043731689e-01 -2.997157573699951172e-01 -2.710140645503997803e-01 -2.706022560596466064e-01 -2.864039838314056396e-01 -3.039965927600860596e-01 -3.310510516166687012e-01 -3.624725639820098877e-01 -3.982132077217102051e-01 -4.213028848171234131e-01 -4.459248781204223633e-01 -4.509622454643249512e-01 -4.651742279529571533e-01 -4.674535095691680908e-01 -4.818857610225677490e-01 -4.971224665641784668e-01 -5.054543018341064453e-01 -5.116409063339233398e-01 -5.336388349533081055e-01 -5.542193651199340820e-01 -5.570541620254516602e-01 -5.486840009689331055e-01 -5.566518902778625488e-01 -5.685271620750427246e-01 -5.780560374259948730e-01 -5.943940877914428711e-01 -6.041815876960754395e-01 -6.211324930191040039e-01 -6.390603184700012207e-01 -6.452373862266540527e-01 -6.488860845565795898e-01 -6.391369104385375977e-01 -6.276926398277282715e-01 -6.251451969146728516e-01 -5.858036875724792480e-01 -5.465579032897949219e-01 -5.192161798477172852e-01 -4.819623827934265137e-01 -4.568711519241333008e-01 -4.454651772975921631e-01 -4.341836869716644287e-01 -4.029441475868225098e-01 -3.806301951408386230e-01 -3.651827871799468994e-01 -3.585460782051086426e-01 -3.420452177524566650e-01 -3.364906907081604004e-01 -3.249027431011199951e-01 -3.129221498966217041e-01 -3.060364425182342529e-01 -3.099054694175720215e-01 -3.061226308345794678e-01 -3.008936941623687744e-01 -2.972736656665802002e-01 -2.942090630531311035e-01 -2.817113399505615234e-01 -2.725559175014495850e-01 -2.696541547775268555e-01 -2.784839868545532227e-01 -2.754385471343994141e-01 -2.929928302764892578e-01 -3.129509091377258301e-01 -3.156132400035858154e-01 -3.096947669982910156e-01 -3.121847510337829590e-01 -3.188214600086212158e-01 -3.264158964157104492e-01 -3.272969424724578857e-01 -3.151918649673461914e-01 -3.187065422534942627e-01 -3.390381038188934326e-01 -3.421410024166107178e-01 -3.473507761955261230e-01 -3.500993251800537109e-01 -3.452247381210327148e-01 -3.359352350234985352e-01 -3.127689063549041748e-01 -3.036709725856781006e-01 -2.816539108753204346e-01 -2.632281184196472168e-01 -2.572043240070343018e-01 -2.418335229158401489e-01 -2.142427563667297363e-01 -1.824477612972259521e-01 -1.478275954723358154e-01 -9.708009660243988037e-02 -6.426037847995758057e-02 -2.540726773440837860e-02 1.202846877276897430e-02 2.934333682060241699e-02 4.306689649820327759e-02 6.213432177901268005e-02 6.891470402479171753e-02 7.096414268016815186e-02 5.995080992579460144e-02 2.549345977604389191e-02 8.044517599046230316e-04 -1.808101125061511993e-02 -4.660074412822723389e-02 -6.193320825695991516e-02 -9.924444556236267090e-02 -1.225352436304092407e-01 -1.333187222480773926e-01 -1.551730036735534668e-01 -1.747958809137344360e-01 -2.001169621944427490e-01 -2.225841432809829712e-01 -2.523488700389862061e-01 -2.877255976200103760e-01 -3.279290199279785156e-01 -3.602316081523895264e-01 -3.950528502464294434e-01 -4.379186332225799561e-01 -4.761683940887451172e-01 -5.346348285675048828e-01 -5.706723928451538086e-01 -5.934938788414001465e-01 -5.961275100708007812e-01 -5.669373869895935059e-01 -5.199727416038513184e-01 -4.901697039604187012e-01 -4.522263705730438232e-01 -4.222797155380249023e-01 -3.923809230327606201e-01 -3.704404532909393311e-01 -3.440180718898773193e-01 -3.137074708938598633e-01 -2.739158272743225098e-01 -2.324674129486083984e-01 -2.011704146862030029e-01 -1.765580177307128906e-01 -1.619246453046798706e-01 -1.494748145341873169e-01 -1.424358487129211426e-01 -1.447055488824844360e-01 -1.564562916755676270e-01 -1.645678430795669556e-01 -1.841045320034027100e-01 -2.088509947061538696e-01 -2.281961590051651001e-01 -2.486809343099594116e-01 -2.651434540748596191e-01 -2.708703875541687012e-01 -2.910104393959045410e-01 -2.982217669486999512e-01 -3.088520169258117676e-01 -3.268372416496276855e-01 -3.518614470958709717e-01 -3.862517774105072021e-01 -4.283896982669830322e-01 -4.782178401947021484e-01 -5.352190136909484863e-01 -5.795500278472900391e-01 -6.216688156127929688e-01 -6.655784845352172852e-01 -7.111927866935729980e-01 -7.427675724029541016e-01 -7.556004524230957031e-01 -7.682226896286010742e-01 -7.988302111625671387e-01 -8.237394690513610840e-01 -8.552280068397521973e-01 -8.676586747169494629e-01 -8.849447965621948242e-01 -8.914474844932556152e-01 -8.909878134727478027e-01 -8.845234513282775879e-01 -8.605718612670898438e-01 -8.382291793823242188e-01 -8.212111592292785645e-01 -7.991653680801391602e-01 -7.726280689239501953e-01 -7.263337373733520508e-01 -6.786891222000122070e-01 -6.412342786788940430e-01 -6.092477440834045410e-01 -5.751063823699951172e-01 -5.337920784950256348e-01 -4.900164902210235596e-01 -4.535767138004302979e-01 -4.086614847183227539e-01 -3.708139657974243164e-01 -3.337134122848510742e-01 -3.048297762870788574e-01 -2.944580614566802979e-01 -3.095128238201141357e-01 -3.275746703147888184e-01 -3.538917601108551025e-01 -3.711012601852416992e-01 -3.940664231777191162e-01 -4.092743992805480957e-01 -4.227489829063415527e-01 -4.265318214893341064e-01 -4.282843768596649170e-01 -4.399680793285369873e-01 -4.616787135601043701e-01 -4.811770915985107422e-01 -5.066801309585571289e-01 -5.173199176788330078e-01 -5.256804823875427246e-01 -5.355829596519470215e-01 -5.424494743347167969e-01 -5.463855862617492676e-01 -5.175018906593322754e-01 -4.896908700466156006e-01 -4.615159034729003906e-01 -4.264647960662841797e-01 -3.766174912452697754e-01 -3.272107541561126709e-01 -2.604316771030426025e-01 -2.085637003183364868e-01 -1.682740747928619385e-01 -1.149791404604911804e-01 -7.015968114137649536e-02 -4.867890849709510803e-02 -2.352063730359077454e-02 1.622311025857925415e-02 6.799533218145370483e-02 1.292198449373245239e-01 2.125572264194488525e-01 3.143586814403533936e-01 4.029249846935272217e-01 4.796926975250244141e-01 5.658743977546691895e-01 6.598324179649353027e-01 7.675140500068664551e-01 8.588576316833496094e-01 9.702837467193603516e-01 1.089141488075256348e+00 1.209062218666076660e+00 1.339862346649169922e+00 1.491108775138854980e+00 1.662073969841003418e+00 1.831621646881103516e+00 2.017909765243530273e+00 2.202502727508544922e+00 2.401901483535766602e+00 2.603378534317016602e+00 2.810112714767456055e+00 3.010383129119873047e+00 3.175477504730224609e+00 3.310951232910156250e+00 3.426638841629028320e+00 3.522407054901123047e+00 3.602871417999267578e+00 3.656242847442626953e+00 3.693419933319091797e+00 3.724219083786010742e+00 3.769708871841430664e+00 3.828797817230224609e+00 3.902769088745117188e+00 4.001524925231933594e+00 4.112376689910888672e+00 4.229960441589355469e+00 4.348856925964355469e+00 4.460474491119384766e+00 4.593802928924560547e+00 4.732867717742919922e+00 4.866741657257080078e+00 5.010920524597167969e+00 5.155023097991943359e+00 5.318594932556152344e+00 5.489330291748046875e+00 5.627130508422851562e+00 5.745653152465820312e+00 5.847550392150878906e+00 5.958947658538818359e+00 6.033014774322509766e+00 6.117913246154785156e+00 6.195839881896972656e+00 6.276045322418212891e+00 6.339970588684082031e+00 6.399337291717529297e+00 6.444740772247314453e+00 6.487204551696777344e+00 6.518616199493408203e+00 6.538133621215820312e+00 6.538162708282470703e+00 6.532196521759033203e+00 6.507009506225585938e+00 6.476210594177246094e+00 6.452287673950195312e+00 6.433574199676513672e+00 6.405332565307617188e+00 6.367427349090576172e+00 6.311498641967773438e+00 6.247066020965576172e+00 6.180650711059570312e+00 6.093760490417480469e+00 5.998528957366943359e+00 5.893662452697753906e+00 5.755182266235351562e+00 5.586477279663085938e+00 5.399805545806884766e+00 5.167252540588378906e+00 4.910115242004394531e+00 4.642165660858154297e+00 4.386244773864746094e+00 4.133186817169189453e+00 3.879535675048828125e+00 3.751043796539306641e+00 3.511719226837158203e+00 3.280343770980834961e+00 3.057299852371215820e+00 2.834801673889160156e+00 2.610388517379760742e+00 2.402121782302856445e+00 2.177650928497314453e+00 1.952615141868591309e+00 1.627779364585876465e+00 1.517885565757751465e+00 1.316447019577026367e+00 1.130915522575378418e+00 9.366021156311035156e-01 7.305571436882019043e-01 5.157684683799743652e-01 1.730337589979171753e-01 5.744168907403945923e-02 -1.911434978246688843e-01 -4.452257454395294189e-01 -6.848087310791015625e-01 -9.108884334564208984e-01 -1.122708201408386230e+00 -1.314991354942321777e+00 -1.520758628845214844e+00 -1.742049932479858398e+00 -1.985913753509521484e+00 -2.266686439514160156e+00 -2.567359924316406250e+00 -2.877591133117675781e+00 -3.190427064895629883e+00 -3.509114503860473633e+00 -3.815754175186157227e+00 -4.087017536163330078e+00 -4.337249279022216797e+00 -4.558493137359619141e+00 -4.730319976806640625e+00 -4.924058914184570312e+00 -4.981663703918457031e+00 -5.078264713287353516e+00 -5.163785457611083984e+00 -5.258308410644531250e+00 -5.347449779510498047e+00 -5.445372581481933594e+00 -5.549635410308837891e+00 -5.685472488403320312e+00 -5.847550392150878906e+00 -6.030936717987060547e+00 -6.202026367187500000e+00 -6.366316318511962891e+00 -6.517984390258789062e+00 -6.667937755584716797e+00 -6.827334403991699219e+00 -6.995455265045166016e+00 -7.191913604736328125e+00 -7.390546321868896484e+00 -7.598554611206054688e+00 -7.810671329498291016e+00 -8.025086402893066406e+00 -8.229857444763183594e+00 -8.445881843566894531e+00 -8.668877601623535156e+00 -8.883829116821289062e+00 -9.114659309387207031e+00 -9.350899696350097656e+00 -9.565420150756835938e+00 -9.783158302307128906e+00 -9.990533828735351562e+00 -1.018846797943115234e+01 -1.038854694366455078e+01 -1.059110546112060547e+01 -1.080986785888671875e+01 -1.101486968994140625e+01 -1.120859909057617188e+01 -1.139410114288330078e+01 -1.158113670349121094e+01 -1.176233959197998047e+01 -1.195215129852294922e+01 -1.215050697326660156e+01 -1.235944366455078125e+01 -1.255377674102783203e+01 -1.272277832031250000e+01 -1.286472511291503906e+01 -1.298276996612548828e+01 -1.307645893096923828e+01 -1.315531444549560547e+01 -1.323268508911132812e+01 -1.330978870391845703e+01 -1.338588619232177734e+01 -1.344702434539794922e+01 -1.349280166625976562e+01 -1.353398132324218750e+01 -1.354831790924072266e+01 -1.352631092071533203e+01 -1.348728561401367188e+01 -1.342325496673583984e+01 -1.333215045928955078e+01 -1.323284816741943359e+01 -1.314088249206542969e+01 -1.303608322143554688e+01 -1.293186950683593750e+01 -1.283871459960937500e+01 -1.272340011596679688e+01 -1.261298084259033203e+01 -1.253328227996826172e+01 -1.247672176361083984e+01 -1.244361400604248047e+01 -1.244174671173095703e+01 -1.246953868865966797e+01 -1.250096035003662109e+01 -1.252039146423339844e+01 -1.249781894683837891e+01 -1.242650985717773438e+01 -1.233150768280029297e+01 -1.222149944305419922e+01 -1.209393692016601562e+01 -1.196719741821289062e+01 -1.182707881927490234e+01 -1.167949008941650391e+01 -1.154984951019287109e+01 -1.145617866516113281e+01 -1.137100219726562500e+01 -1.131007480621337891e+01 -1.125292968750000000e+01 -1.119694423675537109e+01 -1.114838027954101562e+01 -1.107273197174072266e+01 -1.098371696472167969e+01 -1.089752578735351562e+01 -1.082252883911132812e+01 -1.076970291137695312e+01 -1.073995780944824219e+01 -1.073477649688720703e+01 -1.075359535217285156e+01 -1.080516624450683594e+01 -1.085882472991943359e+01 -1.093200206756591797e+01 -1.101525306701660156e+01 -1.107592201232910156e+01 -1.112272357940673828e+01 -1.116239070892333984e+01 -1.120854091644287109e+01 -1.128654479980468750e+01 -1.143409442901611328e+01 -1.163789844512939453e+01 -1.189341735839843750e+01 -1.218737697601318359e+01 -1.250473308563232422e+01 -1.282606410980224609e+01 -1.312704372406005859e+01 -1.340598773956298828e+01 -1.365823173522949219e+01 -1.384320735931396484e+01 -1.392777061462402344e+01 -1.389356231689453125e+01 -1.378456878662109375e+01 -1.365168094635009766e+01 -1.353894233703613281e+01 -1.346428108215332031e+01 -1.343479537963867188e+01 -1.343323326110839844e+01 -1.345439815521240234e+01 -1.349396038055419922e+01 -1.354601001739501953e+01 -1.363774585723876953e+01 -1.374595546722412109e+01 -1.382420730590820312e+01 -1.385120391845703125e+01 -1.382916831970214844e+01 -1.375082874298095703e+01 -1.358788967132568359e+01 -1.338829898834228516e+01 -1.317988872528076172e+01 -1.296926593780517578e+01 -1.276805782318115234e+01 -1.257648372650146484e+01 -1.241455841064453125e+01 -1.232241058349609375e+01 -1.231881904602050781e+01 -1.237026596069335938e+01 -1.243612480163574219e+01 -1.248264980316162109e+01 -1.249788570404052734e+01 -1.247394466400146484e+01 -1.243633556365966797e+01 -1.241233730316162109e+01 -1.240346908569335938e+01 -1.240990447998046875e+01 -1.241941452026367188e+01 -1.242296695709228516e+01 -1.242426013946533203e+01 -1.239993476867675781e+01 -1.233296394348144531e+01 -1.227502441406250000e+01 -1.220781421661376953e+01 -1.213618946075439453e+01 -1.206475543975830078e+01 -1.199930763244628906e+01 -1.192518329620361328e+01 -1.185219860076904297e+01 -1.178291034698486328e+01 -1.172143650054931641e+01 -1.166678237915039062e+01 -1.160934925079345703e+01 -1.154026222229003906e+01 -1.148381710052490234e+01 -1.143996524810791016e+01 -1.140441608428955078e+01 -1.137534046173095703e+01 -1.134546089172363281e+01 -1.128860378265380859e+01 -1.121317672729492188e+01 -1.111205482482910156e+01 -1.096612358093261719e+01 -1.080306911468505859e+01 -1.062439441680908203e+01 -1.040990257263183594e+01 -1.017564487457275391e+01 -9.923439025878906250e+00 -9.632697105407714844e+00 -9.319411277770996094e+00 -8.969359397888183594e+00 -8.592741966247558594e+00 -8.221650123596191406e+00 -7.831309318542480469e+00 -7.430922508239746094e+00 -7.043252944946289062e+00 -6.662478923797607422e+00 -6.293513774871826172e+00 -5.932879924774169922e+00 -5.594923973083496094e+00 -5.272539615631103516e+00 -4.989161968231201172e+00 -4.759462356567382812e+00 -4.567054748535156250e+00 -4.414074897766113281e+00 -4.294881820678710938e+00 -4.194804191589355469e+00 -4.109924793243408203e+00 -4.041776180267333984e+00 -3.964702129364013672e+00 -3.859127521514892578e+00 -3.718482494354248047e+00 -3.574514389038085938e+00 -3.405024051666259766e+00 -3.230927228927612305e+00 -3.069778203964233398e+00 -2.899924039840698242e+00 -2.700343608856201172e+00 -2.455589056015014648e+00 -2.163975238800048828e+00 -1.867678523063659668e+00 -1.544020652770996094e+00 -1.227191209793090820e+00 -9.225912690162658691e-01 -6.401137709617614746e-01 -3.832733631134033203e-01 -1.666460186243057251e-01 2.394201606512069702e-02 1.888450533151626587e-01 3.617542982101440430e-01 5.248185992240905762e-01 6.852684617042541504e-01 8.269668817520141602e-01 9.603621959686279297e-01 1.087886929512023926e+00 1.213505864143371582e+00 1.323677539825439453e+00 1.422270774841308594e+00 1.492152690887451172e+00 1.525633215904235840e+00 1.508567333221435547e+00 1.425402402877807617e+00 1.282937765121459961e+00 1.073349356651306152e+00 7.828561067581176758e-01 3.982706665992736816e-01 -1.074709221720695496e-01 -7.463780045509338379e-01 -1.469838738441467285e+00 -2.227718591690063477e+00 -2.955766677856445312e+00 -3.635030269622802734e+00 -4.196001529693603516e+00 -4.654155731201171875e+00 -5.041566371917724609e+00 -5.327309608459472656e+00 -5.515522480010986328e+00 -5.614144325256347656e+00 -5.607948303222656250e+00 -5.525137901306152344e+00 -5.361039161682128906e+00 -5.119042396545410156e+00 -4.830483913421630859e+00 -4.515799999237060547e+00 -4.175698280334472656e+00 -3.859673261642456055e+00 -3.589329719543457031e+00 -3.373861074447631836e+00 -3.190149068832397461e+00 -3.050404548645019531e+00 -2.945816278457641602e+00 -2.872687816619873047e+00 -2.822035789489746094e+00 -2.799578428268432617e+00 -2.798668384552001953e+00 -2.819248914718627930e+00 -2.863407611846923828e+00 -2.938499450683593750e+00 -3.033884525299072266e+00 -3.152991294860839844e+00 -3.314552068710327148e+00 -3.551137447357177734e+00 -3.865477085113525391e+00 -4.209849357604980469e+00 -4.580759048461914062e+00 -4.895740032196044922e+00 -5.119971752166748047e+00 -5.254401206970214844e+00 -5.299862384796142578e+00 -5.259448051452636719e+00 -5.133570671081542969e+00 -4.938136577606201172e+00 -4.706502437591552734e+00 -4.457592010498046875e+00 -4.229328632354736328e+00 -4.050826549530029297e+00 -3.923617601394653320e+00 -3.838824748992919922e+00 -3.781641483306884766e+00 -3.738335132598876953e+00 -3.687185525894165039e+00 -3.640096426010131836e+00 -3.580863714218139648e+00 -3.509076118469238281e+00 -3.441597938537597656e+00 -3.381474494934082031e+00 -3.327480792999267578e+00 -3.288349866867065430e+00 -3.267347812652587891e+00 -3.268200159072875977e+00 -3.258508443832397461e+00 -3.251823902130126953e+00 -3.247045278549194336e+00 -3.283216476440429688e+00 -3.354659557342529297e+00 -3.443618535995483398e+00 -3.542039632797241211e+00 -3.642433166503906250e+00 -3.722523927688598633e+00 -3.766539096832275391e+00 -3.776996850967407227e+00 -3.764815092086791992e+00 -3.763417005538940430e+00 -3.780205011367797852e+00 -3.827054738998413086e+00 -3.938672542572021484e+00 -4.092571735382080078e+00 -4.295762538909912109e+00 -4.543169975280761719e+00 -4.849781036376953125e+00 -5.181560039520263672e+00 -5.526497364044189453e+00 -5.847243785858154297e+00 -6.131167411804199219e+00 -6.390067100524902344e+00 -6.631115436553955078e+00 -6.868840217590332031e+00 -7.100493431091308594e+00 -7.343141078948974609e+00 -7.608887672424316406e+00 -7.898710727691650391e+00 -8.223336219787597656e+00 -8.550163269042968750e+00 -8.874875068664550781e+00 -9.190037727355957031e+00 -9.493527412414550781e+00 -9.803240776062011719e+00 -1.011955261230468750e+01 -1.043358612060546875e+01 -1.075542449951171875e+01 -1.104942321777343750e+01 -1.131903934478759766e+01 -1.157585048675537109e+01 -1.183751773834228516e+01 -1.209476947784423828e+01 -1.235119819641113281e+01 -1.261234760284423828e+01 -1.285433483123779297e+01 -1.304935741424560547e+01 -1.322575187683105469e+01 -1.337946987152099609e+01 -1.351570892333984375e+01 -1.362279701232910156e+01 -1.371165084838867188e+01 -1.376554870605468750e+01 -1.379321575164794922e+01 -1.381554031372070312e+01 -1.385553264617919922e+01 -1.391358661651611328e+01 -1.398431110382080078e+01 -1.405948066711425781e+01 -1.414082527160644531e+01 -1.421692276000976562e+01 -1.428396987915039062e+01 -1.435387134552001953e+01 -1.440157318115234375e+01 -1.443891334533691406e+01 -1.444193935394287109e+01 -1.440823936462402344e+01 -1.432802391052246094e+01 -1.421073627471923828e+01 -1.404746055603027344e+01 -1.388170623779296875e+01 -1.372064399719238281e+01 -1.355941772460937500e+01 -1.338993644714355469e+01 -1.321985244750976562e+01 -1.307136440277099609e+01 -1.297440910339355469e+01 -1.292357540130615234e+01 -1.293073844909667969e+01 -1.300906753540039062e+01 -1.311780261993408203e+01 -1.323701477050781250e+01 -1.337469005584716797e+01 -1.351583385467529297e+01 -1.365603828430175781e+01 -1.377389907836914062e+01 -1.387588310241699219e+01 -1.394852352142333984e+01 -1.400582122802734375e+01 -1.407764720916748047e+01 -1.410608100891113281e+01 -1.410518074035644531e+01 -1.405724906921386719e+01 -1.396369361877441406e+01 -1.384982490539550781e+01 -1.369696998596191406e+01 -1.349991703033447266e+01 -1.325725936889648438e+01 -1.300471019744873047e+01 -1.272886943817138672e+01 -1.241986465454101562e+01 -1.208553695678710938e+01 -1.172860050201416016e+01 -1.137514972686767578e+01 -1.104081344604492188e+01 -1.072407054901123047e+01 -1.043027210235595703e+01 -1.014053630828857422e+01 -9.880343437194824219e+00 -9.619078636169433594e+00 -9.383421897888183594e+00 -9.161604881286621094e+00 -8.953825950622558594e+00 -8.774806976318359375e+00 -8.619892120361328125e+00 -8.471825599670410156e+00 -8.325664520263671875e+00 -8.171583175659179688e+00 -8.024109840393066406e+00 -7.916475772857666016e+00 -7.835302829742431641e+00 -7.766215801239013672e+00 -7.683835983276367188e+00 -7.593488216400146484e+00 -7.476823806762695312e+00 -7.337625026702880859e+00 -7.163614273071289062e+00 -6.983455657958984375e+00 -6.832678318023681641e+00 -6.730340480804443359e+00 -6.651264667510986328e+00 -6.595106601715087891e+00 -6.556167125701904297e+00 -6.526593685150146484e+00 -6.511232376098632812e+00 -6.483536720275878906e+00 -6.457880496978759766e+00 -6.427023887634277344e+00 -6.393600463867187500e+00 -6.356912136077880859e+00 -6.307831287384033203e+00 -6.265923023223876953e+00 -6.240065574645996094e+00 -6.209668636322021484e+00 -6.166151523590087891e+00 -6.111803054809570312e+00 -6.052091598510742188e+00 -5.994918346405029297e+00 -5.932956695556640625e+00 -5.877401351928710938e+00 -5.829163074493408203e+00 -5.766454219818115234e+00 -5.705047130584716797e+00 -5.612554550170898438e+00 -5.491906166076660156e+00 -5.361048221588134766e+00 -5.216342926025390625e+00 -5.075937271118164062e+00 -4.944371223449707031e+00 -4.811856746673583984e+00 -4.695900917053222656e+00 -4.583392620086669922e+00 -4.488965511322021484e+00 -4.411737918853759766e+00 -4.368431568145751953e+00 -4.321208477020263672e+00 -4.280047416687011719e+00 -4.241280078887939453e+00 -4.200751304626464844e+00 -4.178609848022460938e+00 -4.150884628295898438e+00 -4.125496864318847656e+00 -4.126042366027832031e+00 -4.116743564605712891e+00 -4.074510097503662109e+00 -4.024863719940185547e+00 -3.968006372451782227e+00 -3.905182361602783203e+00 -3.834534168243408203e+00 -3.762506961822509766e+00 -3.709240913391113281e+00 -3.659460783004760742e+00 -3.599787712097167969e+00 -3.534713029861450195e+00 -3.479876518249511719e+00 -3.425422668457031250e+00 -3.378343105316162109e+00 -3.336301088333129883e+00 -3.278782606124877930e+00 -3.214302062988281250e+00 -3.145789623260498047e+00 -3.063294887542724609e+00 -2.997588396072387695e+00 -2.953372240066528320e+00 -2.931115627288818359e+00 -2.936344623565673828e+00 -2.954483270645141602e+00 -2.970160484313964844e+00 -2.975149869918823242e+00 -2.974106311798095703e+00 -2.958869457244873047e+00 -2.933615207672119141e+00 -2.895681619644165039e+00 -2.860630512237548828e+00 -2.841055393218994141e+00 -2.794924020767211914e+00 -2.736275672912597656e+00 -2.684848070144653320e+00 -2.610359907150268555e+00 -2.509745836257934570e+00 -2.392889738082885742e+00 -2.270919322967529297e+00 -2.163228273391723633e+00 -2.076088905334472656e+00 -2.011407136917114258e+00 -1.957192897796630859e+00 -1.927811145782470703e+00 -1.916711688041687012e+00 -1.894914865493774414e+00 -1.880798697471618652e+00 -1.878739595413208008e+00 -1.889111280441284180e+00 -1.899856567382812500e+00 -1.905382275581359863e+00 -1.891993880271911621e+00 -1.860754370689392090e+00 -1.839244842529296875e+00 -1.808953523635864258e+00 -1.765177845954895020e+00 -1.719333767890930176e+00 -1.675701737403869629e+00 -1.656864166259765625e+00 -1.631600618362426758e+00 -1.602266788482666016e+00 -1.593274116516113281e+00 -1.577003121376037598e+00 -1.560847163200378418e+00 -1.547516226768493652e+00 -1.542047858238220215e+00 -1.545150756835937500e+00 -1.571735978126525879e+00 -1.612925767898559570e+00 -1.651060700416564941e+00 -1.674667477607727051e+00 -1.702430605888366699e+00 -1.716451048851013184e+00 -1.717418313026428223e+00 -1.711777567863464355e+00 -1.683947443962097168e+00 -1.644471764564514160e+00 -1.602649927139282227e+00 -1.551318287849426270e+00 -1.507197856903076172e+00 -1.454496741294860840e+00 -1.409284591674804688e+00 -1.367558479309082031e+00 -1.340168833732604980e+00 -1.298289418220520020e+00 -1.256170630455017090e+00 -1.225620627403259277e+00 -1.207846045494079590e+00 -1.203277826309204102e+00 -1.167384028434753418e+00 -1.130034446716308594e+00 -1.065936923027038574e+00 -9.831262826919555664e-01 -9.006986618041992188e-01 -8.459289073944091797e-01 -8.120078444480895996e-01 -7.834690213203430176e-01 -7.904025912284851074e-01 -7.944822907447814941e-01 -8.066448569297790527e-01 -8.105425834655761719e-01 -8.194394707679748535e-01 -8.173134326934814453e-01 -8.097764849662780762e-01 -8.080335259437561035e-01 -7.997016310691833496e-01 -7.947505116462707520e-01 -8.033791780471801758e-01 -8.274552822113037109e-01 -8.625159263610839844e-01 -9.263836741447448730e-01 -1.009050607681274414e+00 -1.106121182441711426e+00 -1.191306829452514648e+00 -1.267940402030944824e+00 -1.330726027488708496e+00 -1.371092319488525391e+00 -1.407168149948120117e+00 -1.410271048545837402e+00 -1.399142742156982422e+00 -1.378993153572082520e+00 -1.345799922943115234e+00 -1.325449228286743164e+00 -1.292169809341430664e+00 -1.270430445671081543e+00 -1.234306812286376953e+00 -1.195578098297119141e+00 -1.181797146797180176e+00 -1.151764273643493652e+00 -1.117900609970092773e+00 -1.100729465484619141e+00 -1.066760540008544922e+00 -1.040548801422119141e+00 -1.004894375801086426e+00 -9.591267704963684082e-01 -9.265465140342712402e-01 -8.903365731239318848e-01 -8.201481103897094727e-01 -7.656369805335998535e-01 -7.323766946792602539e-01 -7.124953269958496094e-01 -7.183562517166137695e-01 -7.387069463729858398e-01 -7.734420895576477051e-01 -8.219390511512756348e-01 -8.692963123321533203e-01 -9.028246998786926270e-01 -9.347825050354003906e-01 -9.508715867996215820e-01 -9.549704790115356445e-01 -9.644322991371154785e-01 -9.601802229881286621e-01 -9.412468671798706055e-01 -9.216718673706054688e-01 -8.968775868415832520e-01 -8.795818686485290527e-01 -8.458523154258728027e-01 -8.242565989494323730e-01 -8.141434788703918457e-01 -8.107820153236389160e-01 -8.193532824516296387e-01 -8.396081924438476562e-01 -8.471738696098327637e-01 -8.803096413612365723e-01 -9.218059778213500977e-01 -9.736931324005126953e-01 -1.025369524955749512e+00 -1.081460952758789062e+00 -1.142733335494995117e+00 -1.191594243049621582e+00 -1.223331689834594727e+00 -1.244266629219055176e+00 -1.242676854133605957e+00 -1.250051021575927734e+00 -1.239382505416870117e+00 -1.221646189689636230e+00 -1.210020065307617188e+00 -1.199964404106140137e+00 -1.194812059402465820e+00 -1.168178796768188477e+00 -1.139668703079223633e+00 -1.107634305953979492e+00 -1.080847978591918945e+00 -1.085550189018249512e+00 -1.085646033287048340e+00 -1.100355982780456543e+00 -1.127937078475952148e+00 -1.166943430900573730e+00 -1.186872839927673340e+00 -1.194093704223632812e+00 -1.211849093437194824e+00 -1.215239405632019043e+00 -1.217030167579650879e+00 -1.213889002799987793e+00 -1.203297019004821777e+00 -1.191402673721313477e+00 -1.163562893867492676e+00 -1.139620900154113770e+00 -1.120706677436828613e+00 -1.121712327003479004e+00 -1.130053639411926270e+00 -1.136441349983215332e+00 -1.137791633605957031e+00 -1.151103377342224121e+00 -1.173426985740661621e+00 -1.197847843170166016e+00 -1.226358056068420410e+00 -1.245051860809326172e+00 -1.266982793807983398e+00 -1.292811393737792969e+00 -1.308766365051269531e+00 -1.309657096862792969e+00 -1.318678498268127441e+00 -1.326071619987487793e+00 -1.322623968124389648e+00 -1.322470784187316895e+00 -1.317452669143676758e+00 -1.311486244201660156e+00 -1.296220779418945312e+00 -1.272020220756530762e+00 -1.243193984031677246e+00 -1.191900610923767090e+00 -1.124901294708251953e+00 -1.057509303092956543e+00 -1.000958204269409180e+00 -9.461693763732910156e-01 -9.150255918502807617e-01 -8.924722075462341309e-01 -8.646898865699768066e-01 -8.375300765037536621e-01 -8.143350481986999512e-01 -7.865719199180603027e-01 -7.805384993553161621e-01 -7.862941026687622070e-01 -8.092018365859985352e-01 -8.375588059425354004e-01 -8.439177870750427246e-01 -8.588001728057861328e-01 -8.519048690795898438e-01 -8.524889945983886719e-01 -8.632246255874633789e-01 -8.794956207275390625e-01 -9.192681312561035156e-01 -9.749189615249633789e-01 -1.027418971061706543e+00 -1.104110121726989746e+00 -1.186729073524475098e+00 -1.283905029296875000e+00 -1.383676171302795410e+00 -1.473899245262145996e+00 -1.530325770378112793e+00 -1.566650629043579102e+00 -1.586934328079223633e+00 -1.593896746635437012e+00 -1.590793848037719727e+00 -1.551825761795043945e+00 -1.486751317977905273e+00 -1.420163869857788086e+00 -1.347629189491271973e+00 -1.293682932853698730e+00 -1.222852945327758789e+00 -1.150174379348754883e+00 -1.085598111152648926e+00 -1.012642025947570801e+00 -9.455755949020385742e-01 -8.672181367874145508e-01 -7.888128757476806641e-01 -7.226658463478088379e-01 -6.409852504730224609e-01 -5.585960149765014648e-01 -4.686793386936187744e-01 -3.794426620006561279e-01 -2.951667606830596924e-01 -2.102396339178085327e-01 -1.307042539119720459e-01 -6.553408503532409668e-02 -2.872084453701972961e-02 3.514687996357679367e-03 1.362779643386602402e-02 5.956773646175861359e-03 -3.048297762870788574e-02 -4.889917373657226562e-02 -8.190084993839263916e-02 -9.879434108734130859e-02 -8.651687949895858765e-02 -6.963296234607696533e-02 -5.384080857038497925e-02 -3.261860460042953491e-02 -4.175487905740737915e-03 2.665225416421890259e-02 6.079356744885444641e-02 1.160900518298149109e-01 1.891419440507888794e-01 2.581332325935363770e-01 3.385496735572814941e-01 4.170507788658142090e-01 5.043912529945373535e-01 5.870582461357116699e-01 6.803555488586425781e-01 7.618733048439025879e-01 8.304719924926757812e-01 8.830773234367370605e-01 9.322351217269897461e-01 9.862291216850280762e-01 1.042722821235656738e+00 1.084199786186218262e+00 1.150002121925354004e+00 1.229824781417846680e+00 1.321379065513610840e+00 1.411650061607360840e+00 1.488398551940917969e+00 1.563739418983459473e+00 1.623058080673217773e+00 1.671938061714172363e+00 1.724993705749511719e+00 1.748159885406494141e+00 1.780127286911010742e+00 1.823874115943908691e+00 1.868952155113220215e+00 1.928711414337158203e+00 1.980406999588012695e+00 2.018963336944580078e+00 2.056877851486206055e+00 2.108113765716552734e+00 2.161332130432128906e+00 2.227095842361450195e+00 2.297188758850097656e+00 2.360587120056152344e+00 2.431761980056762695e+00 2.501097917556762695e+00 2.554785728454589844e+00 2.577530622482299805e+00 2.572129249572753906e+00 2.568767786026000977e+00 2.548053264617919922e+00 2.505378961563110352e+00 2.467215299606323242e+00 2.434730768203735352e+00 2.398530483245849609e+00 2.340399265289306641e+00 2.285236835479736328e+00 2.224883794784545898e+00 2.170401334762573242e+00 2.118504524230957031e+00 2.070994138717651367e+00 2.023119688034057617e+00 1.971002578735351562e+00 1.898745656013488770e+00 1.820407390594482422e+00 1.740354776382446289e+00 1.658961534500122070e+00 1.582931280136108398e+00 1.507331967353820801e+00 1.463144540786743164e+00 1.410175204277038574e+00 1.351201295852661133e+00 1.292198538780212402e+00 1.223465800285339355e+00 1.142292737960815430e+00 1.039313316345214844e+00 9.218921661376953125e-01 8.197268247604370117e-01 6.899322867393493652e-01 5.561922192573547363e-01 4.188129305839538574e-01 2.924948334693908691e-01 1.645870059728622437e-01 4.435019195079803467e-02 -7.834785431623458862e-02 -2.087648212909698486e-01 -3.339145183563232422e-01 -4.637568593025207520e-01 -5.612104535102844238e-01 -6.341570019721984863e-01 -6.953240633010864258e-01 -7.228382229804992676e-01 -7.193139791488647461e-01 -7.231446504592895508e-01 -7.343974113464355469e-01 -7.643823623657226562e-01 -8.234137892723083496e-01 -8.989940285682678223e-01 -9.978936910629272461e-01 -1.113255858421325684e+00 -1.241680860519409180e+00 -1.369866490364074707e+00 -1.501269817352294922e+00 -1.591933488845825195e+00 -1.656816244125366211e+00 -1.711269974708557129e+00 -1.727876186370849609e+00 -1.705906987190246582e+00 -1.660666108131408691e+00 -1.621525764465332031e+00 -1.580077409744262695e+00 -1.556030035018920898e+00 -1.547468423843383789e+00 -1.541320085525512695e+00 -1.560990691184997559e+00 -1.575509309768676758e+00 -1.579550623893737793e+00 -1.579004764556884766e+00 -1.588026165962219238e+00 -1.601902961730957031e+00 -1.614630460739135742e+00 -1.612264990806579590e+00 -1.596329212188720703e+00 -1.578123688697814941e+00 -1.542584061622619629e+00 -1.493177413940429688e+00 -1.429529905319213867e+00 -1.375267863273620605e+00 -1.318324089050292969e+00 -1.269022703170776367e+00 -1.237792730331420898e+00 -1.220516085624694824e+00 -1.220544934272766113e+00 -1.233550190925598145e+00 -1.284680843353271484e+00 -1.371685981750488281e+00 -1.487785696983337402e+00 -1.629685163497924805e+00 -1.784398555755615234e+00 -1.939954638481140137e+00 -2.108918190002441406e+00 -2.264493465423583984e+00 -2.409045696258544922e+00 -2.522262811660766602e+00 -2.606261014938354492e+00 -2.638084650039672852e+00 -2.656673431396484375e+00 -2.669620990753173828e+00 -2.699060201644897461e+00 -2.761108398437500000e+00 -2.870360612869262695e+00 -3.038318634033203125e+00 -3.238646268844604492e+00 -3.434405803680419922e+00 -3.621067285537719727e+00 -3.770063161849975586e+00 -3.882475852966308594e+00 -3.951352357864379883e+00 -3.982706546783447266e+00 -3.975476026535034180e+00 -3.945184707641601562e+00 -3.909147262573242188e+00 -3.890060663223266602e+00 -3.857853651046752930e+00 -3.850786209106445312e+00 -3.881288290023803711e+00 -3.939093828201293945e+00 -4.045204639434814453e+00 -4.203356266021728516e+00 -4.390199661254882812e+00 -4.619851589202880859e+00 -4.886680603027343750e+00 -5.184634208679199219e+00 -5.478613376617431641e+00 -5.760583400726318359e+00 -6.048596382141113281e+00 -6.339319229125976562e+00 -6.616702079772949219e+00 -6.868677139282226562e+00 -7.114140510559082031e+00 -7.362955570220947266e+00 -7.590184688568115234e+00 -7.791488647460937500e+00 -8.005558967590332031e+00 -8.217398643493652344e+00 -8.423471450805664062e+00 -8.610497474670410156e+00 -8.772307395935058594e+00 -8.925574302673339844e+00 -9.060081481933593750e+00 -9.179359436035156250e+00 -9.277407646179199219e+00 -9.358081817626953125e+00 -9.422705650329589844e+00 -9.469604492187500000e+00 -9.494408607482910156e+00 -9.475206375122070312e+00 -9.427198410034179688e+00 -9.345871925354003906e+00 -9.233803749084472656e+00 -9.108931541442871094e+00 -8.981570243835449219e+00 -8.859302520751953125e+00 -8.753919601440429688e+00 -8.680063247680664062e+00 -8.629085540771484375e+00 -8.591755867004394531e+00 -8.564596176147460938e+00 -8.552700996398925781e+00 -8.546945571899414062e+00 -8.544954299926757812e+00 -8.543374061584472656e+00 -8.563179016113281250e+00 -8.580953598022460938e+00 -8.577361106872558594e+00 -8.564308166503906250e+00 -8.521930694580078125e+00 -8.456770896911621094e+00 -8.381669044494628906e+00 -8.310091972351074219e+00 -8.223019599914550781e+00 -8.129798889160156250e+00 -8.017855644226074219e+00 -7.873811244964599609e+00 -7.712327003479003906e+00 -7.532072067260742188e+00 -7.325624942779541016e+00 -7.100234985351562500e+00 -6.836776733398437500e+00 -6.575847148895263672e+00 -6.309861183166503906e+00 -6.047954559326171875e+00 -5.773684501647949219e+00 -5.503561019897460938e+00 -5.248367786407470703e+00 -5.000529766082763672e+00 -4.762584686279296875e+00 -4.515569686889648438e+00 -4.249698162078857422e+00 -3.962087869644165039e+00 -3.647958993911743164e+00 -3.302466154098510742e+00 -2.945519208908081055e+00 -2.607687950134277344e+00 -2.268563508987426758e+00 -1.975886702537536621e+00 -1.727665543556213379e+00 -1.510195493698120117e+00 -1.297791361808776855e+00 -1.089026570320129395e+00 -8.619126081466674805e-01 -6.055510640144348145e-01 -3.138032257556915283e-01 4.381389170885086060e-02 4.360990524291992188e-01 8.555248975753784180e-01 1.320134043693542480e+00 1.813167214393615723e+00 2.332086324691772461e+00 2.864968776702880859e+00 3.415414810180664062e+00 3.977755308151245117e+00 4.540957927703857422e+00 5.103700637817382812e+00 5.671145439147949219e+00 6.261737823486328125e+00 6.863256931304931641e+00 7.480424880981445312e+00 8.091903686523437500e+00 8.688711166381835938e+00 9.262572288513183594e+00 9.798902511596679688e+00 1.029927158355712891e+01 1.077106380462646484e+01 1.120124435424804688e+01 1.157101345062255859e+01 1.188660812377929688e+01 1.214778709411621094e+01 1.234512615203857422e+01 1.249452400207519531e+01 1.256909942626953125e+01 1.259115409851074219e+01 1.256706905364990234e+01 1.248864459991455078e+01 1.238378810882568359e+01 1.225396442413330078e+01 1.211537933349609375e+01 1.198119831085205078e+01 1.186265659332275391e+01 1.174724578857421875e+01 1.163639450073242188e+01 1.152086067199707031e+01 1.141306304931640625e+01 1.129869747161865234e+01 1.117843151092529297e+01 1.104169464111328125e+01 1.089457511901855469e+01 1.074701595306396484e+01 1.060643863677978516e+01 1.046124458312988281e+01 1.030407905578613281e+01 1.014874362945556641e+01 9.973746299743652344e+00 9.788003921508789062e+00 9.585166931152343750e+00 9.369516372680664062e+00 9.148484230041503906e+00 8.924808502197265625e+00 8.685531616210937500e+00 8.417199134826660156e+00 8.130153656005859375e+00 7.833253383636474609e+00 7.515398979187011719e+00 7.202410221099853516e+00 6.885398387908935547e+00 6.554491043090820312e+00 6.217665195465087891e+00 5.889803409576416016e+00 5.540019989013671875e+00 5.170642375946044922e+00 4.793890953063964844e+00 4.414486408233642578e+00 4.031883716583251953e+00 3.646244525909423828e+00 3.260624885559082031e+00 2.877657890319824219e+00 2.499853134155273438e+00 2.140694141387939453e+00 1.806070804595947266e+00 1.481943845748901367e+00 1.174672007560729980e+00 8.887372612953186035e-01 6.380069255828857422e-01 4.012394845485687256e-01 2.063993364572525024e-01 3.256114199757575989e-02 -1.328111588954925537e-01 -2.910487353801727295e-01 -4.869040250778198242e-01 -7.085017561912536621e-01 -9.645376801490783691e-01 -1.233138442039489746e+00 -1.510118722915649414e+00 -1.791389703750610352e+00 -2.062001466751098633e+00 -2.314896345138549805e+00 -2.547478437423706055e+00 -2.754184246063232422e+00 -2.937752485275268555e+00 -3.089056491851806641e+00 -3.239623069763183594e+00 -3.395542860031127930e+00 -3.552535533905029297e+00 -3.711146831512451172e+00 -3.880991458892822266e+00 -4.046133995056152344e+00 -4.209945201873779297e+00 -4.397257804870605469e+00 -4.588832378387451172e+00 -4.798995018005371094e+00 -5.010700225830078125e+00 -5.241721630096435547e+00 -5.471277713775634766e+00 -5.687330722808837891e+00 -5.895520687103271484e+00 -6.112895011901855469e+00 -6.345419883728027344e+00 -6.588297367095947266e+00 -6.830399036407470703e+00 -7.087832927703857422e+00 -7.335202217102050781e+00 -7.581086635589599609e+00 -7.820123672485351562e+00 -8.036674499511718750e+00 -8.224609375000000000e+00 -8.386878967285156250e+00 -8.513743400573730469e+00 -8.619278907775878906e+00 -8.699178695678710938e+00 -8.758526802062988281e+00 -8.805481910705566406e+00 -8.861113548278808594e+00 -8.905549049377441406e+00 -8.939086914062500000e+00 -8.962981224060058594e+00 -8.990169525146484375e+00 -8.988954544067382812e+00 -8.983706474304199219e+00 -8.946164131164550781e+00 -8.889441490173339844e+00 -8.809330940246582031e+00 -8.713390350341796875e+00 -8.590654373168945312e+00 -8.452345848083496094e+00 -8.318739891052246094e+00 -8.213796615600585938e+00 -8.127720832824707031e+00 -8.057782173156738281e+00 -7.982268333435058594e+00 -7.902474403381347656e+00 -7.816532135009765625e+00 -7.728214740753173828e+00 -7.641439437866210938e+00 -7.562114715576171875e+00 -7.494684696197509766e+00 -7.415857791900634766e+00 -7.327243804931640625e+00 -7.208778381347656250e+00 -7.070259571075439453e+00 -6.896603584289550781e+00 -6.724872112274169922e+00 -6.553054809570312500e+00 -6.430941104888916016e+00 -6.364592552185058594e+00 -6.347708702087402344e+00 -6.361259937286376953e+00 -6.394970417022705078e+00 -6.444223403930664062e+00 -6.493879318237304688e+00 -6.517103195190429688e+00 -6.485777378082275391e+00 -6.396167278289794922e+00 -6.251279830932617188e+00 -6.080630779266357422e+00 -5.907405376434326172e+00 -5.715342998504638672e+00 -5.508790016174316406e+00 -5.267588615417480469e+00 -5.132842540740966797e+00 -4.860861301422119141e+00 -4.571785449981689453e+00 -4.160183906555175781e+00 -4.024174213409423828e+00 -3.754213571548461914e+00 -3.457830667495727539e+00 -3.024422645568847656e+00 -2.889945030212402344e+00 -2.637471675872802734e+00 -2.434577703475952148e+00 -2.320192098617553711e+00 -2.395475387573242188e+00 -2.526083946228027344e+00 -2.556691408157348633e+00 -2.534023284912109375e+00 -2.507725000381469727e+00 -2.460329532623291016e+00 -2.382537126541137695e+00 -2.337267637252807617e+00 -2.375737667083740234e+00 -2.607065439224243164e+00 -2.727991580963134766e+00 -2.992426395416259766e+00 -3.282929420471191406e+00 -3.587289810180664062e+00 -3.874622821807861328e+00 -4.123141288757324219e+00 -4.289250373840332031e+00 -4.385775566101074219e+00 -4.420701503753662109e+00 -4.400322437286376953e+00 -4.321179866790771484e+00 -4.195177555084228516e+00 -4.067490100860595703e+00 -3.955116033554077148e+00 -3.858380556106567383e+00 -3.778021574020385742e+00 -3.703035116195678711e+00 -3.611116886138916016e+00 -3.505283594131469727e+00 -3.394288539886474609e+00 -3.280066013336181641e+00 -3.155030965805053711e+00 -3.028837680816650391e+00 -2.925944328308105469e+00 -2.839791297912597656e+00 -2.745124578475952148e+00 -2.652593612670898438e+00 -2.567829132080078125e+00 -2.479837417602539062e+00 -2.383647918701171875e+00 -2.290791273117065430e+00 -2.223993062973022461e+00 -2.169855356216430664e+00 -2.143940687179565430e+00 -2.138548851013183594e+00 -2.162893056869506836e+00 -2.192638635635375977e+00 -2.244564294815063477e+00 -2.306832551956176758e+00 -2.363450765609741211e+00 -2.412742376327514648e+00 -2.446989059448242188e+00 -2.479387521743774414e+00 -2.509199857711791992e+00 -2.544327735900878906e+00 -2.596971511840820312e+00 -2.654489755630493164e+00 -2.708809375762939453e+00 -2.746867656707763672e+00 -2.780194759368896484e+00 -2.811587572097778320e+00 -2.853811740875244141e+00 -2.903515338897705078e+00 -2.959118366241455078e+00 -3.007941007614135742e+00 -3.055978298187255859e+00 -3.068313121795654297e+00 -3.074202775955200195e+00 -3.057453155517578125e+00 -3.037724971771240234e+00 -3.017287731170654297e+00 -2.986718654632568359e+00 -2.923013925552368164e+00 -2.851790904998779297e+00 -2.790528297424316406e+00 -2.731985330581665039e+00 -2.699357271194458008e+00 -2.681505918502807617e+00 -2.679111719131469727e+00 -2.670454263687133789e+00 -2.659603834152221680e+00 -2.649337291717529297e+00 -2.626065731048583984e+00 -2.602458953857421875e+00 -2.560474157333374023e+00 -2.518259763717651367e+00 -2.486799716949462891e+00 -2.432451486587524414e+00 -2.369225263595581055e+00 -2.296776771545410156e+00 -2.232841968536376953e+00 -2.181567907333374023e+00 -2.146861553192138672e+00 -2.123790979385375977e+00 -2.124480485916137695e+00 -2.127487659454345703e+00 -2.132333517074584961e+00 -2.142427444458007812e+00 -2.143538236618041992e+00 -2.135082006454467773e+00 -2.126913070678710938e+00 -2.109167337417602539e+00 -2.089180469512939453e+00 -2.049254655838012695e+00 -2.028425216674804688e+00 -2.024757146835327148e+00 -2.015276193618774414e+00 -2.041698694229125977e+00 -2.063121795654296875e+00 -2.083319425582885742e+00 -2.102482557296752930e+00 -2.108697891235351562e+00 -2.128895521163940430e+00 -2.147081851959228516e+00 -2.192715406417846680e+00 -2.237209081649780273e+00 -2.276100635528564453e+00 -2.307799816131591797e+00 -2.351326465606689453e+00 -2.366227865219116211e+00 -2.375000238418579102e+00 -2.383753299713134766e+00 -2.374243736267089844e+00 -2.369292497634887695e+00 -2.361219167709350586e+00 -2.345139741897583008e+00 -2.318362951278686523e+00 -2.302254915237426758e+00 -2.261984348297119141e+00 -2.214579105377197266e+00 -2.181261539459228516e+00 -2.141584634780883789e+00 -2.101907968521118164e+00 -2.056130886077880859e+00 -2.011943578720092773e+00 -1.967325091361999512e+00 -1.910486817359924316e+00 -1.857890963554382324e+00 -1.822906851768493652e+00 -1.783900499343872070e+00 -1.750008225440979004e+00 -1.731659054756164551e+00 -1.711337089538574219e+00 -1.707544684410095215e+00 -1.700716376304626465e+00 -1.699643850326538086e+00 -1.688582539558410645e+00 -1.678766369819641113e+00 -1.680873274803161621e+00 -1.672388195991516113e+00 -1.662476181983947754e+00 -1.642977833747863770e+00 -1.614994406700134277e+00 -1.602573275566101074e+00 -1.584530472755432129e+00 -1.559266924858093262e+00 -1.531819820404052734e+00 -1.500570654869079590e+00 -1.476322293281555176e+00 -1.463881969451904297e+00 -1.462684869766235352e+00 -1.485640525817871094e+00 -1.512196898460388184e+00 -1.558788061141967773e+00 -1.599317193031311035e+00 -1.649202704429626465e+00 -1.676276326179504395e+00 -1.710791110992431641e+00 -1.742634057998657227e+00 -1.759901046752929688e+00 -1.773222446441650391e+00 -1.799606442451477051e+00 -1.831305742263793945e+00 -1.866950511932373047e+00 -1.907134890556335449e+00 -1.942205190658569336e+00 -1.998258233070373535e+00 -2.068935155868530273e+00 -2.141996622085571289e+00 -2.197695255279541016e+00 -2.229021072387695312e+00 -2.242294549942016602e+00 -2.217710733413696289e+00 -2.187141656875610352e+00 -2.154005765914916992e+00 -2.097330331802368164e+00 -2.052530050277709961e+00 -2.008668184280395508e+00 -1.960841655731201172e+00 -1.891936540603637695e+00 -1.829687237739562988e+00 -1.771057963371276855e+00 -1.717810988426208496e+00 -1.685805320739746094e+00 -1.652813196182250977e+00 -1.620989561080932617e+00 -1.599709868431091309e+00 -1.611019968986511230e+00 -1.621908783912658691e+00 -1.613864421844482422e+00 -1.606308221817016602e+00 -1.601146340370178223e+00 -1.570854902267456055e+00 -1.554909586906433105e+00 -1.544691085815429688e+00 -1.517378091812133789e+00 -1.497295379638671875e+00 -1.474885702133178711e+00 -1.463173270225524902e+00 -1.453606128692626953e+00 -1.461918711662292480e+00 -1.476963877677917480e+00 -1.489298820495605469e+00 -1.496462225914001465e+00 -1.501509308815002441e+00 -1.501834869384765625e+00 -1.504985570907592773e+00 -1.493483901023864746e+00 -1.477758765220642090e+00 -1.463920235633850098e+00 -1.455521345138549805e+00 -1.461526155471801758e+00 -1.460712075233459473e+00 -1.446049928665161133e+00 -1.445877552032470703e+00 -1.456038594245910645e+00 -1.466314435005187988e+00 -1.498032808303833008e+00 -1.520969390869140625e+00 -1.546347856521606445e+00 -1.579981565475463867e+00 -1.628219962120056152e+00 -1.686868309974670410e+00 -1.743122458457946777e+00 -1.793266654014587402e+00 -1.821393728256225586e+00 -1.846599817276000977e+00 -1.869229912757873535e+00 -1.880779504776000977e+00 -1.876460313796997070e+00 -1.854452848434448242e+00 -1.808177709579467773e+00 -1.754509329795837402e+00 -1.681055188179016113e+00 -1.607486248016357422e+00 -1.557839989662170410e+00 -1.509582519531250000e+00 -1.467636108398437500e+00 -1.430142879486083984e+00 -1.389632940292358398e+00 -1.360548257827758789e+00 -1.325554609298706055e+00 -1.297465801239013672e+00 -1.285360693931579590e+00 -1.285035014152526855e+00 -1.290359735488891602e+00 -1.309235692024230957e+00 -1.345685005187988281e+00 -1.379969954490661621e+00 -1.422050356864929199e+00 -1.454946756362915039e+00 -1.483562231063842773e+00 -1.501470923423767090e+00 -1.496385574340820312e+00 -1.503855586051940918e+00 -1.501384735107421875e+00 -1.500110983848571777e+00 -1.504181146621704102e+00 -1.519015669822692871e+00 -1.551423549652099609e+00 -1.597296476364135742e+00 -1.632175207138061523e+00 -1.648206830024719238e+00 -1.646243572235107422e+00 -1.641799926757812500e+00 -1.633793711662292480e+00 -1.631820797920227051e+00 -1.635019540786743164e+00 -1.635335564613342285e+00 -1.646224379539489746e+00 -1.655121207237243652e+00 -1.651376724243164062e+00 -1.655475616455078125e+00 -1.663452982902526855e+00 -1.671871066093444824e+00 -1.676381707191467285e+00 -1.688994407653808594e+00 -1.704039573669433594e+00 -1.711633920669555664e+00 -1.720320105552673340e+00 -1.737836003303527832e+00 -1.758675217628479004e+00 -1.772235989570617676e+00 -1.777455329895019531e+00 -1.775731563568115234e+00 -1.779782414436340332e+00 -1.795086264610290527e+00 -1.801837921142578125e+00 -1.810648560523986816e+00 -1.803964018821716309e+00 -1.803054213523864746e+00 -1.799616098403930664e+00 -1.805726051330566406e+00 -1.799912929534912109e+00 -1.798485994338989258e+00 -1.798926472663879395e+00 -1.790307402610778809e+00 -1.775290966033935547e+00 -1.753733634948730469e+00 -1.718471765518188477e+00 -1.686159610748291016e+00 -1.667379498481750488e+00 -1.639606833457946777e+00 -1.602477550506591797e+00 -1.567158222198486328e+00 -1.532691240310668945e+00 -1.502964973449707031e+00 -1.499038457870483398e+00 -1.508931279182434082e+00 -1.532202839851379395e+00 -1.559554219245910645e+00 -1.595457792282104492e+00 -1.619208097457885742e+00 -1.644251585006713867e+00 -1.671420931816101074e+00 -1.681160569190979004e+00 -1.679226040840148926e+00 -1.681735157966613770e+00 -1.685738325119018555e+00 -1.697958230972290039e+00 -1.700812101364135742e+00 -1.698944687843322754e+00 -1.698092341423034668e+00 -1.688908219337463379e+00 -1.674428105354309082e+00 -1.668614983558654785e+00 -1.676046490669250488e+00 -1.682108640670776367e+00 -1.690948009490966797e+00 -1.708061814308166504e+00 -1.732252836227416992e+00 -1.760810732841491699e+00 -1.794425368309020996e+00 -1.827992200851440430e+00 -1.843698143959045410e+00 -1.844770789146423340e+00 -1.848515272140502930e+00 -1.872945666313171387e+00 -1.902853965759277344e+00 -1.918435573577880859e+00 -1.931153535842895508e+00 -1.941075086593627930e+00 -1.938058376312255859e+00 -1.943306565284729004e+00 -1.956254243850708008e+00 -1.962077021598815918e+00 -1.958897590637207031e+00 -1.946294426918029785e+00 -1.923875093460083008e+00 -1.910285592079162598e+00 -1.901149392127990723e+00 -1.882292628288269043e+00 -1.870656847953796387e+00 -1.853437781333923340e+00 -1.849616527557373047e+00 -1.849865555763244629e+00 -1.855745673179626465e+00 -1.850267767906188965e+00 -1.823021769523620605e+00 -1.794195532798767090e+00 -1.762295246124267578e+00 -1.736064314842224121e+00 -1.693754076957702637e+00 -1.654058218002319336e+00 -1.611048698425292969e+00 -1.584951877593994141e+00 -1.560406565666198730e+00 -1.536148548126220703e+00 -1.518163323402404785e+00 -1.502888321876525879e+00 -1.484970092773437500e+00 -1.477260708808898926e+00 -1.490697026252746582e+00 -1.491453647613525391e+00 -1.493244528770446777e+00 -1.506977558135986328e+00 -1.528123140335083008e+00 -1.546778798103332520e+00 -1.559381842613220215e+00 -1.584339022636413574e+00 -1.585038065910339355e+00 -1.615722179412841797e+00 -1.648676037788391113e+00 -1.691953659057617188e+00 -1.728508353233337402e+00 -1.770272731781005859e+00 -1.817438483238220215e+00 -1.851800084114074707e+00 -1.870283365249633789e+00 -1.889695525169372559e+00 -1.905238628387451172e+00 -1.926805615425109863e+00 -1.934783101081848145e+00 -1.955785036087036133e+00 -1.964624524116516113e+00 -1.968186974525451660e+00 -1.980378270149230957e+00 -2.001121759414672852e+00 -2.047779798507690430e+00 -2.088912248611450195e+00 -2.100691556930541992e+00 -2.093461275100708008e+00 -2.074575662612915039e+00 -2.042062520980834961e+00 -1.999062657356262207e+00 -1.945461273193359375e+00 -1.891524672508239746e+00 -1.839934468269348145e+00 -1.802278399467468262e+00 -1.749510288238525391e+00 -1.696215391159057617e+00 -1.644280314445495605e+00 -1.592958092689514160e+00 -1.537786126136779785e+00 -1.499517202377319336e+00 -1.472252130508422852e+00 -1.447773814201354980e+00 -1.423668980598449707e+00 -1.397179484367370605e+00 -1.385888457298278809e+00 -1.377843856811523438e+00 -1.374626040458679199e+00 -1.376129627227783203e+00 -1.386328935623168945e+00 -1.388014554977416992e+00 -1.389709591865539551e+00 -1.379424095153808594e+00 -1.364216208457946777e+00 -1.343309879302978516e+00 -1.324328780174255371e+00 -1.316571474075317383e+00 -1.307617187500000000e+00 -1.283205986022949219e+00 -1.246019124984741211e+00 -1.212960124015808105e+00 -1.184411644935607910e+00 -1.179144263267517090e+00 -1.161896467208862305e+00 -1.131700754165649414e+00 -1.095653653144836426e+00 -1.075456261634826660e+00 -1.064002394676208496e+00 -1.062240242958068848e+00 -1.057222008705139160e+00 -1.031690239906311035e+00 -9.739325046539306641e-01 -9.086474180221557617e-01 -8.169399499893188477e-01 -7.273584604263305664e-01 -6.388017535209655762e-01 -5.626469850540161133e-01 -5.028110742568969727e-01 -4.426591396331787109e-01 -3.903602361679077148e-01 -3.330143094062805176e-01 -2.482116818428039551e-01 -1.323610544204711914e-01 3.485957626253366470e-03 1.496088653802871704e-01 3.085072636604309082e-01 4.940195977687835693e-01 6.851439476013183594e-01 8.785762190818786621e-01 1.091123938560485840e+00 1.325468420982360840e+00 1.575317621231079102e+00 1.822686672210693359e+00 2.049302577972412109e+00 2.256305217742919922e+00 2.443838357925415039e+00 2.606059789657592773e+00 2.721354961395263672e+00 2.813943624496459961e+00 2.892521142959594727e+00 2.951830387115478516e+00 2.980321645736694336e+00 2.999408006668090820e+00 3.013179540634155273e+00 3.034324884414672852e+00 3.043384790420532227e+00 3.070027351379394531e+00 3.088108301162719727e+00 3.090541124343872070e+00 3.063898086547851562e+00 3.020486593246459961e+00 2.967862129211425781e+00 2.915170431137084961e+00 2.865802049636840820e+00 2.831095695495605469e+00 2.843085765838623047e+00 2.897491693496704102e+00 2.985847234725952148e+00 3.095683574676513672e+00 3.221024990081787109e+00 3.371150970458984375e+00 3.516354560852050781e+00 3.667505025863647461e+00 3.813312053680419922e+00 3.949465513229370117e+00 4.068361759185791016e+00 4.182545661926269531e+00 4.293876647949218750e+00 4.391463756561279297e+00 4.457294940948486328e+00 4.486963748931884766e+00 4.498819828033447266e+00 4.480958938598632812e+00 4.444720745086669922e+00 4.397918224334716797e+00 4.322702407836914062e+00 4.217031955718994141e+00 4.097187995910644531e+00 3.964031934738159180e+00 3.825407505035400391e+00 3.662084817886352539e+00 3.479665756225585938e+00 3.289307594299316406e+00 3.110470294952392578e+00 2.912105798721313477e+00 2.713779687881469727e+00 2.484204530715942383e+00 2.256065845489501953e+00 2.033031702041625977e+00 1.822657823562622070e+00 1.634301304817199707e+00 1.445925474166870117e+00 1.274596333503723145e+00 1.115094661712646484e+00 9.653325080871582031e-01 8.243619203567504883e-01 6.764002442359924316e-01 5.549471974372863770e-01 4.326226711273193359e-01 3.077889978885650635e-01 1.842769235372543335e-01 5.342900380492210388e-02 -9.144892543554306030e-02 -2.526361644268035889e-01 -4.398914873600006104e-01 -6.179530620574951172e-01 -8.017798662185668945e-01 -9.982767105102539062e-01 -1.184919238090515137e+00 -1.352609038352966309e+00 -1.501221895217895508e+00 -1.621880173683166504e+00 -1.701492071151733398e+00 -1.742174386978149414e+00 -1.740871906280517578e+00 -1.710532546043395996e+00 -1.662131428718566895e+00 -1.581188201904296875e+00 -1.495629072189331055e+00 -1.408566236495971680e+00 -1.320306539535522461e+00 -1.250797986984252930e+00 -1.192389011383056641e+00 -1.129699349403381348e+00 -1.081633329391479492e+00 -1.025810003280639648e+00 -9.782229065895080566e-01 -9.456426501274108887e-01 -9.108692407608032227e-01 -8.826943039894104004e-01 -8.717862963676452637e-01 -8.716713786125183105e-01 -8.817557096481323242e-01 -8.922615647315979004e-01 -9.149010777473449707e-01 -9.618178606033325195e-01 -1.023597836494445801e+00 -1.120285272598266602e+00 -1.234986662864685059e+00 -1.349870085716247559e+00 -1.465605854988098145e+00 -1.589568018913269043e+00 -1.726688742637634277e+00 -1.873347878456115723e+00 -2.044054508209228516e+00 -2.223811149597167969e+00 -2.396356344223022461e+00 -2.562418222427368164e+00 -2.718041419982910156e+00 -2.855526208877563477e+00 -2.965927600860595703e+00 -3.070247650146484375e+00 -3.170918941497802734e+00 -3.263612985610961914e+00 -3.368306636810302734e+00 -3.464266061782836914e+00 -3.565885782241821289e+00 -3.671987056732177734e+00 -3.794809818267822266e+00 -3.931690931320190430e+00 -3.998584985733032227e+00 -4.134077548980712891e+00 -4.271629333496093750e+00 -4.423440933227539062e+00 -4.590890884399414062e+00 -4.863763332366943359e+00 -4.960278511047363281e+00 -5.151422023773193359e+00 -5.344155311584472656e+00 -5.515944004058837891e+00 -5.650737285614013672e+00 -5.759539604187011719e+00 -5.829488277435302734e+00 -5.886470794677734375e+00 -5.931471824645996094e+00 -6.018362522125244141e+00 -6.055730819702148438e+00 -6.152389526367187500e+00 -6.278200149536132812e+00 -6.440354347229003906e+00 -6.617352962493896484e+00 -6.815028190612792969e+00 -7.007158279418945312e+00 -7.202812194824218750e+00 -7.396646976470947266e+00 -7.612536430358886719e+00 -7.859072208404541016e+00 -8.128180503845214844e+00 -8.425483703613281250e+00 -8.748910903930664062e+00 -9.108712196350097656e+00 -9.485751152038574219e+00 -9.849306106567382812e+00 -1.020495891571044922e+01 -1.053445911407470703e+01 -1.084852027893066406e+01 -1.112807750701904297e+01 -1.138660240173339844e+01 -1.160640048980712891e+01 -1.177411937713623047e+01 -1.190743732452392578e+01 -1.201461124420166016e+01 -1.209550666809082031e+01 -1.215085124969482422e+01 -1.221159648895263672e+01 -1.227086830139160156e+01 -1.233023452758789062e+01 -1.237726688385009766e+01 -1.241081333160400391e+01 -1.242816734313964844e+01 -1.242003631591796875e+01 -1.237491035461425781e+01 -1.230587100982666016e+01 -1.220102405548095703e+01 -1.210198020935058594e+01 -1.198004913330078125e+01 -1.184356021881103516e+01 -1.170576000213623047e+01 -1.156575584411621094e+01 -1.142168235778808594e+01 -1.125526618957519531e+01 -1.106115436553955078e+01 -1.083100509643554688e+01 -1.055806541442871094e+01 -1.025985336303710938e+01 -9.951241493225097656e+00 -9.671234130859375000e+00 -9.416030883789062500e+00 -9.198848724365234375e+00 -9.027279853820800781e+00 -8.886232376098632812e+00 -8.745003700256347656e+00 -8.612413406372070312e+00 -8.476547241210937500e+00 -8.319055557250976562e+00 -8.117281913757324219e+00 -7.898221969604492188e+00 -7.648660659790039062e+00 -7.374371051788330078e+00 -7.098214149475097656e+00 -6.826443672180175781e+00 -6.539761543273925781e+00 -6.229693889617919922e+00 -5.883319854736328125e+00 -5.487452507019042969e+00 -5.049668312072753906e+00 -4.568788051605224609e+00 -4.058028221130371094e+00 -3.539654731750488281e+00 -3.030053615570068359e+00 -2.528353452682495117e+00 -2.021922588348388672e+00 -1.493857383728027344e+00 -9.358455538749694824e-01 -3.678259849548339844e-01 2.007873356342315674e-01 7.860451936721801758e-01 1.393454074859619141e+00 2.010756015777587891e+00 2.609679937362670898e+00 3.158354282379150391e+00 3.649874210357666016e+00 4.094717025756835938e+00 4.486906051635742188e+00 4.849110603332519531e+00 5.162396907806396484e+00 5.439807891845703125e+00 5.658772468566894531e+00 5.827055931091308594e+00 5.954667091369628906e+00 6.035208225250244141e+00 6.075756072998046875e+00 6.071494579315185547e+00 6.034049510955810547e+00 5.930763244628906250e+00 5.747108936309814453e+00 5.491436958312988281e+00 5.169311523437500000e+00 4.762488842010498047e+00 4.272059917449951172e+00 3.724506378173828125e+00 3.141891956329345703e+00 2.530795574188232422e+00 1.912775635719299316e+00 1.297398805618286133e+00 7.028418779373168945e-01 1.271512657403945923e-01 -4.364342391490936279e-01 -9.892362952232360840e-01 -1.543752551078796387e+00 -2.110278129577636719e+00 -2.665848016738891602e+00 -3.188147783279418945e+00 -3.662812471389770508e+00 -4.069855690002441406e+00 -4.421506404876708984e+00 -4.715121746063232422e+00 -4.978646278381347656e+00 -5.220767498016357422e+00 -5.472292900085449219e+00 -5.761808872222900391e+00 -6.066839694976806641e+00 -6.369582176208496094e+00 -6.623061180114746094e+00 -6.785560131072998047e+00 -6.861514091491699219e+00 -6.829938888549804688e+00 -6.752175331115722656e+00 -6.655440330505371094e+00 -6.562890052795410156e+00 -6.516604900360107422e+00 -6.556962013244628906e+00 -6.662009716033935547e+00 -6.826730728149414062e+00 -7.005271434783935547e+00 -7.155598640441894531e+00 -7.299135684967041016e+00 -7.413520812988281250e+00 -7.546916484832763672e+00 -7.728415966033935547e+00 -7.938857078552246094e+00 -8.150073051452636719e+00 -8.356319427490234375e+00 -8.533480644226074219e+00 -8.694285392761230469e+00 -8.845923423767089844e+00 -9.002351760864257812e+00 -9.158577919006347656e+00 -9.294339179992675781e+00 -9.396417617797851562e+00 -9.467650413513183594e+00 -9.513484954833984375e+00 -9.517554283142089844e+00 -9.474248886108398438e+00 -9.412775039672851562e+00 -9.312812805175781250e+00 -9.175097465515136719e+00 -8.979223251342773438e+00 -8.756955146789550781e+00 -8.534352302551269531e+00 -8.319103240966796875e+00 -8.123162269592285156e+00 -7.955127716064453125e+00 -7.799092769622802734e+00 -7.668484210968017578e+00 -7.546207427978515625e+00 -7.439550876617431641e+00 -7.368682384490966797e+00 -7.340201377868652344e+00 -7.327578544616699219e+00 -7.321277141571044922e+00 -7.291732788085937500e+00 -7.210100173950195312e+00 -7.098712444305419922e+00 -6.996163845062255859e+00 -6.921751976013183594e+00 -6.886413574218750000e+00 -6.910690784454345703e+00 -6.999956130981445312e+00 -7.111104488372802734e+00 -7.259372711181640625e+00 -7.406606674194335938e+00 -7.558389663696289062e+00 -7.671797752380371094e+00 -7.755661964416503906e+00 -7.802214622497558594e+00 -7.817068576812744141e+00 -7.811169624328613281e+00 -7.801218986511230469e+00 -7.789621353149414062e+00 -7.758553981781005859e+00 -7.730810165405273438e+00 -7.705307006835937500e+00 -7.670476436614990234e+00 -7.629775047302246094e+00 -7.581258773803710938e+00 -7.530444145202636719e+00 -7.472236156463623047e+00 -7.416614055633544922e+00 -7.361021041870117188e+00 -7.302937507629394531e+00 -7.216880321502685547e+00 -7.096892356872558594e+00 -6.965728282928466797e+00 -6.825667858123779297e+00 -6.679238796234130859e+00 -6.514019489288330078e+00 -6.358913421630859375e+00 -6.207073211669921875e+00 -6.076253890991210938e+00 -5.958612918853759766e+00 -5.848067283630371094e+00 -5.755784988403320312e+00 -5.666395664215087891e+00 -5.568271636962890625e+00 -5.479149818420410156e+00 -5.389568328857421875e+00 -5.288724422454833984e+00 -5.178380489349365234e+00 -5.055807113647460938e+00 -4.922297000885009766e+00 -4.798229217529296875e+00 -4.690193176269531250e+00 -4.604969024658203125e+00 -4.547144412994384766e+00 -4.537088871002197266e+00 -4.558196067810058594e+00 -4.596091270446777344e+00 -4.652355670928955078e+00 -4.681095123291015625e+00 -4.683901309967041016e+00 -4.621910572052001953e+00 -4.473460674285888672e+00 -4.244843006134033203e+00 -3.931921005249023438e+00 -3.574581623077392578e+00 -3.190034389495849609e+00 -2.758445978164672852e+00 -2.313507556915283203e+00 -1.858369708061218262e+00 -1.408288598060607910e+00 -9.926647543907165527e-01 -5.880447030067443848e-01 -2.001456916332244873e-01 1.446289420127868652e-01 4.360894858837127686e-01 6.925372481346130371e-01 9.182338118553161621e-01 1.119528651237487793e+00 1.299314141273498535e+00 1.456143975257873535e+00 1.554535984992980957e+00 1.603205323219299316e+00 1.619390130043029785e+00 1.607706427574157715e+00 1.582902431488037109e+00 1.551040530204772949e+00 1.535889983177185059e+00 1.527146339416503906e+00 1.486224651336669922e+00 1.455990672111511230e+00 1.426858067512512207e+00 1.399592876434326172e+00 1.384748816490173340e+00 1.405482530593872070e+00 1.449344396591186523e+00 1.527021884918212891e+00 1.650936126708984375e+00 1.840633511543273926e+00 2.091632127761840820e+00 2.404515981674194336e+00 2.796197652816772461e+00 3.232766151428222656e+00 3.685308694839477539e+00 4.117356300354003906e+00 4.504144668579101562e+00 4.818311691284179688e+00 5.086338043212890625e+00 5.300158977508544922e+00 5.464229106903076172e+00 5.585758686065673828e+00 5.675684928894042969e+00 5.727159976959228516e+00 5.727773666381835938e+00 5.703754425048828125e+00 5.661013126373291016e+00 5.615906715393066406e+00 5.545737266540527344e+00 5.455744266510009766e+00 5.333189487457275391e+00 5.182211399078369141e+00 4.997397899627685547e+00 4.782159328460693359e+00 4.542853832244873047e+00 4.285745620727539062e+00 4.035589694976806641e+00 3.767151832580566406e+00 3.524418115615844727e+00 3.293817996978759766e+00 3.074547529220581055e+00 2.869038820266723633e+00 2.695631504058837891e+00 2.535823583602905273e+00 2.371581315994262695e+00 2.189095258712768555e+00 2.009501457214355469e+00 1.837233781814575195e+00 1.702928543090820312e+00 1.608434319496154785e+00 1.551892876625061035e+00 1.507082939147949219e+00 1.487143993377685547e+00 1.473602414131164551e+00 1.462914705276489258e+00 1.440342187881469727e+00 1.398261666297912598e+00 1.328638315200805664e+00 1.231184720993041992e+00 1.114587068557739258e+00 9.903471469879150391e-01 8.603898882865905762e-01 7.445105314254760742e-01 6.414641141891479492e-01 5.498619675636291504e-01 4.410310983657836914e-01 3.201047778129577637e-01 1.819306015968322754e-01 2.785892970860004425e-02 -1.208688840270042419e-01 -2.654212117195129395e-01 -4.363576471805572510e-01 -6.270222663879394531e-01 -8.174283504486083984e-01 -1.001398801803588867e+00 -1.186566352844238281e+00 -1.361783623695373535e+00 -1.541798830032348633e+00 -1.703972578048706055e+00 -1.856396913528442383e+00 -2.011186838150024414e+00 -2.157166242599487305e+00 -2.296547174453735352e+00 -2.403088808059692383e+00 -2.492498159408569336e+00 -2.549662113189697266e+00 -2.585163354873657227e+00 -2.596683979034423828e+00 -2.589951753616333008e+00 -2.560187101364135742e+00 -2.553435325622558594e+00 -2.557275533676147461e+00 -2.582500934600830078e+00 -2.603550672531127930e+00 -2.613797903060913086e+00 -2.611585617065429688e+00 -2.600936174392700195e+00 -2.556327342987060547e+00 -2.501337289810180664e+00 -2.447649955749511719e+00 -2.366773605346679688e+00 -2.292064905166625977e+00 -2.213391542434692383e+00 -2.103315591812133789e+00 -1.968665838241577148e+00 -1.793218731880187988e+00 -1.623239994049072266e+00 -1.440801858901977539e+00 -1.259081959724426270e+00 -1.105709314346313477e+00 -9.898492097854614258e-01 -8.922136425971984863e-01 -8.141338825225830078e-01 -7.350486516952514648e-01 -6.731728911399841309e-01 -5.917221903800964355e-01 -4.945271611213684082e-01 -3.953306078910827637e-01 -2.903975248336791992e-01 -1.880693286657333374e-01 -7.911399751901626587e-02 1.481532026082277298e-02 9.784623980522155762e-02 1.790958642959594727e-01 2.499929666519165039e-01 3.136978745460510254e-01 3.675578236579895020e-01 4.194066822528839111e-01 4.817708432674407959e-01 5.365023016929626465e-01 6.113067269325256348e-01 7.015968561172485352e-01 7.968190312385559082e-01 9.050944447517395020e-01 1.029420495033264160e+00 1.160938858985900879e+00 1.282640814781188965e+00 1.404534578323364258e+00 1.533438324928283691e+00 1.646013617515563965e+00 1.770310997962951660e+00 1.883058786392211914e+00 1.991755485534667969e+00 2.078253269195556641e+00 2.160182952880859375e+00 2.238099813461303711e+00 2.308489322662353516e+00 2.402150392532348633e+00 2.506738662719726562e+00 2.615311145782470703e+00 2.726746797561645508e+00 2.850478887557983398e+00 2.965055942535400391e+00 3.070314645767211914e+00 3.177622795104980469e+00 3.298884391784667969e+00 3.423890352249145508e+00 3.542824745178222656e+00 3.657679557800292969e+00 3.763723373413085938e+00 3.850604295730590820e+00 3.935061931610107422e+00 4.024011611938476562e+00 4.112845897674560547e+00 4.195331096649169922e+00 4.286224842071533203e+00 4.374761581420898438e+00 4.457553386688232422e+00 4.541302680969238281e+00 4.614306449890136719e+00 4.677245616912841797e+00 4.737329959869384766e+00 4.777667999267578125e+00 4.833041191101074219e+00 4.900825500488281250e+00 4.960747718811035156e+00 5.010642528533935547e+00 5.058229923248291016e+00 5.091030120849609375e+00 5.107923984527587891e+00 5.100061416625976562e+00 5.077440738677978516e+00 5.042686939239501953e+00 5.013487339019775391e+00 4.997474670410156250e+00 4.994630336761474609e+00 4.995080471038818359e+00 5.007166385650634766e+00 5.005873680114746094e+00 5.016724109649658203e+00 5.028062820434570312e+00 5.041671752929687500e+00 5.067241668701171875e+00 5.099936962127685547e+00 5.139967918395996094e+00 5.176628112792968750e+00 5.208758354187011719e+00 5.258576869964599609e+00 5.305168151855468750e+00 5.329780101776123047e+00 5.350983619689941406e+00 5.364850521087646484e+00 5.389970779418945312e+00 5.409928798675537109e+00 5.423000812530517578e+00 5.440344810485839844e+00 5.461011409759521484e+00 5.479944705963134766e+00 5.504413604736328125e+00 5.532578468322753906e+00 5.543218612670898438e+00 5.540077209472656250e+00 5.554844856262207031e+00 5.571728706359863281e+00 5.600047588348388672e+00 5.645307064056396484e+00 5.709797382354736328e+00 5.772449016571044922e+00 5.840817928314208984e+00 5.905413627624511719e+00 5.947120666503906250e+00 5.983148574829101562e+00 6.019952297210693359e+00 6.038636207580566406e+00 6.045895576477050781e+00 6.060663223266601562e+00 6.073467254638671875e+00 6.061707019805908203e+00 6.044248580932617188e+00 6.020478725433349609e+00 5.998950004577636719e+00 5.975496768951416016e+00 5.945291042327880859e+00 5.916100978851318359e+00 5.873847961425781250e+00 5.828473091125488281e+00 5.792215347290039062e+00 5.775647640228271484e+00 5.786766052246093750e+00 5.795299530029296875e+00 5.808965206146240234e+00 5.812604427337646484e+00 5.812413215637207031e+00 5.824767112731933594e+00 5.814577579498291016e+00 5.800394058227539062e+00 5.787560939788818359e+00 5.779468536376953125e+00 5.753276348114013672e+00 5.717296600341796875e+00 5.684083938598632812e+00 5.646906852722167969e+00 5.618770122528076172e+00 5.598677635192871094e+00 5.601867198944091797e+00 5.602920532226562500e+00 5.611711978912353516e+00 5.631066322326660156e+00 5.646485328674316406e+00 5.641256332397460938e+00 5.639609336853027344e+00 5.655554771423339844e+00 5.656512260437011719e+00 5.670772075653076172e+00 5.692463397979736328e+00 5.716510772705078125e+00 5.748554706573486328e+00 5.788317680358886719e+00 5.834899425506591797e+00 5.879153728485107422e+00 5.917853355407714844e+00 5.945904254913330078e+00 5.966178417205810547e+00 5.972748279571533203e+00 5.971014499664306641e+00 5.971052646636962891e+00 5.986662864685058594e+00 6.005587100982666016e+00 6.001258373260498047e+00 5.993989467620849609e+00 5.991614341735839844e+00 5.968266010284423828e+00 5.923944473266601562e+00 5.886116027832031250e+00 5.840089797973632812e+00 5.783079147338867188e+00 5.721548557281494141e+00 5.673884868621826172e+00 5.637846946716308594e+00 5.614345550537109375e+00 5.591936111450195312e+00 5.570665359497070312e+00 5.571431636810302734e+00 5.569938182830810547e+00 5.549166202545166016e+00 5.536926746368408203e+00 5.519717216491699219e+00 5.499222755432128906e+00 5.488936901092529297e+00 5.491350650787353516e+00 5.502105236053466797e+00 5.517102718353271484e+00 5.525118827819824219e+00 5.552977561950683594e+00 5.590978145599365234e+00 5.631085872650146484e+00 5.674650669097900391e+00 5.701676368713378906e+00 5.718301773071289062e+00 5.745423316955566406e+00 5.783510208129882812e+00 5.812432289123535156e+00 5.841507434844970703e+00 5.878090858459472656e+00 5.916857719421386719e+00 5.943701744079589844e+00 5.970037460327148438e+00 5.992696285247802734e+00 6.014713287353515625e+00 6.050444126129150391e+00 6.101546287536621094e+00 6.158873081207275391e+00 6.215060710906982422e+00 6.274273872375488281e+00 6.328190803527832031e+00 6.386982917785644531e+00 6.439655780792236328e+00 6.472982883453369141e+00 6.488114356994628906e+00 6.481841087341308594e+00 6.461845397949218750e+00 6.438650131225585938e+00 6.414640903472900391e+00 6.390344619750976562e+00 6.383037567138671875e+00 6.380106925964355469e+00 6.376936912536621094e+00 6.393332481384277344e+00 6.400802135467529297e+00 6.431821823120117188e+00 6.469784259796142578e+00 6.491638660430908203e+00 6.483335494995117188e+00 6.479524135589599609e+00 6.447546958923339844e+00 6.425376415252685547e+00 6.398159027099609375e+00 6.383812904357910156e+00 6.372301578521728516e+00 6.391119956970214844e+00 6.412830829620361328e+00 6.442384719848632812e+00 6.465244770050048828e+00 6.498428344726562500e+00 6.527168273925781250e+00 6.561079978942871094e+00 6.575751304626464844e+00 6.600018978118896484e+00 6.618502616882324219e+00 6.632340908050537109e+00 6.644091606140136719e+00 6.666559219360351562e+00 6.697539806365966797e+00 6.721529960632324219e+00 6.726097583770751953e+00 6.712182521820068359e+00 6.720236778259277344e+00 6.712939262390136719e+00 6.686018943786621094e+00 6.642655372619628906e+00 6.600775718688964844e+00 6.565667152404785156e+00 6.529016494750976562e+00 6.503178596496582031e+00 6.484944343566894531e+00 6.480021953582763672e+00 6.485930442810058594e+00 6.506674289703369141e+00 6.528681755065917969e+00 6.552556514739990234e+00 6.575043201446533203e+00 6.569440364837646484e+00 6.548295021057128906e+00 6.514364242553710938e+00 6.477780818939208984e+00 6.438008308410644531e+00 6.392672061920166016e+00 6.334224700927734375e+00 6.287997245788574219e+00 6.245620250701904297e+00 6.213097095489501953e+00 6.176351070404052734e+00 6.143684387207031250e+00 6.100665569305419922e+00 6.045272827148437500e+00 5.997188091278076172e+00 5.959531784057617188e+00 5.930198192596435547e+00 5.902434825897216797e+00 5.876357555389404297e+00 5.854684829711914062e+00 5.821089744567871094e+00 5.797990322113037109e+00 5.791172027587890625e+00 5.775504112243652344e+00 5.772793769836425781e+00 5.786009788513183594e+00 5.781048774719238281e+00 5.779794216156005859e+00 5.773598194122314453e+00 5.759357452392578125e+00 5.741190433502197266e+00 5.725216388702392578e+00 5.723492145538330078e+00 5.733691692352294922e+00 5.763006210327148438e+00 5.797387123107910156e+00 5.832246780395507812e+00 5.888433456420898438e+00 5.953488826751708984e+00 6.024223327636718750e+00 6.094536304473876953e+00 6.157427310943603516e+00 6.213278770446777344e+00 6.261383533477783203e+00 6.318930149078369141e+00 6.367513656616210938e+00 6.417408466339111328e+00 6.464133739471435547e+00 6.499405384063720703e+00 6.538574218750000000e+00 6.560754299163818359e+00 6.579792976379394531e+00 6.616290092468261719e+00 6.655564308166503906e+00 6.698622226715087891e+00 6.741574287414550781e+00 6.783223628997802734e+00 6.826778888702392578e+00 6.867882251739501953e+00 6.894486904144287109e+00 6.909560680389404297e+00 6.916140079498291016e+00 6.900079727172851562e+00 6.880303859710693359e+00 6.878503322601318359e+00 6.871894836425781250e+00 6.876214504241943359e+00 6.889037609100341797e+00 6.895616531372070312e+00 6.919798374176025391e+00 6.941202640533447266e+00 6.965278625488281250e+00 6.999669075012207031e+00 7.035323143005371094e+00 7.077528476715087891e+00 7.111430168151855469e+00 7.117042541503906250e+00 7.105052471160888672e+00 7.095235824584960938e+00 7.081636905670166016e+00 7.063364028930664062e+00 7.044775962829589844e+00 7.060146331787109375e+00 7.100196838378906250e+00 7.178832054138183594e+00 7.289185523986816406e+00 7.426152706146240234e+00 7.578270912170410156e+00 7.737618923187255859e+00 7.890810012817382812e+00 8.041242599487304688e+00 8.171304702758789062e+00 8.273221969604492188e+00 8.338831901550292969e+00 8.383077621459960938e+00 8.406999588012695312e+00 8.413043022155761719e+00 8.417486190795898438e+00 8.415973663330078125e+00 8.395469665527343750e+00 8.339760780334472656e+00 8.248944282531738281e+00 8.131188392639160156e+00 7.999075889587402344e+00 7.849476337432861328e+00 7.697262763977050781e+00 7.563800334930419922e+00 7.413913726806640625e+00 7.274734020233154297e+00 7.157801151275634766e+00 7.074980735778808594e+00 7.003384590148925781e+00 6.939497947692871094e+00 6.864435195922851562e+00 6.768762588500976562e+00 6.643622398376464844e+00 6.477350234985351562e+00 6.298541545867919922e+00 6.087592601776123047e+00 5.849963665008544922e+00 5.605688095092773438e+00 5.365482330322265625e+00 5.143741130828857422e+00 4.915583610534667969e+00 4.711606979370117188e+00 4.526180744171142578e+00 4.324042797088623047e+00 4.085370063781738281e+00 3.770522832870483398e+00 3.386100292205810547e+00 2.932006359100341797e+00 2.432346105575561523e+00 1.911003947257995605e+00 1.397859454154968262e+00 8.894459009170532227e-01 3.981174230575561523e-01 -9.760680794715881348e-02 -6.004945039749145508e-01 -1.143863439559936523e+00 -1.716288328170776367e+00 -2.275535345077514648e+00 -2.814633131027221680e+00 -3.332230806350708008e+00 -3.836440086364746094e+00 -4.355685234069824219e+00 -4.890961647033691406e+00 -5.428526878356933594e+00 -5.951343536376953125e+00 -6.492615222930908203e+00 -7.040954589843750000e+00 -7.560936927795410156e+00 -8.044163703918457031e+00 -8.478250503540039062e+00 -8.844325065612792969e+00 -9.152381896972656250e+00 -9.378394126892089844e+00 -9.554263114929199219e+00 -9.712941169738769531e+00 -9.851728439331054688e+00 -9.945734024047851562e+00 -1.001934146881103516e+01 -1.006674671173095703e+01 -1.007329654693603516e+01 -1.004553413391113281e+01 -9.983935356140136719e+00 -9.917233467102050781e+00 -9.858470916748046875e+00 -9.795224189758300781e+00 -9.718285560607910156e+00 -9.634229660034179688e+00 -9.521606445312500000e+00 -9.439494132995605469e+00 -9.361568450927734375e+00 -9.309871673583984375e+00 -9.273097991943359375e+00 -9.247594833374023438e+00 -9.200668334960937500e+00 -9.137355804443359375e+00 -9.089845657348632812e+00 -9.063337326049804688e+00 -9.042602539062500000e+00 -9.031925201416015625e+00 -9.026082992553710938e+00 -9.026829719543457031e+00 -9.015806198120117188e+00 -8.975756645202636719e+00 -8.941328048706054688e+00 -8.906257629394531250e+00 -8.889909744262695312e+00 -8.892170906066894531e+00 -8.912521362304687500e+00 -8.940581321716308594e+00 -8.980937957763671875e+00 -9.020882606506347656e+00 -9.073047637939453125e+00 -9.123163223266601562e+00 -9.156902313232421875e+00 -9.175884246826171875e+00 -9.164937973022460938e+00 -9.087672233581542969e+00 -8.966237068176269531e+00 -8.819711685180664062e+00 -8.647741317749023438e+00 -8.445661544799804688e+00 -8.218365669250488281e+00 -8.002657890319824219e+00 -7.773627758026123047e+00 -7.554060459136962891e+00 -7.328402519226074219e+00 -7.104563713073730469e+00 -6.869117736816406250e+00 -6.634495735168457031e+00 -6.385192394256591797e+00 -6.120795726776123047e+00 -5.822344303131103516e+00 -5.515694618225097656e+00 -5.211439609527587891e+00 -4.904665946960449219e+00 -4.602230548858642578e+00 -4.315874099731445312e+00 -4.041163444519042969e+00 -3.776929616928100586e+00 -3.513826131820678711e+00 -3.232938528060913086e+00 -2.947875261306762695e+00 -2.643658399581909180e+00 -2.343770265579223633e+00 -2.062470674514770508e+00 -1.801521897315979004e+00 -1.556049227714538574e+00 -1.314464569091796875e+00 -1.076586246490478516e+00 -8.378556370735168457e-01 -6.012032032012939453e-01 -3.604901731014251709e-01 -1.349850893020629883e-01 5.634992942214012146e-02 2.529043257236480713e-01 4.551472961902618408e-01 6.496523022651672363e-01 8.537436127662658691e-01 1.073301553726196289e+00 1.297973394393920898e+00 1.530517339706420898e+00 1.736696362495422363e+00 1.928299665451049805e+00 2.122785329818725586e+00 2.296001195907592773e+00 2.456891298294067383e+00 2.608540296554565430e+00 2.759767532348632812e+00 2.878816843032836914e+00 2.982552766799926758e+00 3.060996294021606445e+00 3.109349966049194336e+00 3.139325141906738281e+00 3.147302627563476562e+00 3.127459526062011719e+00 3.061772108078002930e+00 2.962173223495483398e+00 2.835414886474609375e+00 2.685288906097412109e+00 2.520414590835571289e+00 2.353509664535522461e+00 2.196565151214599609e+00 2.065822601318359375e+00 1.948209881782531738e+00 1.845412373542785645e+00 1.753044009208679199e+00 1.649921059608459473e+00 1.571209192276000977e+00 1.531772017478942871e+00 1.542995929718017578e+00 1.600198268890380859e+00 1.719170928001403809e+00 1.886563897132873535e+00 2.079421520233154297e+00 2.265211582183837891e+00 2.447726488113403320e+00 2.587605237960815430e+00 2.689157724380493164e+00 2.767926931381225586e+00 2.812842369079589844e+00 2.836602210998535156e+00 2.843210220336914062e+00 2.814317226409912109e+00 2.765235900878906250e+00 2.698207855224609375e+00 2.580250263214111328e+00 2.438877344131469727e+00 2.257607698440551758e+00 2.051208257675170898e+00 1.836936831474304199e+00 1.615913867950439453e+00 1.401891231536865234e+00 1.193729877471923828e+00 9.939001202583312988e-01 8.386984467506408691e-01 7.292738556861877441e-01 6.364075541496276855e-01 5.584331750869750977e-01 4.743392467498779297e-01 3.885023295879364014e-01 3.026462495326995850e-01 2.410386502742767334e-01 1.791533231735229492e-01 1.327537000179290771e-01 1.024526804685592651e-01 7.249642908573150635e-02 2.492842823266983032e-02 -3.924575448036193848e-02 -1.026154831051826477e-01 -1.698829829692840576e-01 -2.494183480739593506e-01 -3.393253982067108154e-01 -4.390391111373901367e-01 -5.549759268760681152e-01 -6.869156360626220703e-01 -8.179167509078979492e-01 -9.351751804351806641e-01 -1.047491908073425293e+00 -1.166627407073974609e+00 -1.288827538490295410e+00 -1.382641792297363281e+00 -1.452782511711120605e+00 -1.491396069526672363e+00 -1.496433496475219727e+00 -1.495485424995422363e+00 -1.515146613121032715e+00 -1.546041369438171387e+00 -1.616478800773620605e+00 -1.713261961936950684e+00 -1.828298568725585938e+00 -1.948928117752075195e+00 -2.069231986999511719e+00 -2.180926322937011719e+00 -2.282689571380615234e+00 -2.394412279129028320e+00 -2.487824440002441406e+00 -2.558855772018432617e+00 -2.631074428558349609e+00 -2.685144901275634766e+00 -2.735164880752563477e+00 -2.792644739151000977e+00 -2.864911317825317383e+00 -2.966157197952270508e+00 -3.094850301742553711e+00 -3.233264207839965820e+00 -3.377644062042236328e+00 -3.514094352722167969e+00 -3.661653757095336914e+00 -3.802164793014526367e+00 -3.965286493301391602e+00 -4.124414443969726562e+00 -4.286636352539062500e+00 -4.468509197235107422e+00 -4.639666080474853516e+00 -4.805775642395019531e+00 -4.944380760192871094e+00 -5.039727687835693359e+00 -5.092687606811523438e+00 -5.118515968322753906e+00 -5.144497871398925781e+00 -5.171408653259277344e+00 -5.212071895599365234e+00 -5.246232509613037109e+00 -5.265271186828613281e+00 -5.273679256439208984e+00 -5.251221656799316406e+00 -5.207494258880615234e+00 -5.146451473236083984e+00 -5.086634635925292969e+00 -5.044717311859130859e+00 -5.015689849853515625e+00 -4.981002330780029297e+00 -4.962251186370849609e+00 -4.964434623718261719e+00 -5.014741897583007812e+00 -5.129539012908935547e+00 -5.263968467712402344e+00 -5.453369140625000000e+00 -5.680233955383300781e+00 -5.915986537933349609e+00 -6.163987159729003906e+00 -6.433708667755126953e+00 -6.703697681427001953e+00 -6.965891838073730469e+00 -7.239702224731445312e+00 -7.521106719970703125e+00 -7.822067737579345703e+00 -8.129952430725097656e+00 -8.423864364624023438e+00 -8.693844795227050781e+00 -8.946422576904296875e+00 -9.176610946655273438e+00 -9.360132217407226562e+00 -9.488422393798828125e+00 -9.582974433898925781e+00 -9.646927833557128906e+00 -9.707721710205078125e+00 -9.767011642456054688e+00 -9.841815948486328125e+00 -9.937133789062500000e+00 -1.006289672851562500e+01 -1.020378112792968750e+01 -1.034726047515869141e+01 -1.049955177307128906e+01 -1.066206073760986328e+01 -1.082209777832031250e+01 -1.096317386627197266e+01 -1.108313274383544922e+01 -1.115549468994140625e+01 -1.121578121185302734e+01 -1.128473472595214844e+01 -1.133922672271728516e+01 -1.139155483245849609e+01 -1.141032505035400391e+01 -1.141484451293945312e+01 -1.144014644622802734e+01 -1.145626449584960938e+01 -1.150261592864990234e+01 -1.159515762329101562e+01 -1.171305751800537109e+01 -1.184858798980712891e+01 -1.198518276214599609e+01 -1.210087013244628906e+01 -1.217604827880859375e+01 -1.221653938293457031e+01 -1.225148391723632812e+01 -1.229276084899902344e+01 -1.236462497711181641e+01 -1.245833396911621094e+01 -1.254737854003906250e+01 -1.261500072479248047e+01 -1.267393684387207031e+01 -1.270276260375976562e+01 -1.272309494018554688e+01 -1.275200653076171875e+01 -1.279180717468261719e+01 -1.284086990356445312e+01 -1.287325859069824219e+01 -1.288420486450195312e+01 -1.288362979888916016e+01 -1.286949539184570312e+01 -1.285160541534423828e+01 -1.281851768493652344e+01 -1.278350448608398438e+01 -1.277136135101318359e+01 -1.277851581573486328e+01 -1.280223751068115234e+01 -1.283221244812011719e+01 -1.286511802673339844e+01 -1.289701843261718750e+01 -1.294525718688964844e+01 -1.301113605499267578e+01 -1.307218837738037109e+01 -1.313538551330566406e+01 -1.324988555908203125e+01 -1.342872238159179688e+01 -1.363235473632812500e+01 -1.384334087371826172e+01 -1.405156040191650391e+01 -1.427648162841796875e+01 -1.450865173339843750e+01 -1.474429893493652344e+01 -1.496368312835693359e+01 -1.515432071685791016e+01 -1.532839775085449219e+01 -1.547754669189453125e+01 -1.561675453186035156e+01 -1.574475860595703125e+01 -1.586874008178710938e+01 -1.595361900329589844e+01 -1.602649879455566406e+01 -1.610447311401367188e+01 -1.619266510009765625e+01 -1.626828384399414062e+01 -1.632319831848144531e+01 -1.638128089904785156e+01 -1.645573997497558594e+01 -1.651479148864746094e+01 -1.657232856750488281e+01 -1.662676429748535156e+01 -1.668676185607910156e+01 -1.673024940490722656e+01 -1.676297378540039062e+01 -1.676548385620117188e+01 -1.677159309387207031e+01 -1.678309631347656250e+01 -1.680032348632812500e+01 -1.682958984375000000e+01 -1.686007499694824219e+01 -1.693237876892089844e+01 -1.703229331970214844e+01 -1.718796539306640625e+01 -1.735928344726562500e+01 -1.756011009216308594e+01 -1.775281524658203125e+01 -1.790680885314941406e+01 -1.800902175903320312e+01 -1.805242347717285156e+01 -1.804026222229003906e+01 -1.799537467956542969e+01 -1.789232063293457031e+01 -1.776184654235839844e+01 -1.760991859436035156e+01 -1.743617630004882812e+01 -1.725535583496093750e+01 -1.707255554199218750e+01 -1.690804290771484375e+01 -1.675019836425781250e+01 -1.660197830200195312e+01 -1.646761512756347656e+01 -1.635315513610839844e+01 -1.624999237060546875e+01 -1.616493225097656250e+01 -1.608721542358398438e+01 -1.601826286315917969e+01 -1.594728946685791016e+01 -1.587705230712890625e+01 -1.579431819915771484e+01 -1.568228912353515625e+01 -1.552662754058837891e+01 -1.535583496093750000e+01 -1.514820957183837891e+01 -1.492509841918945312e+01 -1.468774700164794922e+01 -1.443103122711181641e+01 -1.414750957489013672e+01 -1.384864616394042969e+01 -1.353816699981689453e+01 -1.323869037628173828e+01 -1.292160224914550781e+01 -1.260273361206054688e+01 -1.227424812316894531e+01 -1.196164226531982422e+01 -1.164319419860839844e+01 -1.132428741455078125e+01 -1.099837875366210938e+01 -1.066910839080810547e+01 -1.032721710205078125e+01 -9.998205184936523438e+00 -9.665153503417968750e+00 -9.335596084594726562e+00 -9.021944999694824219e+00 -8.732074737548828125e+00 -8.462881088256835938e+00 -8.240650177001953125e+00 -8.063211441040039062e+00 -7.897465705871582031e+00 -7.758018016815185547e+00 -7.647760391235351562e+00 -7.554587364196777344e+00 -7.468769550323486328e+00 -7.373087882995605469e+00 -7.273450851440429688e+00 -7.169436931610107422e+00 -7.066946029663085938e+00 -6.944171428680419922e+00 -6.804819107055664062e+00 -6.659586906433105469e+00 -6.491523265838623047e+00 -6.296607017517089844e+00 -6.102753162384033203e+00 -5.871578693389892578e+00 -5.622571945190429688e+00 -5.340439319610595703e+00 -5.072595119476318359e+00 -4.823712825775146484e+00 -4.597776889801025391e+00 -4.388092994689941406e+00 -4.177585124969482422e+00 -4.078915119171142578e+00 -3.864088296890258789e+00 -3.629667282104492188e+00 -3.376245737075805664e+00 -3.101640462875366211e+00 -2.813302040100097656e+00 -2.506432294845581055e+00 -2.188175678253173828e+00 -1.856636404991149902e+00 -1.514303803443908691e+00 -1.160594105720520020e+00 -7.791594266891479492e-01 -3.730166256427764893e-01 1.896973848342895508e-01 3.466420769691467285e-01 6.314084529876708984e-01 8.872336745262145996e-01 1.075054049491882324e+00 1.225620627403259277e+00 1.352599501609802246e+00 1.463479757308959961e+00 1.577635288238525391e+00 1.693677544593811035e+00 1.835557818412780762e+00 1.991793870925903320e+00 2.164655208587646484e+00 2.361899137496948242e+00 2.569543361663818359e+00 2.772016286849975586e+00 2.962748050689697266e+00 3.118332862854003906e+00 3.231252908706665039e+00 3.296011209487915039e+00 3.356900691986083984e+00 3.433400154113769531e+00 3.524025440216064453e+00 3.650324344635009766e+00 3.810103654861450195e+00 3.993490219116210938e+00 4.203749179840087891e+00 4.418863296508789062e+00 4.639014720916748047e+00 4.870285034179687500e+00 5.119665145874023438e+00 5.381887912750244141e+00 5.665763378143310547e+00 5.973226547241210938e+00 6.292718887329101562e+00 6.613321304321289062e+00 6.922546863555908203e+00 7.219772338867187500e+00 7.488650798797607422e+00 7.730542182922363281e+00 7.964963436126708984e+00 8.187365531921386719e+00 8.375970840454101562e+00 8.554127693176269531e+00 8.732017517089843750e+00 8.905233383178710938e+00 9.065548896789550781e+00 9.219027519226074219e+00 9.340604782104492188e+00 9.440806388854980469e+00 9.499110221862792969e+00 9.535023689270019531e+00 9.553142547607421875e+00 9.569997787475585938e+00 9.554540634155273438e+00 9.534198760986328125e+00 9.504185676574707031e+00 9.479822158813476562e+00 9.445815086364746094e+00 9.388603210449218750e+00 9.329638481140136719e+00 9.272053718566894531e+00 9.219630241394042969e+00 9.167388916015625000e+00 9.106193542480468750e+00 9.036023139953613281e+00 8.941816329956054688e+00 8.836959838867187500e+00 8.727027893066406250e+00 8.616579055786132812e+00 8.493641853332519531e+00 8.370675086975097656e+00 8.259852409362792969e+00 8.168451309204101562e+00 8.084482192993164062e+00 7.989632606506347656e+00 7.903077602386474609e+00 7.829384326934814453e+00 7.773082733154296875e+00 7.712202548980712891e+00 7.648746490478515625e+00 7.586813449859619141e+00 7.517774581909179688e+00 7.457287311553955078e+00 7.406855583190917969e+00 7.360427379608154297e+00 7.304211616516113281e+00 7.241004467010498047e+00 7.198359012603759766e+00 7.159218788146972656e+00 7.102159976959228516e+00 7.047026157379150391e+00 6.990149497985839844e+00 6.935399055480957031e+00 6.856706619262695312e+00 6.792733192443847656e+00 6.711359500885009766e+00 6.635118007659912109e+00 6.558753013610839844e+00 6.502479553222656250e+00 6.471307277679443359e+00 6.466537475585937500e+00 6.484494209289550781e+00 6.533182621002197266e+00 6.590854167938232422e+00 6.646035671234130859e+00 6.662661075592041016e+00 6.644522666931152344e+00 6.614834308624267578e+00 6.557124614715576172e+00 6.479102611541748047e+00 6.394538879394531250e+00 6.296808242797851562e+00 6.195801258087158203e+00 6.101805210113525391e+00 6.003067970275878906e+00 5.908774852752685547e+00 5.808506011962890625e+00 5.708610057830810547e+00 5.611108303070068359e+00 5.517859458923339844e+00 5.447105884552001953e+00 5.380978107452392578e+00 5.305052757263183594e+00 5.223870754241943359e+00 5.152121067047119141e+00 5.098701477050781250e+00 5.036165237426757812e+00 4.968916416168212891e+00 4.897358894348144531e+00 4.824335575103759766e+00 4.781134605407714844e+00 4.759261131286621094e+00 4.745882511138916016e+00 4.741496086120605469e+00 4.753112792968750000e+00 4.770073413848876953e+00 4.777725219726562500e+00 4.787206172943115234e+00 4.783442497253417969e+00 4.777495384216308594e+00 4.784477233886718750e+00 4.791142463684082031e+00 4.779420375823974609e+00 4.765007495880126953e+00 4.766396045684814453e+00 4.770303249359130859e+00 4.761904239654541016e+00 4.743823051452636719e+00 4.724622249603271484e+00 4.711596965789794922e+00 4.690212249755859375e+00 4.664010047912597656e+00 4.642749309539794922e+00 4.629150867462158203e+00 4.605476856231689453e+00 4.585461616516113281e+00 4.576698780059814453e+00 4.572168350219726562e+00 4.561088562011718750e+00 4.570511817932128906e+00 4.581707000732421875e+00 4.606941699981689453e+00 4.652786254882812500e+00 4.709854602813720703e+00 4.761071205139160156e+00 4.795835018157958984e+00 4.839380741119384766e+00 4.894983768463134766e+00 4.944821357727050781e+00 4.977966785430908203e+00 5.005557537078857422e+00 5.042542934417724609e+00 5.100674152374267578e+00 5.161630630493164062e+00 5.216763973236083984e+00 5.277538776397705078e+00 5.326179027557373047e+00 5.356040000915527344e+00 5.377060890197753906e+00 5.393465995788574219e+00 5.406270027160644531e+00 5.414027214050292969e+00 5.434148311614990234e+00 5.444395542144775391e+00 5.437480926513671875e+00 5.426429271697998047e+00 5.414324283599853516e+00 5.402966499328613281e+00 5.391014099121093750e+00 5.375519275665283203e+00 5.362810611724853516e+00 5.352946758270263672e+00 5.337384223937988281e+00 5.318364620208740234e+00 5.295217990875244141e+00 5.265644550323486328e+00 5.233935356140136719e+00 5.201135158538818359e+00 5.164772033691406250e+00 5.126158237457275391e+00 5.083033561706542969e+00 5.046411991119384766e+00 5.017068862915039062e+00 4.993500709533691406e+00 4.980284214019775391e+00 4.978886127471923828e+00 4.986719608306884766e+00 5.010805606842041016e+00 5.034938812255859375e+00 5.049764156341552734e+00 5.058765888214111328e+00 5.086491107940673828e+00 5.104485988616943359e+00 5.108910083770751953e+00 5.120804786682128906e+00 5.131023406982421875e+00 5.146585464477539062e+00 5.197381019592285156e+00 5.252514839172363281e+00 5.308825969696044922e+00 5.374034881591796875e+00 5.464880466461181641e+00 5.551330089569091797e+00 5.625541210174560547e+00 5.700106143951416016e+00 5.767210483551025391e+00 5.823436260223388672e+00 5.862356185913085938e+00 5.919577598571777344e+00 5.962778091430664062e+00 5.980370998382568359e+00 6.009733200073242188e+00 6.039670944213867188e+00 6.056679248809814453e+00 6.080583095550537109e+00 6.088014125823974609e+00 6.094813823699951172e+00 6.092754840850830078e+00 6.076704025268554688e+00 6.054313659667968750e+00 6.027278423309326172e+00 5.997771739959716797e+00 5.963324069976806641e+00 5.942638874053955078e+00 5.906217575073242188e+00 5.880216598510742188e+00 5.848958015441894531e+00 5.818570613861083984e+00 5.794015884399414062e+00 5.746371746063232422e+00 5.699751377105712891e+00 5.657766819000244141e+00 5.623481750488281250e+00 5.607517242431640625e+00 5.579734802246093750e+00 5.575722217559814453e+00 5.589331150054931641e+00 5.602259635925292969e+00 5.622591495513916016e+00 5.633231163024902344e+00 5.661492347717285156e+00 5.706292629241943359e+00 5.759635448455810547e+00 5.806724548339843750e+00 5.864443778991699219e+00 5.913007736206054688e+00 5.987908363342285156e+00 6.055299758911132812e+00 6.129874706268310547e+00 6.202466964721679688e+00 6.283227920532226562e+00 6.364525318145751953e+00 6.466307640075683594e+00 6.580166339874267578e+00 6.679123401641845703e+00 6.776940822601318359e+00 6.870468139648437500e+00 6.945942878723144531e+00 7.011046409606933594e+00 7.081952571868896484e+00 7.146481513977050781e+00 7.202946186065673828e+00 7.271822929382324219e+00 7.347613334655761719e+00 7.432272434234619141e+00 7.525923728942871094e+00 7.604990005493164062e+00 7.690568447113037109e+00 7.768437385559082031e+00 7.826606750488281250e+00 7.887860298156738281e+00 7.935006618499755859e+00 7.980458259582519531e+00 8.055358886718750000e+00 8.133419036865234375e+00 8.208060264587402344e+00 8.300573348999023438e+00 8.394176483154296875e+00 8.492855072021484375e+00 8.580397605895996094e+00 8.659540176391601562e+00 8.737064361572265625e+00 8.814617156982421875e+00 8.886520385742187500e+00 8.966266632080078125e+00 9.027213096618652344e+00 9.103721618652343750e+00 9.185258865356445312e+00 9.265914916992187500e+00 9.328576087951660156e+00 9.390547752380371094e+00 9.435261726379394531e+00 9.471299171447753906e+00 9.501983642578125000e+00 9.505737304687500000e+00 9.504760742187500000e+00 9.469547271728515625e+00 9.416539192199707031e+00 9.354949951171875000e+00 9.271814346313476562e+00 9.163002967834472656e+00 9.066372871398925781e+00 8.956124305725097656e+00 8.835255622863769531e+00 8.725409507751464844e+00 8.611120223999023438e+00 8.507154464721679688e+00 8.417390823364257812e+00 8.327704429626464844e+00 8.225471496582031250e+00 8.124790191650390625e+00 8.013268470764160156e+00 7.869367599487304688e+00 7.718771934509277344e+00 7.573578357696533203e+00 7.448064327239990234e+00 7.352717876434326172e+00 7.273833751678466797e+00 7.189424037933349609e+00 7.113968372344970703e+00 7.029864788055419922e+00 6.957664966583251953e+00 6.864367485046386719e+00 6.747655391693115234e+00 6.625962734222412109e+00 6.518013000488281250e+00 6.443256378173828125e+00 6.378852367401123047e+00 6.321601867675781250e+00 6.272387027740478516e+00 6.230689525604248047e+00 6.216142654418945312e+00 6.215328693389892578e+00 6.223574161529541016e+00 6.249737739562988281e+00 6.297133445739746094e+00 6.343667507171630859e+00 6.379685401916503906e+00 6.419429302215576172e+00 6.457612514495849609e+00 6.513751506805419922e+00 6.581957340240478516e+00 6.652605533599853516e+00 6.742119789123535156e+00 6.846420764923095703e+00 6.961955547332763672e+00 7.082077026367187500e+00 7.208711624145507812e+00 7.326831817626953125e+00 7.420464515686035156e+00 7.488517284393310547e+00 7.528279781341552734e+00 7.573252677917480469e+00 7.639054775238037109e+00 7.697952270507812500e+00 7.750394821166992188e+00 7.775831222534179688e+00 7.770285606384277344e+00 7.734152317047119141e+00 7.648037910461425781e+00 7.551139831542968750e+00 7.442490577697753906e+00 7.316402912139892578e+00 7.185181140899658203e+00 7.061047077178955078e+00 6.949314117431640625e+00 6.845079898834228516e+00 6.737206935882568359e+00 6.651686191558837891e+00 6.557306766510009766e+00 6.437271118164062500e+00 6.318432331085205078e+00 6.177423477172851562e+00 6.003719329833984375e+00 5.823436260223388672e+00 5.593554019927978516e+00 5.306738376617431641e+00 4.939764499664306641e+00 4.490133762359619141e+00 4.004694938659667969e+00 3.488926410675048828e+00 2.953401088714599609e+00 2.404448986053466797e+00 1.845239996910095215e+00 1.293836236000061035e+00 7.601686120033264160e-01 2.649902403354644775e-01 -2.072708308696746826e-01 -7.046901583671569824e-01 -1.202511668205261230e+00 -1.688611268997192383e+00 -2.160240173339843750e+00 -2.639233827590942383e+00 -3.134134531021118164e+00 -3.659230947494506836e+00 -4.233015537261962891e+00 -4.818436145782470703e+00 -5.424322605133056641e+00 -6.018151283264160156e+00 -6.598343372344970703e+00 -7.209295749664306641e+00 -7.840895652770996094e+00 -8.475378036499023438e+00 -9.131370544433593750e+00 -9.810069084167480469e+00 -1.050200271606445312e+01 -1.122896862030029297e+01 -1.199281406402587891e+01 -1.277289390563964844e+01 -1.353678798675537109e+01 -1.425621700286865234e+01 -1.490126228332519531e+01 -1.547081470489501953e+01 -1.596940231323242188e+01 -1.641264533996582031e+01 -1.683086585998535156e+01 -1.722820663452148438e+01 -1.760651016235351562e+01 -1.796148300170898438e+01 -1.828450012207031250e+01 -1.855472946166992188e+01 -1.878736686706542969e+01 -1.894187164306640625e+01 -1.901286315917968750e+01 -1.904423713684082031e+01 -1.905276870727539062e+01 -1.906612968444824219e+01 -1.906528663635253906e+01 -1.902070617675781250e+01 -1.891979408264160156e+01 -1.875712585449218750e+01 -1.855401992797851562e+01 -1.831136131286621094e+01 -1.804305839538574219e+01 -1.773716545104980469e+01 -1.744763946533203125e+01 -1.719793319702148438e+01 -1.697575187683105469e+01 -1.678611183166503906e+01 -1.662528991699218750e+01 -1.648689460754394531e+01 -1.636164855957031250e+01 -1.623452568054199219e+01 -1.611503601074218750e+01 -1.601374244689941406e+01 -1.592014884948730469e+01 -1.582884311676025391e+01 -1.568900299072265625e+01 -1.549213218688964844e+01 -1.524957084655761719e+01 -1.495649242401123047e+01 -1.464971733093261719e+01 -1.434851741790771484e+01 -1.408574867248535156e+01 -1.388817977905273438e+01 -1.376452445983886719e+01 -1.371673679351806641e+01 -1.374007415771484375e+01 -1.380681514739990234e+01 -1.388955020904541016e+01 -1.396148014068603516e+01 -1.398722362518310547e+01 -1.395858860015869141e+01 -1.392247486114501953e+01 -1.386895942687988281e+01 -1.380874061584472656e+01 -1.375806903839111328e+01 -1.372297954559326172e+01 -1.366868972778320312e+01 -1.359708309173583984e+01 -1.350662994384765625e+01 -1.336180019378662109e+01 -1.317100238800048828e+01 -1.294819736480712891e+01 -1.267758464813232422e+01 -1.237171173095703125e+01 -1.205711364746093750e+01 -1.174181652069091797e+01 -1.145788288116455078e+01 -1.118440818786621094e+01 -1.089910507202148438e+01 -1.058760070800781250e+01 -1.024503803253173828e+01 -9.861238479614257812e+00 -9.451340675354003906e+00 -9.002207756042480469e+00 -8.543334960937500000e+00 -8.074301719665527344e+00 -7.625417709350585938e+00 -7.205914974212646484e+00 -6.814357757568359375e+00 -6.456692695617675781e+00 -6.139671802520751953e+00 -5.861207008361816406e+00 -5.632186889648437500e+00 -5.423738479614257812e+00 -5.242679119110107422e+00 -5.097159862518310547e+00 -4.957711696624755859e+00 -4.835971355438232422e+00 -4.717295646667480469e+00 -4.600075721740722656e+00 -4.493782520294189453e+00 -4.382231712341308594e+00 -4.269924640655517578e+00 -4.167472362518310547e+00 -4.066867828369140625e+00 -3.985139131546020508e+00 -3.905163288116455078e+00 -3.821107625961303711e+00 -3.726383209228515625e+00 -3.647346019744873047e+00 -3.583219766616821289e+00 -3.527004003524780273e+00 -3.460732460021972656e+00 -3.397515773773193359e+00 -3.329223632812500000e+00 -3.267213821411132812e+00 -3.201354265213012695e+00 -3.128110647201538086e+00 -3.047636747360229492e+00 -2.954732179641723633e+00 -2.847022056579589844e+00 -2.723529100418090820e+00 -2.588055372238159180e+00 -2.432298421859741211e+00 -2.283120393753051758e+00 -2.148326635360717773e+00 -2.041928529739379883e+00 -1.970801472663879395e+00 -1.936008930206298828e+00 -1.919651746749877930e+00 -1.902748703956604004e+00 -1.893363356590270996e+00 -1.848649263381958008e+00 -1.788487792015075684e+00 -1.732339024543762207e+00 -1.695669412612915039e+00 -1.707793712615966797e+00 -1.745200634002685547e+00 -1.767619967460632324e+00 -1.767121911048889160e+00 -1.748581290245056152e+00 -1.702765822410583496e+00 -1.667571067810058594e+00 -1.620223402976989746e+00 -1.592201590538024902e+00 -1.590813040733337402e+00 -1.613988757133483887e+00 -1.661441922187805176e+00 -1.722790837287902832e+00 -1.794320106506347656e+00 -1.891064882278442383e+00 -2.021596908569335938e+00 -2.192121505737304688e+00 -2.390782833099365234e+00 -2.614937543869018555e+00 -2.873923063278198242e+00 -3.132085323333740234e+00 -3.386215448379516602e+00 -3.630308866500854492e+00 -3.833231925964355469e+00 -4.024652957916259766e+00 -4.207867145538330078e+00 -4.397851467132568359e+00 -4.562726020812988281e+00 -4.721231460571289062e+00 -4.881518363952636719e+00 -5.002856731414794922e+00 -5.078839302062988281e+00 -5.123198986053466797e+00 -5.158623695373535156e+00 -5.181713581085205078e+00 -5.179932117462158203e+00 -5.165729522705078125e+00 -5.148146629333496094e+00 -5.124635696411132812e+00 -5.106334686279296875e+00 -5.125622272491455078e+00 -5.164666652679443359e+00 -5.202025890350341797e+00 -5.219015121459960938e+00 -5.206373691558837891e+00 -5.187401771545410156e+00 -5.082171916961669922e+00 -5.029145240783691406e+00 -4.919988632202148438e+00 -4.803975105285644531e+00 -4.682378292083740234e+00 -4.546253681182861328e+00 -4.393283843994140625e+00 -4.209773063659667969e+00 -3.987236499786376953e+00 -3.734303474426269531e+00 -3.469571828842163086e+00 -3.199237585067749023e+00 -2.915524721145629883e+00 -2.541540861129760742e+00 -2.420643329620361328e+00 -2.175860166549682617e+00 -1.969920396804809570e+00 -1.784226179122924805e+00 -1.628976583480834961e+00 -1.499546051025390625e+00 -1.390992879867553711e+00 -1.291853785514831543e+00 -1.272566080093383789e+00 -1.244429469108581543e+00 -1.232985138893127441e+00 -1.243012070655822754e+00 -1.249265789985656738e+00 -1.278235554695129395e+00 -1.327192187309265137e+00 -1.394919276237487793e+00 -1.486128926277160645e+00 -1.580785989761352539e+00 -1.662227153778076172e+00 -1.733526468276977539e+00 -1.779025912284851074e+00 -1.810552716255187988e+00 -1.828538060188293457e+00 -1.853447318077087402e+00 -1.903035998344421387e+00 -1.931182265281677246e+00 -1.953294992446899414e+00 -1.963848710060119629e+00 -1.943861961364746094e+00 -1.909471631050109863e+00 -1.867793321609497070e+00 -1.835519552230834961e+00 -1.815245389938354492e+00 -1.800688743591308594e+00 -1.806425213813781738e+00 -1.823491096496582031e+00 -1.832895517349243164e+00 -1.857316255569458008e+00 -1.868348717689514160e+00 -1.893171906471252441e+00 -1.919163346290588379e+00 -1.955871224403381348e+00 -2.002577304840087891e+00 -2.097866535186767578e+00 -2.205940961837768555e+00 -2.338627338409423828e+00 -2.480680227279663086e+00 -2.624523878097534180e+00 -2.779122352600097656e+00 -2.945481061935424805e+00 -3.138175964355468750e+00 -3.340801954269409180e+00 -3.556749582290649414e+00 -3.763857364654541016e+00 -3.978310823440551758e+00 -4.204495906829833984e+00 -4.438917160034179688e+00 -4.690260410308837891e+00 -4.936269760131835938e+00 -5.188704490661621094e+00 -5.425251483917236328e+00 -5.656100749969482422e+00 -5.884871006011962891e+00 -6.126091957092285156e+00 -6.367446422576904297e+00 -6.633796215057373047e+00 -6.913659572601318359e+00 -7.173497676849365234e+00 -7.400582790374755859e+00 -7.601388931274414062e+00 -7.793452262878417969e+00 -8.000082015991210938e+00 -8.179828643798828125e+00 -8.333095550537109375e+00 -8.448782920837402344e+00 -8.506780624389648438e+00 -8.524468421936035156e+00 -8.509605407714843750e+00 -8.463158607482910156e+00 -8.414441108703613281e+00 -8.359594345092773438e+00 -8.298858642578125000e+00 -8.209448814392089844e+00 -8.086205482482910156e+00 -7.953882694244384766e+00 -7.816819190979003906e+00 -7.672592639923095703e+00 -7.534102439880371094e+00 -7.402258872985839844e+00 -7.307506084442138672e+00 -7.229177474975585938e+00 -7.195150852203369141e+00 -7.223507881164550781e+00 -7.309574127197265625e+00 -7.417428016662597656e+00 -7.535318851470947266e+00 -7.652558326721191406e+00 -7.796659946441650391e+00 -7.967903137207031250e+00 -8.121017456054687500e+00 -8.252564430236816406e+00 -8.356147766113281250e+00 -8.435806274414062500e+00 -8.484839439392089844e+00 -8.502336502075195312e+00 -8.472562789916992188e+00 -8.402431488037109375e+00 -8.302641868591308594e+00 -8.195563316345214844e+00 -8.088379859924316406e+00 -7.955893993377685547e+00 -7.810355186462402344e+00 -7.645586490631103516e+00 -7.484705448150634766e+00 -7.313759326934814453e+00 -7.155570030212402344e+00 -7.021101951599121094e+00 -6.886854171752929688e+00 -6.735990524291992188e+00 -6.562180995941162109e+00 -6.345640182495117188e+00 -6.117884159088134766e+00 -5.909224987030029297e+00 -5.721558094024658203e+00 -5.567495822906494141e+00 -5.462074279785156250e+00 -5.376083850860595703e+00 -5.347133159637451172e+00 -5.363213062286376953e+00 -5.418049812316894531e+00 -5.514038085937500000e+00 -5.654961109161376953e+00 -5.824594497680664062e+00 -5.994113922119140625e+00 -6.159151077270507812e+00 -6.334789752960205078e+00 -6.518626213073730469e+00 -6.676949501037597656e+00 -6.793240547180175781e+00 -6.859502792358398438e+00 -6.874605655670166016e+00 -6.864166736602783203e+00 -6.852932929992675781e+00 -6.868274688720703125e+00 -6.884316444396972656e+00 -6.902550697326660156e+00 -6.927038669586181641e+00 -6.929719924926757812e+00 -6.902809143066406250e+00 -6.866790294647216797e+00 -6.812298774719238281e+00 -6.738337039947509766e+00 -6.662459850311279297e+00 -6.591237068176269531e+00 -6.500209808349609375e+00 -6.389836788177490234e+00 -6.244422912597656250e+00 -6.054198741912841797e+00 -5.850011825561523438e+00 -5.668473720550537109e+00 -5.490948200225830078e+00 -5.314294338226318359e+00 -5.136031627655029297e+00 -4.971186637878417969e+00 -4.852232933044433594e+00 -4.739092350006103516e+00 -4.620359420776367188e+00 -4.464649677276611328e+00 -4.284347057342529297e+00 -4.082324504852294922e+00 -3.885444641113281250e+00 -3.696685791015625000e+00 -3.537011623382568359e+00 -3.400887012481689453e+00 -3.290523767471313477e+00 -3.195378065109252930e+00 -3.124567270278930664e+00 -3.078349590301513672e+00 -3.053516864776611328e+00 -3.033980131149291992e+00 -3.033242940902709961e+00 -3.070276260375976562e+00 -3.136136054992675781e+00 -3.199314117431640625e+00 -3.243989944458007812e+00 -3.258862733840942383e+00 -3.267347812652587891e+00 -3.265930414199829102e+00 -3.268679141998291016e+00 -3.270067691802978516e+00 -3.276579856872558594e+00 -3.304256916046142578e+00 -3.316879034042358398e+00 -3.325986623764038086e+00 -3.332489252090454102e+00 -3.337143659591674805e+00 -3.314542531967163086e+00 -3.279031515121459961e+00 -3.233168125152587891e+00 -3.183531761169433594e+00 -3.110920429229736328e+00 -3.001878976821899414e+00 -2.861607313156127930e+00 -2.683287143707275391e+00 -2.492871522903442383e+00 -2.283446073532104492e+00 -2.090176343917846680e+00 -1.908140540122985840e+00 -1.719467759132385254e+00 -1.519839286804199219e+00 -1.318304896354675293e+00 -1.140588164329528809e+00 -1.002653360366821289e+00 -9.064064621925354004e-01 -8.770534992218017578e-01 -9.016467928886413574e-01 -9.578722119331359863e-01 -1.051792025566101074e+00 -1.147665381431579590e+00 -1.234038591384887695e+00 -1.294391632080078125e+00 -1.342965245246887207e+00 -1.377269268035888672e+00 -1.399774789810180664e+00 -1.425517201423645020e+00 -1.451192617416381836e+00 -1.503022313117980957e+00 -1.572865962982177734e+00 -1.634119272232055664e+00 -1.681907534599304199e+00 -1.716345667839050293e+00 -1.723394274711608887e+00 -1.700151324272155762e+00 -1.643437504768371582e+00 -1.593322038650512695e+00 -1.550312638282775879e+00 -1.526284456253051758e+00 -1.486243724822998047e+00 -1.451805710792541504e+00 -1.423716783523559570e+00 -1.393683910369873047e+00 -1.349573254585266113e+00 -1.290149092674255371e+00 -1.213611245155334473e+00 -1.136910676956176758e+00 -1.053793430328369141e+00 -9.748327732086181641e-01 -9.044527411460876465e-01 -8.455362319946289062e-01 -7.879222035408020020e-01 -7.256442308425903320e-01 -6.679248213768005371e-01 -5.962520241737365723e-01 -5.553877353668212891e-01 -5.336771011352539062e-01 -5.450639724731445312e-01 -5.818005800247192383e-01 -6.285066604614257812e-01 -6.866570711135864258e-01 -7.385729551315307617e-01 -7.656081914901733398e-01 -7.897992730140686035e-01 -8.197268247604370117e-01 -8.482657074928283691e-01 -8.791412711143493652e-01 -9.358934164047241211e-01 -9.879529476165771484e-01 -1.031920075416564941e+00 -1.085186243057250977e+00 -1.123838305473327637e+00 -1.159109592437744141e+00 -1.208669662475585938e+00 -1.249543428421020508e+00 -1.302330851554870605e+00 -1.347064137458801270e+00 -1.360921740531921387e+00 -1.363651156425476074e+00 -1.333196878433227539e+00 -1.287228107452392578e+00 -1.220161795616149902e+00 -1.146975874900817871e+00 -1.074958205223083496e+00 -1.022573113441467285e+00 -9.603143334388732910e-01 -9.144701361656188965e-01 -8.768811821937561035e-01 -8.625542521476745605e-01 -8.513972759246826172e-01 -8.393783569335937500e-01 -8.372331261634826660e-01 -8.385547995567321777e-01 -8.596045970916748047e-01 -8.874348402023315430e-01 -9.144318103790283203e-01 -9.359700083732604980e-01 -9.646813273429870605e-01 -9.813833236694335938e-01 -1.016080021858215332e+00 -1.034390926361083984e+00 -1.023664832115173340e+00 -1.022850871086120605e+00 -1.031422138214111328e+00 -1.034716606140136719e+00 -1.033107638359069824e+00 -1.048545360565185547e+00 -1.074575185775756836e+00 -1.096132516860961914e+00 -1.105355024337768555e+00 -1.116435408592224121e+00 -1.133137345314025879e+00 -1.151678085327148438e+00 -1.167968273162841797e+00 -1.186796307563781738e+00 -1.201621055603027344e+00 -1.231050610542297363e+00 -1.250051021575927734e+00 -1.259062767028808594e+00 -1.288099646568298340e+00 -1.324893832206726074e+00 -1.337946891784667969e+00 -1.338923811912536621e+00 -1.349410414695739746e+00 -1.345321059226989746e+00 -1.349295377731323242e+00 -1.366006970405578613e+00 -1.373764157295227051e+00 -1.388100743293762207e+00 -1.393214702606201172e+00 -1.384959459304809570e+00 -1.368927836418151855e+00 -1.355242729187011719e+00 -1.342744827270507812e+00 -1.321589708328247070e+00 -1.310672283172607422e+00 -1.293462634086608887e+00 -1.299342870712280273e+00 -1.306975603103637695e+00 -1.296919941902160645e+00 -1.279040098190307617e+00 -1.277469396591186523e+00 -1.287553787231445312e+00 -1.297178506851196289e+00 -1.309570908546447754e+00 -1.321560978889465332e+00 -1.324730992317199707e+00 -1.318831682205200195e+00 -1.316696047782897949e+00 -1.314589142799377441e+00 -1.297398805618286133e+00 -1.268735408782958984e+00 -1.233176589012145996e+00 -1.218255996704101562e+00 -1.193203091621398926e+00 -1.173656821250915527e+00 -1.178847432136535645e+00 -1.203632235527038574e+00 -1.234958052635192871e+00 -1.268572568893432617e+00 -1.296220779418945312e+00 -1.320172309875488281e+00 -1.356526017189025879e+00 -1.391050338745117188e+00 -1.421581149101257324e+00 -1.438149094581604004e+00 -1.464906573295593262e+00 -1.498942613601684570e+00 -1.498004198074340820e+00 -1.479214429855346680e+00 -1.455923557281494141e+00 -1.436367750167846680e+00 -1.415720224380493164e+00 -1.401757240295410156e+00 -1.385763883590698242e+00 -1.375660419464111328e+00 -1.362990379333496094e+00 -1.336673259735107422e+00 -1.322968840599060059e+00 -1.324807643890380859e+00 -1.347935557365417480e+00 -1.383609175682067871e+00 -1.421054482460021973e+00 -1.453471899032592773e+00 -1.474981427192687988e+00 -1.492353796958923340e+00 -1.495332121849060059e+00 -1.499613046646118164e+00 -1.511095523834228516e+00 -1.531264424324035645e+00 -1.533419132232666016e+00 -1.531953811645507812e+00 -1.525738477706909180e+00 -1.519724369049072266e+00 -1.504889845848083496e+00 -1.489251017570495605e+00 -1.494144678115844727e+00 -1.494230866432189941e+00 -1.488264560699462891e+00 -1.484950900077819824e+00 -1.477691769599914551e+00 -1.457992196083068848e+00 -1.448070645332336426e+00 -1.457724094390869141e+00 -1.465280175209045410e+00 -1.489298820495605469e+00 -1.531226038932800293e+00 -1.568537354469299316e+00 -1.596041917800903320e+00 -1.618087649345397949e+00 -1.642834186553955078e+00 -1.659813880920410156e+00 -1.688678383827209473e+00 -1.724553108215332031e+00 -1.757190823554992676e+00 -1.782100081443786621e+00 -1.817179918289184570e+00 -1.850191116333007812e+00 -1.863847613334655762e+00 -1.879994273185729980e+00 -1.882254362106323242e+00 -1.882532119750976562e+00 -1.879649400711059570e+00 -1.869708776473999023e+00 -1.860083937644958496e+00 -1.857105612754821777e+00 -1.864115834236145020e+00 -1.880492210388183594e+00 -1.895776748657226562e+00 -1.914556860923767090e+00 -1.918512105941772461e+00 -1.902921199798583984e+00 -1.852891802787780762e+00 -1.785662770271301270e+00 -1.705677151679992676e+00 -1.621688604354858398e+00 -1.542718291282653809e+00 -1.477509737014770508e+00 -1.434126853942871094e+00 -1.416802406311035156e+00 -1.424176454544067383e+00 -1.448740959167480469e+00 -1.472807526588439941e+00 -1.508921623229980469e+00 -1.543771743774414062e+00 -1.582232236862182617e+00 -1.609171748161315918e+00 -1.622713208198547363e+00 -1.628545522689819336e+00 -1.605350613594055176e+00 -1.600207805633544922e+00 -1.595888614654541016e+00 -1.609640955924987793e+00 -1.642604351043701172e+00 -1.685431718826293945e+00 -1.736476182937622070e+00 -1.777752161026000977e+00 -1.813483238220214844e+00 -1.831200480461120605e+00 -1.847174406051635742e+00 -1.849032402038574219e+00 -1.844722747802734375e+00 -1.851675510406494141e+00 -1.858762502670288086e+00 -1.868339180946350098e+00 -1.856396913528442383e+00 -1.844473838806152344e+00 -1.824295520782470703e+00 -1.792548298835754395e+00 -1.757669687271118164e+00 -1.714018583297729492e+00 -1.670568585395812988e+00 -1.651721477508544922e+00 -1.635804772377014160e+00 -1.624475479125976562e+00 -1.600696206092834473e+00 -1.570280313491821289e+00 -1.546931982040405273e+00 -1.520691514015197754e+00 -1.486875891685485840e+00 -1.460644960403442383e+00 -1.433628797531127930e+00 -1.431186795234680176e+00 -1.425172448158264160e+00 -1.404505729675292969e+00 -1.402379751205444336e+00 -1.396700739860534668e+00 -1.404046058654785156e+00 -1.428533911705017090e+00 -1.456804633140563965e+00 -1.485410690307617188e+00 -1.517904639244079590e+00 -1.534951448440551758e+00 -1.527452707290649414e+00 -1.490811944007873535e+00 -1.453424096107482910e+00 -1.417788863182067871e+00 -1.378246068954467773e+00 -1.345215678215026855e+00 -1.318046331405639648e+00 -1.304140925407409668e+00 -1.287458062171936035e+00 -1.293137073516845703e+00 -1.302043437957763672e+00 -1.296948552131652832e+00 -1.287429332733154297e+00 -1.280744671821594238e+00 -1.270411252975463867e+00 -1.277153372764587402e+00 -1.298346757888793945e+00 -1.301976442337036133e+00 -1.307042598724365234e+00 -1.306056141853332520e+00 -1.288377404212951660e+00 -1.284594655036926270e+00 -1.302273273468017578e+00 -1.316964149475097656e+00 -1.342093706130981445e+00 -1.366801857948303223e+00 -1.390284180641174316e+00 -1.406880855560302734e+00 -1.412387490272521973e+00 -1.420977950096130371e+00 -1.431885838508605957e+00 -1.447974801063537598e+00 -1.447400212287902832e+00 -1.456067204475402832e+00 -1.458183765411376953e+00 -1.446442604064941406e+00 -1.440514564514160156e+00 -1.434816360473632812e+00 -1.404879331588745117e+00 -1.367328643798828125e+00 -1.335983633995056152e+00 -1.307626843452453613e+00 -1.279078364372253418e+00 -1.255548119544982910e+00 -1.231720924377441406e+00 -1.210249781608581543e+00 -1.182831406593322754e+00 -1.158477544784545898e+00 -1.124499082565307617e+00 -1.077113032341003418e+00 -1.038317441940307617e+00 -1.009644389152526855e+00 -9.843807816505432129e-01 -9.596439003944396973e-01 -9.405956268310546875e-01 -9.439284205436706543e-01 -9.446945190429687500e-01 -9.563974142074584961e-01 -9.920422434806823730e-01 -1.022860407829284668e+00 -1.042215228080749512e+00 -1.057911515235900879e+00 -1.077199220657348633e+00 -1.100978374481201172e+00 -1.111608624458312988e+00 -1.139074921607971191e+00 -1.176711797714233398e+00 -1.201506257057189941e+00 -1.237639546394348145e+00 -1.298212766647338867e+00 -1.361438870429992676e+00 -1.433849096298217773e+00 -1.508758902549743652e+00 -1.570299386978149414e+00 -1.629282951354980469e+00 -1.678565144538879395e+00 -1.723059058189392090e+00 -1.771345376968383789e+00 -1.791312932968139648e+00 -1.790987372398376465e+00 -1.783239722251892090e+00 -1.769659757614135742e+00 -1.742835164070129395e+00 -1.697211265563964844e+00 -1.652114152908325195e+00 -1.588801860809326172e+00 -1.535966515541076660e+00 -1.491281270980834961e+00 -1.440725207328796387e+00 -1.393961668014526367e+00 -1.347102403640747070e+00 -1.292600750923156738e+00 -1.209023952484130859e+00 -1.126788020133972168e+00 -1.045547842979431152e+00 -9.744975566864013672e-01 -9.196990132331848145e-01 -8.723417520523071289e-01 -8.536190986633300781e-01 -8.360648155212402344e-01 -8.516845703125000000e-01 -8.742666840553283691e-01 -9.136465191841125488e-01 -9.574891328811645508e-01 -1.018311500549316406e+00 -1.088739275932312012e+00 -1.161800742149353027e+00 -1.231175184249877930e+00 -1.299227952957153320e+00 -1.353968977928161621e+00 -1.390552401542663574e+00 -1.426599502563476562e+00 -1.440792202949523926e+00 -1.474416494369506836e+00 -1.506288051605224609e+00 -1.537470102310180664e+00 -1.584386944770812988e+00 -1.622990965843200684e+00 -1.641292333602905273e+00 -1.652602553367614746e+00 -1.665971636772155762e+00 -1.661508917808532715e+00 -1.667398691177368164e+00 -1.674820661544799805e+00 -1.665617465972900391e+00 -1.651376724243164062e+00 -1.645745515823364258e+00 -1.612715125083923340e+00 -1.591186404228210449e+00 -1.560933351516723633e+00 -1.493933916091918945e+00 -1.464772582054138184e+00 -1.389862775802612305e+00 -1.308526992797851562e+00 -1.246641755104064941e+00 -1.187121868133544922e+00 -1.130379319190979004e+00 -1.072554469108581543e+00 -1.026844382286071777e+00 -9.809331893920898438e-01 -9.301952719688415527e-01 -8.889479637145996094e-01 -8.421365618705749512e-01 -7.980161905288696289e-01 -7.514154314994812012e-01 -7.044411897659301758e-01 -6.759884357452392578e-01 -6.537702679634094238e-01 -6.433698534965515137e-01 -6.641611456871032715e-01 -6.769940853118896484e-01 -6.990494132041931152e-01 -7.361978888511657715e-01 -7.704253792762756348e-01 -7.944536209106445312e-01 -8.181274533271789551e-01 -8.455266952514648438e-01 -8.701103329658508301e-01 -9.053530097007751465e-01 -9.367170333862304688e-01 -9.757137894630432129e-01 -1.022946596145629883e+00 -1.059099078178405762e+00 -1.099628090858459473e+00 -1.120486497879028320e+00 -1.126807093620300293e+00 -1.134085416793823242e+00 -1.140252947807312012e+00 -1.135330438613891602e+00 -1.138078927993774414e+00 -1.144054889678955078e+00 -1.144715666770935059e+00 -1.100777387619018555e+00 -1.037982225418090820e+00 -9.753881692886352539e-01 -9.074215888977050781e-01 -8.446743488311767578e-01 -7.843596339225769043e-01 -7.278469204902648926e-01 -6.975554823875427246e-01 -6.768503785133361816e-01 -6.682887673377990723e-01 -6.711426377296447754e-01 -6.671203374862670898e-01 -6.541916728019714355e-01 -6.444807648658752441e-01 -6.326534152030944824e-01 -6.166601777076721191e-01 -6.246855258941650391e-01 -6.320117712020874023e-01 -6.300294399261474609e-01 -6.544119119644165039e-01 -6.468175053596496582e-01 -6.330748200416564941e-01 -6.415407061576843262e-01 -6.391943693161010742e-01 -6.324810981750488281e-01 -6.154822111129760742e-01 -6.004466414451599121e-01 -5.933310389518737793e-01 -5.939152240753173828e-01 -5.938003659248352051e-01 -6.099085211753845215e-01 -6.308721303939819336e-01 -6.510600447654724121e-01 -6.829987168312072754e-01 -7.254622578620910645e-01 -7.758266925811767578e-01 -8.180029392242431641e-01 -8.461683392524719238e-01 -8.634448647499084473e-01 -8.682237267494201660e-01 -8.863813281059265137e-01 -9.164046645164489746e-01 -9.333938956260681152e-01 -9.417352676391601562e-01 -9.516090154647827148e-01 -9.551044702529907227e-01 -9.402987957000732422e-01 -9.225816726684570312e-01 -9.157055020332336426e-01 -9.184061884880065918e-01 -9.060137867927551270e-01 -9.154182076454162598e-01 -9.056019783020019531e-01 -8.996260762214660645e-01 -8.896853923797607422e-01 -8.632725477218627930e-01 -8.375204801559448242e-01 -8.101978898048400879e-01 -7.897130846977233887e-01 -7.727525830268859863e-01 -7.571231722831726074e-01 -7.356041073799133301e-01 -7.054084539413452148e-01 -6.727227568626403809e-01 -6.276926398277282715e-01 -5.833424925804138184e-01 -5.519018173217773438e-01 -5.431294441223144531e-01 -5.461365580558776855e-01 -5.415683984756469727e-01 -5.497182607650756836e-01 -5.465196371078491211e-01 -5.322310328483581543e-01 -5.148299336433410645e-01 -5.057319998741149902e-01 -5.040848255157470703e-01 -5.109322071075439453e-01 -5.141596198081970215e-01 -5.087870359420776367e-01 -4.879957437515258789e-01 -4.824891090393066406e-01 -4.781604111194610596e-01 -4.796064794063568115e-01 -4.877084791660308838e-01 -5.159983634948730469e-01 -5.265232324600219727e-01 -5.531084537506103516e-01 -5.950644612312316895e-01 -6.260263323783874512e-01 -6.472389101982116699e-01 -6.571796536445617676e-01 -6.456683278083801270e-01 -6.178285479545593262e-01 -5.913869738578796387e-01 -5.537596940994262695e-01 -5.147916674613952637e-01 -4.836862087249755859e-01 -4.636898338794708252e-01 -4.627321362495422363e-01 -4.555016458034515381e-01 -4.573116898536682129e-01 -4.696944952011108398e-01 -4.801332056522369385e-01 -4.795298874378204346e-01 -4.945654571056365967e-01 -5.040560364723205566e-01 -5.058756470680236816e-01 -5.283907651901245117e-01 -5.469410419464111328e-01 -5.508866310119628906e-01 -5.542672872543334961e-01 -5.425739884376525879e-01 -5.304976105690002441e-01 -5.170804858207702637e-01 -5.156344771385192871e-01 -5.352860093116760254e-01 -5.685750246047973633e-01 -6.949601173400878906e-01 -1.013542175292968750e+00 -1.492497444152832031e+00 -1.641215682029724121e+00 -1.199159860610961914e+00 -5.530605912208557129e-01 -1.759642511606216431e-01 -2.072229534387588501e-01 -4.692539572715759277e-01 -5.461844205856323242e-01 -2.282919138669967651e-01 2.297571748495101929e-01 5.919711589813232422e-01 7.383047342300415039e-01 6.635673642158508301e-01 4.213890731334686279e-01 1.334719508886337280e-01 -1.057471036911010742e-01 -2.352734059095382690e-01 -3.024451434612274170e-01 -3.010086119174957275e-01 -2.913360297679901123e-01 -2.932226657867431641e-01 -3.202579915523529053e-01 -3.643496036529541016e-01 -3.629609644412994385e-01 -3.260040879249572754e-01 -2.830712497234344482e-01 -2.029133737087249756e-01 -1.147109940648078918e-01 -2.846227027475833893e-02 2.388455532491207123e-02 4.813303053379058838e-02 5.958689004182815552e-02 6.221093609929084778e-02 5.278735607862472534e-02 5.503791198134422302e-02 5.863878503441810608e-02 3.977248072624206543e-02 -9.614156186580657959e-02 -2.779380679130554199e-01 -3.842693865299224854e-01 -4.445841014385223389e-01 -4.851706326007843018e-01 -5.086529254913330078e-01 -5.112003684043884277e-01 -5.028015375137329102e-01 -4.846726059913635254e-01 -4.509910047054290771e-01 -3.897856175899505615e-01 -3.244430422782897949e-01 -2.213295698165893555e-01 -9.309613704681396484e-02 3.767516091465950012e-02 1.706012487411499023e-01 3.011905848979949951e-01 4.188129305839538574e-01 5.399882793426513672e-01 6.545460224151611328e-01 7.646122574806213379e-01 8.671223521232604980e-01 9.460065364837646484e-01 1.001887202262878418e+00 1.040290117263793945e+00 1.074163317680358887e+00 1.071931958198547363e+00 1.060813307762145996e+00 1.013149499893188477e+00 9.367840290069580078e-01 8.390432000160217285e-01 7.154161930084228516e-01 5.901898741722106934e-01 4.843182563781738281e-01 3.910976350307464600e-01 3.323918282985687256e-01 2.988729774951934814e-01 2.900240123271942139e-01 2.827743887901306152e-01 2.657372355461120605e-01 2.413259595632553101e-01 2.065621465444564819e-01 1.650275439023971558e-01 1.151132211089134216e-01 7.048530131578445435e-02 3.774219378829002380e-02 -1.781286089681088924e-03 -2.276406995952129364e-02 -3.742616251111030579e-02 -4.011724516749382019e-02 -2.141373977065086365e-02 1.188481692224740982e-02 5.287355184555053711e-02 1.154962927103042603e-01 1.726219505071640015e-01 2.207453846931457520e-01 2.643294334411621094e-01 2.992943823337554932e-01 3.231597542762756348e-01 3.356862068176269531e-01 3.733039200305938721e-01 3.937887251377105713e-01 3.985579907894134521e-01 4.203356206417083740e-01 4.300273358821868896e-01 4.307551980018615723e-01 4.349881410598754883e-01 4.404181838035583496e-01 4.261775016784667969e-01 3.837043344974517822e-01 3.536140024662017822e-01 3.283982872962951660e-01 2.982504963874816895e-01 2.937206625938415527e-01 2.937110960483551025e-01 2.981738746166229248e-01 2.924852669239044189e-01 2.802077829837799072e-01 2.563711106777191162e-01 2.288760989904403687e-01 1.942846775054931641e-01 1.629110574722290039e-01 1.487373858690261841e-01 1.499536484479904175e-01 1.672493517398834229e-01 1.812506467103958130e-01 1.931546181440353394e-01 1.992167383432388306e-01 1.976173967123031616e-01 1.935568451881408691e-01 1.928290128707885742e-01 1.978855580091476440e-01 2.063706070184707642e-01 2.038231790065765381e-01 2.058534473180770874e-01 2.047808468341827393e-01 1.879352629184722900e-01 1.919287890195846558e-01 2.014481425285339355e-01 2.050873041152954102e-01 2.127104550600051880e-01 2.279854565858840942e-01 2.419580221176147461e-01 2.544940710067749023e-01 2.636686265468597412e-01 3.004819154739379883e-01 3.505685925483703613e-01 4.127891063690185547e-01 4.530595839023590088e-01 4.812728464603424072e-01 4.922957420349121094e-01 4.853238463401794434e-01 4.681047499179840088e-01 4.421324431896209717e-01 4.174817502498626709e-01 4.010287821292877197e-01 3.900920748710632324e-01 3.694157302379608154e-01 3.329855799674987793e-01 3.086509108543395996e-01 2.742414176464080811e-01 2.480297237634658813e-01 2.294794470071792603e-01 2.163209021091461182e-01 2.061695009469985962e-01 1.981537193059921265e-01 2.021951228380203247e-01 2.014960199594497681e-01 2.007873356342315674e-01 2.036220729351043701e-01 2.061311900615692139e-01 2.167422920465469360e-01 2.357522547245025635e-01 2.688305377960205078e-01 3.131137192249298096e-01 3.526563346385955811e-01 3.861655890941619873e-01 4.049935936927795410e-01 4.172327220439910889e-01 4.237258434295654297e-01 4.109503626823425293e-01 4.136126935482025146e-01 4.195790588855743408e-01 4.303721189498901367e-01 4.371333420276641846e-01 4.407820999622344971e-01 4.429464638233184814e-01 4.511633515357971191e-01 4.679132103919982910e-01 4.836383163928985596e-01 5.033282637596130371e-01 5.160749554634094238e-01 5.243493318557739258e-01 5.335621833801269531e-01 5.261976122856140137e-01 5.111046433448791504e-01 4.849599301815032959e-01 4.481083750724792480e-01 4.310712218284606934e-01 4.243099987506866455e-01 4.024365842342376709e-01 3.765121400356292725e-01 3.556730449199676514e-01 3.382623791694641113e-01 3.145981132984161377e-01 3.006925582885742188e-01 3.134105801582336426e-01 3.275651037693023682e-01 3.328323364257812500e-01 3.390285372734069824e-01 3.626258075237274170e-01 3.773166239261627197e-01 3.857729136943817139e-01 3.812526762485504150e-01 3.639090955257415771e-01 3.298443853855133057e-01 3.075591325759887695e-01 2.788095772266387939e-01 2.514103353023529053e-01 2.462101280689239502e-01 2.548100948333740234e-01 2.643485963344573975e-01 2.827552258968353271e-01 3.090435564517974854e-01 3.614191114902496338e-01 4.167443215847015381e-01 4.640346169471740723e-01 5.328248143196105957e-01 5.758342146873474121e-01 6.097169518470764160e-01 6.383899450302124023e-01 6.666415333747863770e-01 6.807385683059692383e-01 6.870976090431213379e-01 6.805949211120605469e-01 6.549578309059143066e-01 6.062214374542236328e-01 5.397967100143432617e-01 4.738508164882659912e-01 4.250953197479248047e-01 3.733135163784027100e-01 3.227288126945495605e-01 2.932226657867431641e-01 2.800737023353576660e-01 2.666182816028594971e-01 2.562370300292968750e-01 2.543791234493255615e-01 2.602114379405975342e-01 2.739924192428588867e-01 2.787329852581024170e-01 2.945634126663208008e-01 3.072143793106079102e-01 3.063715994358062744e-01 3.096181750297546387e-01 3.058544993400573730e-01 2.857144474983215332e-01 2.583822309970855713e-01 2.252943664789199829e-01 2.181979715824127197e-01 2.039285302162170410e-01 1.864221245050430298e-01 1.626237481832504272e-01 1.527117639780044556e-01 1.542536318302154541e-01 1.523191034793853760e-01 1.616756618022918701e-01 1.604019254446029663e-01 1.489480733871459961e-01 1.273906826972961426e-01 1.021653711795806885e-01 9.020394086837768555e-02 7.477571070194244385e-02 7.310934364795684814e-02 8.503247052431106567e-02 1.052586808800697327e-01 1.411621272563934326e-01 1.668184101581573486e-01 1.797087788581848145e-01 1.889599710702896118e-01 1.997817754745483398e-01 1.537364870309829712e-01 1.375804096460342407e-01 2.032677233219146729e-01 2.837320566177368164e-01 3.243664503097534180e-01 3.283982872962951660e-01 3.326790928840637207e-01 3.329472541809082031e-01 3.190513253211975098e-01 3.248548507690429688e-01 3.534416258335113525e-01 4.042561650276184082e-01 4.370758831501007080e-01 4.428603053092956543e-01 4.404756426811218262e-01 4.225957691669464111e-01 3.704596161842346191e-01 3.137170374393463135e-01 2.502802610397338867e-01 1.814517527818679810e-01 1.254657506942749023e-01 8.857589215040206909e-02 4.639005288481712341e-02 2.051351964473724365e-02 4.730942659080028534e-03 -9.011775255203247070e-03 -2.490927465260028839e-02 -3.626736998558044434e-02 -3.558741509914398193e-02 -1.738190464675426483e-02 -7.661445415578782558e-04 2.322375588119029999e-02 2.812708169221878052e-02 1.787032186985015869e-02 -2.892195712774991989e-03 -3.064578212797641754e-02 -5.251920595765113831e-02 -7.867346704006195068e-02 -8.822154253721237183e-02 -9.145850688219070435e-02 -8.059840649366378784e-02 -7.231447100639343262e-02 -9.563399851322174072e-02 -1.627674102783203125e-01 -1.867860406637191772e-01 -1.585440337657928467e-01 -9.866026043891906738e-02 -4.290409386157989502e-02 1.907699927687644958e-02 6.451894342899322510e-02 1.029985547065734863e-01 1.321599334478378296e-01 1.664736270904541016e-01 2.122412025928497314e-01 2.469954192638397217e-01 2.825253903865814209e-01 2.900144457817077637e-01 2.841438651084899902e-01 2.894781529903411865e-01 3.155749440193176270e-01 3.340869247913360596e-01 3.379272222518920898e-01 3.407810926437377930e-01 3.450140357017517090e-01 3.510282933712005615e-01 3.734188675880432129e-01 3.934631049633026123e-01 4.129710793495178223e-01 3.993528485298156738e-01 3.728729784488677979e-01 3.261956274509429932e-01 2.645305395126342773e-01
-6.693920135498046875e+00 -6.715956211090087891e+00 -6.710957050323486328e+00 -6.668206214904785156e+00 -6.609911918640136719e+00 -6.543784141540527344e+00 -6.458368778228759766e+00 -6.360244750976562500e+00 -6.260339260101318359e+00 -6.150656223297119141e+00 -6.007301330566406250e+00 -5.844131469726562500e+00 -5.661961555480957031e+00 -5.465157985687255859e+00 -5.262206554412841797e+00 -5.050223827362060547e+00 -4.854176521301269531e+00 -4.673510074615478516e+00 -4.516901016235351562e+00 -4.388322830200195312e+00 -4.292123317718505859e+00 -4.218851566314697266e+00 -4.186118125915527344e+00 -4.199429512023925781e+00 -4.238378524780273438e+00 -4.321792602539062500e+00 -4.446923255920410156e+00 -4.616164684295654297e+00 -4.792157649993896484e+00 -4.988204002380371094e+00 -5.199842453002929688e+00 -5.418145656585693359e+00 -5.636745452880859375e+00 -5.847598075866699219e+00 -6.063411712646484375e+00 -6.266525745391845703e+00 -6.443745136260986328e+00 -6.588939189910888672e+00 -6.696677684783935547e+00 -6.773100852966308594e+00 -6.823934555053710938e+00 -6.863237857818603516e+00 -6.896996021270751953e+00 -6.923456668853759766e+00 -6.949209213256835938e+00 -6.982622146606445312e+00 -7.009475708007812500e+00 -7.023122787475585938e+00 -7.013421535491943359e+00 -6.971982479095458984e+00 -6.905385017395019531e+00 -6.803957462310791016e+00 -6.667641162872314453e+00 -6.510705947875976562e+00 -6.328899860382080078e+00 -6.055510520935058594e+00 -5.580280780792236328e+00 -5.186712265014648438e+00 -5.186281204223632812e+00 -5.280402183532714844e+00 -5.389740943908691406e+00 -5.515331268310546875e+00 -5.581066131591796875e+00 -5.562573432922363281e+00 -5.465272903442382812e+00 -5.316717147827148438e+00 -5.132047653198242188e+00 -4.920917510986328125e+00 -4.705123424530029297e+00 -4.486140251159667969e+00 -4.305320262908935547e+00 -4.171283721923828125e+00 -4.076319694519042969e+00 -4.016397953033447266e+00 -3.983894348144531250e+00 -3.966876268386840820e+00 -3.982831001281738281e+00 -4.025878906250000000e+00 -4.069893836975097656e+00 -4.118534564971923828e+00 -4.187085628509521484e+00 -4.270805835723876953e+00 -4.406432628631591797e+00 -4.597901344299316406e+00 -4.827869415283203125e+00 -5.084585666656494141e+00 -5.340324401855468750e+00 -5.614661693572998047e+00 -5.914846897125244141e+00 -6.258950710296630859e+00 -6.646170139312744141e+00 -7.088991641998291016e+00 -7.552777290344238281e+00 -8.032383918762207031e+00 -8.477427482604980469e+00 -8.885514259338378906e+00 -9.232846260070800781e+00 -9.537273406982421875e+00 -9.798308372497558594e+00 -1.001027202606201172e+01 -1.015516853332519531e+01 -1.025283432006835938e+01 -1.029117012023925781e+01 -1.029098701477050781e+01 -1.026993751525878906e+01 -1.026707458496093750e+01 -1.032433414459228516e+01 -1.047696018218994141e+01 -1.074523448944091797e+01 -1.108488559722900391e+01 -1.150162982940673828e+01 -1.198368835449218750e+01 -1.245298004150390625e+01 -1.290633678436279297e+01 -1.343925762176513672e+01 -1.409363079071044922e+01 -1.483144760131835938e+01 -1.564721870422363281e+01 -1.650455474853515625e+01 -1.733798408508300781e+01 -1.813958168029785156e+01 -1.889708900451660156e+01 -1.960942268371582031e+01 -2.028952789306640625e+01 -2.094400787353515625e+01 -2.156792640686035156e+01 -2.214809989929199219e+01 -2.268074226379394531e+01 -2.316029167175292969e+01 -2.358346176147460938e+01 -2.394867324829101562e+01 -2.427704238891601562e+01 -2.458012008666992188e+01 -2.484732246398925781e+01 -2.506151771545410156e+01 -2.524125480651855469e+01 -2.538640975952148438e+01 -2.552632904052734375e+01 -2.569229316711425781e+01 -2.591066360473632812e+01 -2.615632820129394531e+01 -2.638821983337402344e+01 -2.657023811340332031e+01 -2.667900276184082031e+01 -2.669688987731933594e+01 -2.662797737121582031e+01 -2.647221946716308594e+01 -2.624774742126464844e+01 -2.596718597412109375e+01 -2.562945938110351562e+01 -2.527964782714843750e+01 -2.486893844604492188e+01 -2.434567070007324219e+01 -2.370216560363769531e+01 -2.292702865600585938e+01 -2.201726913452148438e+01 -2.100651550292968750e+01 -1.992144393920898438e+01 -1.880105209350585938e+01 -1.769924163818359375e+01 -1.665918159484863281e+01 -1.567180252075195312e+01 -1.471993541717529297e+01 -1.377667713165283203e+01 -1.280890274047851562e+01 -1.179477596282958984e+01 -1.076401424407958984e+01 -9.724289894104003906e+00 -8.655594825744628906e+00 -7.555027961730957031e+00 -6.401961326599121094e+00 -5.181847095489501953e+00 -3.879985809326171875e+00 -2.480134248733520508e+00 -1.003812074661254883e+00 5.455715060234069824e-01 2.180447340011596680e+00 3.906743526458740234e+00 5.747223854064941406e+00 7.682150363922119141e+00 9.715066909790039062e+00 1.179341602325439453e+01 1.384839725494384766e+01 1.584841823577880859e+01 1.780294990539550781e+01 1.972904586791992188e+01 2.165579223632812500e+01 2.356860733032226562e+01 2.544293212890625000e+01 2.725893402099609375e+01 2.898150634765625000e+01 3.057806396484375000e+01 3.196798515319824219e+01 3.311515045166015625e+01 3.398445892333984375e+01 3.457285690307617188e+01 3.490798950195312500e+01 3.503247833251953125e+01 3.495539474487304688e+01 3.470682907104492188e+01 3.430126953125000000e+01 3.376459503173828125e+01 3.312373352050781250e+01 3.241470336914062500e+01 3.164743041992187500e+01 3.081517601013183594e+01 2.987125778198242188e+01 2.880142211914062500e+01 2.762161636352539062e+01 2.637802124023437500e+01 2.513957786560058594e+01 2.392473983764648438e+01 2.275308609008789062e+01 2.161355018615722656e+01 2.047726249694824219e+01 1.930529022216796875e+01 1.801473999023437500e+01 1.658584213256835938e+01 1.501139545440673828e+01 1.326673126220703125e+01 1.138452434539794922e+01 9.372179031372070312e+00 7.258549213409423828e+00 5.022221088409423828e+00 2.651195287704467773e+00 1.898889243602752686e-01 -2.325775384902954102e+00 -4.841286659240722656e+00 -7.303023815155029297e+00 -9.639620780944824219e+00 -1.184716129302978516e+01 -1.389472103118896484e+01 -1.579796791076660156e+01 -1.757191848754882812e+01 -1.925390243530273438e+01 -2.085208892822265625e+01 -2.234368515014648438e+01 -2.372564888000488281e+01 -2.498644447326660156e+01 -2.614724922180175781e+01 -2.717267608642578125e+01 -2.805124282836914062e+01 -2.877680969238281250e+01 -2.911626052856445312e+01 -2.984585952758789062e+01 -3.067633247375488281e+01 -3.127695083618164062e+01 -3.193424606323242188e+01 -3.245280075073242188e+01 -3.284211730957031250e+01 -3.316048049926757812e+01 -3.332666397094726562e+01 -3.335718917846679688e+01 -3.343375396728515625e+01 -3.365766143798828125e+01 -3.399901580810546875e+01 -3.443863677978515625e+01 -3.497039794921875000e+01 -3.556608581542968750e+01 -3.613652801513671875e+01 -3.657215881347656250e+01 -3.722548675537109375e+01 -3.808066940307617188e+01 -3.883190155029296875e+01 -3.947830963134765625e+01 -4.006584548950195312e+01 -4.059709930419921875e+01 -4.106081771850585938e+01 -4.142063522338867188e+01 -4.173065567016601562e+01 -4.201604843139648438e+01 -4.229637908935546875e+01 -4.255061340332031250e+01 -4.274604797363281250e+01 -4.284764099121093750e+01 -4.279688262939453125e+01 -4.259813308715820312e+01 -4.235393905639648438e+01 -4.213504791259765625e+01 -4.189831924438476562e+01 -4.165786361694335938e+01 -4.140476989746093750e+01 -4.108933639526367188e+01 -4.070763397216796875e+01 -4.024615478515625000e+01 -3.974771499633789062e+01 -3.924766159057617188e+01 -3.875411987304687500e+01 -3.828051376342773438e+01 -3.783767700195312500e+01 -3.739138031005859375e+01 -3.692295074462890625e+01 -3.640277481079101562e+01 -3.580154418945312500e+01 -3.511455917358398438e+01 -3.435884475708007812e+01 -3.357380294799804688e+01 -3.281148147583007812e+01 -3.207939910888671875e+01 -3.138379859924316406e+01 -3.070100212097167969e+01 -2.997051239013671875e+01 -2.917951583862304688e+01 -2.834598922729492188e+01 -2.746971130371093750e+01 -2.658514785766601562e+01 -2.571216583251953125e+01 -2.483570480346679688e+01 -2.399370384216308594e+01 -2.316027069091796875e+01 -2.230959320068359375e+01 -2.145481491088867188e+01 -2.060279464721679688e+01 -1.977404594421386719e+01 -1.896576309204101562e+01 -1.815001106262207031e+01 -1.734610557556152344e+01 -1.654733467102050781e+01 -1.575138568878173828e+01 -1.493562412261962891e+01 -1.410780429840087891e+01 -1.327311897277832031e+01 -1.241679000854492188e+01 -1.158361721038818359e+01 -1.076166915893554688e+01 -9.923266410827636719e+00 -9.089108467102050781e+00 -8.257495880126953125e+00 -7.446292877197265625e+00 -6.690634727478027344e+00 -5.950472354888916016e+00 -5.227576732635498047e+00 -4.539588451385498047e+00 -3.887896299362182617e+00 -3.245244741439819336e+00 -2.588696956634521484e+00 -1.884648561477661133e+00 -1.114290118217468262e+00 -2.778423130512237549e-01 6.332088708877563477e-01 1.622655868530273438e+00 2.632328987121582031e+00 3.610906362533569336e+00 4.497019767761230469e+00 5.262752532958984375e+00 5.904695510864257812e+00 6.436476230621337891e+00 6.866273403167724609e+00 7.200274467468261719e+00 7.462525367736816406e+00 7.667526721954345703e+00 7.825888633728027344e+00 7.958096504211425781e+00 8.087326049804687500e+00 8.187211990356445312e+00 8.294931411743164062e+00 8.411146163940429688e+00 8.528654098510742188e+00 8.653487205505371094e+00 8.786499977111816406e+00 8.921561241149902344e+00 9.053789138793945312e+00 9.200304985046386719e+00 9.392070770263671875e+00 9.643681526184082031e+00 9.940793037414550781e+00 1.028348922729492188e+01 1.065467643737792969e+01 1.104393577575683594e+01 1.145937728881835938e+01 1.187865924835205078e+01 1.231452846527099609e+01 1.275922775268554688e+01 1.325532531738281250e+01 1.378907871246337891e+01 1.433498573303222656e+01 1.485875129699707031e+01 1.535840129852294922e+01 1.581868267059326172e+01 1.622270011901855469e+01 1.659315872192382812e+01 1.689845657348632812e+01 1.713352966308593750e+01 1.731166839599609375e+01 1.746248435974121094e+01 1.762903404235839844e+01 1.779925155639648438e+01 1.797816658020019531e+01 1.816336059570312500e+01 1.833183860778808594e+01 1.846859359741210938e+01 1.855501556396484375e+01 1.858939743041992188e+01 1.856082725524902344e+01 1.849073600769042969e+01 1.840629768371582031e+01 1.833409690856933594e+01 1.825349998474121094e+01 1.815073966979980469e+01 1.800941467285156250e+01 1.780411720275878906e+01 1.755074501037597656e+01 1.723941040039062500e+01 1.689328575134277344e+01 1.653484535217285156e+01 1.612934303283691406e+01 1.567441654205322266e+01 1.521149349212646484e+01 1.472193622589111328e+01 1.422847270965576172e+01 1.373666477203369141e+01 1.323130702972412109e+01 1.269812774658203125e+01 1.214079570770263672e+01 1.156895542144775391e+01 1.100028419494628906e+01 1.046578311920166016e+01 9.974225997924804688e+00 9.530196189880371094e+00 9.116823196411132812e+00 8.744783401489257812e+00 8.399213790893554688e+00 8.059965133666992188e+00 7.732457637786865234e+00 7.400601863861083984e+00 7.081531047821044922e+00 6.757528781890869141e+00 6.436725139617919922e+00 6.108010768890380859e+00 5.784563541412353516e+00 5.459986209869384766e+00 5.142993927001953125e+00 4.831968307495117188e+00 4.547470092773437500e+00 4.241826057434082031e+00 3.902280569076538086e+00 3.527444362640380859e+00 3.109177350997924805e+00 2.888202190399169922e+00 2.198107004165649414e+00 1.954386830329895020e+00 1.130972981452941895e+00 8.517994880676269531e-01 3.505111206322908401e-03 -2.814815044403076172e-01 -8.366011381149291992e-01 -1.370326161384582520e+00 -1.886745810508728027e+00 -2.379980325698852539e+00 -2.853514909744262695e+00 -3.307273626327514648e+00 -3.962384700775146484e+00 -4.179117202758789062e+00 -4.626747131347656250e+00 -5.112980365753173828e+00 -5.636669158935546875e+00 -6.183456897735595703e+00 -6.729229450225830078e+00 -7.291436195373535156e+00 -7.839957237243652344e+00 -8.378211975097656250e+00 -8.882919311523437500e+00 -9.375645637512207031e+00 -9.876187324523925781e+00 -1.038819217681884766e+01 -1.091780853271484375e+01 -1.147384738922119141e+01 -1.207738780975341797e+01 -1.273201942443847656e+01 -1.342078399658203125e+01 -1.414709854125976562e+01 -1.489725017547607422e+01 -1.565834808349609375e+01 -1.641799736022949219e+01 -1.717605018615722656e+01 -1.792037963867187500e+01 -1.863548088073730469e+01 -1.933021926879882812e+01 -1.998986053466796875e+01 -2.062599945068359375e+01 -2.123586082458496094e+01 -2.184699440002441406e+01 -2.247217750549316406e+01 -2.310009193420410156e+01 -2.370473289489746094e+01 -2.428010749816894531e+01 -2.479274368286132812e+01 -2.523905181884765625e+01 -2.566681861877441406e+01 -2.608121681213378906e+01 -2.645478820800781250e+01 -2.679242897033691406e+01 -2.707899665832519531e+01 -2.732161521911621094e+01 -2.750300979614257812e+01 -2.762812042236328125e+01 -2.770654487609863281e+01 -2.772182083129882812e+01 -2.770500373840332031e+01 -2.766896438598632812e+01 -2.762586021423339844e+01 -2.760417747497558594e+01 -2.760568237304687500e+01 -2.764523506164550781e+01 -2.774863433837890625e+01 -2.790029335021972656e+01 -2.810444068908691406e+01 -2.834169769287109375e+01 -2.857772827148437500e+01 -2.880598068237304688e+01 -2.902400779724121094e+01 -2.925581359863281250e+01 -2.952877235412597656e+01 -2.982286453247070312e+01 -3.010993194580078125e+01 -3.037058258056640625e+01 -3.058799552917480469e+01 -3.078468322753906250e+01 -3.096916198730468750e+01 -3.114443588256835938e+01 -3.128726577758789062e+01 -3.139087677001953125e+01 -3.147856330871582031e+01 -3.154675865173339844e+01 -3.158482551574707031e+01 -3.163976669311523438e+01 -3.168768119812011719e+01 -3.171356582641601562e+01 -3.171733093261718750e+01 -3.169098472595214844e+01 -3.163817787170410156e+01 -3.155065536499023438e+01 -3.144063758850097656e+01 -3.131589126586914062e+01 -3.117384719848632812e+01 -3.100790023803710938e+01 -3.080356788635253906e+01 -3.053639411926269531e+01 -3.023309707641601562e+01 -2.991564559936523438e+01 -2.957163619995117188e+01 -2.922541618347167969e+01 -2.886265563964843750e+01 -2.850807571411132812e+01 -2.814478874206542969e+01 -2.778447151184082031e+01 -2.741810226440429688e+01 -2.703209686279296875e+01 -2.659410285949707031e+01 -2.611139488220214844e+01 -2.559245491027832031e+01 -2.507452201843261719e+01 -2.454896736145019531e+01 -2.401303863525390625e+01 -2.346079254150390625e+01 -2.287360000610351562e+01 -2.227169799804687500e+01 -2.165174293518066406e+01 -2.102187728881835938e+01 -2.038728904724121094e+01 -1.976743888854980469e+01 -1.915072059631347656e+01 -1.854118537902832031e+01 -1.791229629516601562e+01 -1.728014945983886719e+01 -1.667934989929199219e+01 -1.614245414733886719e+01 -1.564430809020996094e+01 -1.519873714447021484e+01 -1.482516479492187500e+01 -1.449466991424560547e+01 -1.423542594909667969e+01 -1.401439285278320312e+01 -1.383862972259521484e+01 -1.370027351379394531e+01 -1.359158611297607422e+01 -1.351198387145996094e+01 -1.344587516784667969e+01 -1.340779781341552734e+01 -1.338852882385253906e+01 -1.336794853210449219e+01 -1.333608722686767578e+01 -1.328899669647216797e+01 -1.320681858062744141e+01 -1.309183025360107422e+01 -1.297591209411621094e+01 -1.284994792938232422e+01 -1.271522140502929688e+01 -1.257319831848144531e+01 -1.242402935028076172e+01 -1.226073551177978516e+01 -1.208297061920166016e+01 -1.189007472991943359e+01 -1.168358993530273438e+01 -1.145581436157226562e+01 -1.120628166198730469e+01 -1.093651294708251953e+01 -1.065742492675781250e+01 -1.037757110595703125e+01 -1.009164619445800781e+01 -9.781261444091796875e+00 -9.456570625305175781e+00 -9.120500564575195312e+00 -8.772786140441894531e+00 -8.443285942077636719e+00 -8.134233474731445312e+00 -7.862185001373291016e+00 -7.628520488739013672e+00 -7.403436660766601562e+00 -7.185755729675292969e+00 -6.985246181488037109e+00 -6.810632228851318359e+00 -6.668407440185546875e+00 -6.560831069946289062e+00 -6.481247425079345703e+00 -6.422991752624511719e+00 -6.360809803009033203e+00 -6.288274765014648438e+00 -6.201394081115722656e+00 -6.103040695190429688e+00 -5.988674163818359375e+00 -5.876108169555664062e+00 -5.789916992187500000e+00 -5.696668148040771484e+00 -5.605180740356445312e+00 -5.522245407104492188e+00 -5.450371742248535156e+00 -5.401319026947021484e+00 -5.351356983184814453e+00 -5.316755771636962891e+00 -5.279617309570312500e+00 -5.260635852813720703e+00 -5.240179538726806641e+00 -5.240438461303710938e+00 -5.265941619873046875e+00 -5.302093982696533203e+00 -5.366200447082519531e+00 -5.438668251037597656e+00 -5.505246639251708984e+00 -5.550698280334472656e+00 -5.571211338043212891e+00 -5.563751697540283203e+00 -5.529264926910400391e+00 -5.448474884033203125e+00 -5.348177433013916016e+00 -5.224425792694091797e+00 -5.085236549377441406e+00 -4.927286148071289062e+00 -4.751427173614501953e+00 -4.570770740509033203e+00 -4.386378288269042969e+00 -4.185993671417236328e+00 -3.960622549057006836e+00 -3.714565753936767578e+00 -3.455895900726318359e+00 -3.181204557418823242e+00 -2.878117561340332031e+00 -2.571535348892211914e+00 -2.266926050186157227e+00 -1.966769695281982422e+00 -1.679398417472839355e+00 -1.415461659431457520e+00 -1.198786377906799316e+00 -1.020600318908691406e+00 -8.823878169059753418e-01 -7.677055597305297852e-01 -6.677141189575195312e-01 -5.741678476333618164e-01 -4.674726426601409912e-01 -3.563913106918334961e-01 -2.528851628303527832e-01 -1.538418233394622803e-01 -6.439444422721862793e-02 1.150174532085657120e-02 5.403234437108039856e-02 7.986099272966384888e-02 1.030464395880699158e-01 1.317098289728164673e-01 1.658032536506652832e-01 1.776114702224731445e-01 1.969566047191619873e-01 2.227182090282440186e-01 2.417185902595520020e-01 2.426762878894805908e-01 2.246910333633422852e-01 2.194142192602157593e-01 2.179968506097793579e-01 2.243845760822296143e-01 2.448406368494033813e-01 2.969959378242492676e-01 3.908295035362243652e-01 4.978407323360443115e-01 6.383612155914306641e-01 8.090103268623352051e-01 1.002605438232421875e+00 1.190109729766845703e+00 1.360979080200195312e+00 1.520681977272033691e+00 1.662437915802001953e+00 1.778403401374816895e+00 1.877379775047302246e+00 1.942262530326843262e+00 1.986382961273193359e+00 2.000250101089477539e+00 2.001811265945434570e+00 1.987991809844970703e+00 1.966827154159545898e+00 1.914662241935729980e+00 1.842481851577758789e+00 1.747355461120605469e+00 1.635823965072631836e+00 1.506163597106933594e+00 1.351076841354370117e+00 1.170525312423706055e+00 9.816897511482238770e-01 7.741315960884094238e-01 5.661424994468688965e-01 3.260902762413024902e-01 6.664499640464782715e-02 -1.861922740936279297e-01 -4.408203959465026855e-01 -6.779996156692504883e-01 -8.998846411705017090e-01 -1.115899085998535156e+00 -1.309475064277648926e+00 -1.489260554313659668e+00 -1.668040275573730469e+00 -1.832014441490173340e+00 -1.967018723487854004e+00 -2.111705064773559570e+00 -2.245387792587280273e+00 -2.351613521575927734e+00 -2.453357696533203125e+00 -2.552726507186889648e+00 -2.645688772201538086e+00 -2.731707572937011719e+00 -2.797021150588989258e+00 -2.845288515090942383e+00 -2.877878427505493164e+00 -2.890347480773925781e+00 -2.896141290664672852e+00 -2.904090166091918945e+00 -2.909979820251464844e+00 -2.926403999328613281e+00 -2.942397117614746094e+00 -2.952069759368896484e+00 -2.962345600128173828e+00 -2.968312025070190430e+00 -2.988346576690673828e+00 -3.009999990463256836e+00 -3.027583122253417969e+00 -3.061705112457275391e+00 -3.087007045745849609e+00 -3.120410919189453125e+00 -3.161170005798339844e+00 -3.201890468597412109e+00 -3.248701810836791992e+00 -3.316697359085083008e+00 -3.391827106475830078e+00 -3.460579156875610352e+00 -3.531600713729858398e+00 -3.607305526733398438e+00 -3.686639547348022461e+00 -3.760046005249023438e+00 -3.841238021850585938e+00 -3.920179605484008789e+00 -3.999772548675537109e+00 -4.078924655914306641e+00 -4.160509586334228516e+00 -4.242496490478515625e+00 -4.314198017120361328e+00 -4.401681900024414062e+00 -4.489051818847656250e+00 -4.565752506256103516e+00 -4.642261028289794922e+00 -4.716404914855957031e+00 -4.779582977294921875e+00 -4.833701610565185547e+00 -4.900260925292968750e+00 -4.968418598175048828e+00 -5.031395435333251953e+00 -5.114924907684326172e+00 -5.212406635284423828e+00 -5.327309608459472656e+00 -5.465569972991943359e+00 -5.629917621612548828e+00 -5.791506767272949219e+00 -5.955442905426025391e+00 -6.132613658905029297e+00 -6.303349018096923828e+00 -6.462524890899658203e+00 -6.628892898559570312e+00 -6.768810749053955078e+00 -6.887812137603759766e+00 -6.998778343200683594e+00 -7.094785690307617188e+00 -7.187115669250488281e+00 -7.244203090667724609e+00 -7.294787406921386719e+00 -7.332730770111083984e+00 -7.371191501617431641e+00 -7.391522884368896484e+00 -7.408042907714843750e+00 -7.412630558013916016e+00 -7.424160957336425781e+00 -7.437118053436279297e+00 -7.443726062774658203e+00 -7.449970245361328125e+00 -7.451502323150634766e+00 -7.432866096496582031e+00 -7.417964935302734375e+00 -7.402613162994384766e+00 -7.361518859863281250e+00 -7.322512626647949219e+00 -7.270012855529785156e+00 -7.201988697052001953e+00 -7.133562564849853516e+00 -7.073515415191650391e+00 -7.032555580139160156e+00 -7.007225036621093750e+00 -7.007349491119384766e+00 -7.013172149658203125e+00 -7.026560783386230469e+00 -7.036003589630126953e+00 -7.066524505615234375e+00 -7.085007667541503906e+00 -7.101805686950683594e+00 -7.106584548950195312e+00 -7.125431537628173828e+00 -7.145696163177490234e+00 -7.166487216949462891e+00 -7.185267448425292969e+00 -7.218058586120605469e+00 -7.256873130798339844e+00 -7.293829917907714844e+00 -7.348772525787353516e+00 -7.394845962524414062e+00 -7.420540809631347656e+00 -7.443343162536621094e+00 -7.475042343139648438e+00 -7.490729331970214844e+00 -7.492022037506103516e+00 -7.503916740417480469e+00 -7.508130550384521484e+00 -7.515408515930175781e+00 -7.527235984802246094e+00 -7.559088230133056641e+00 -7.598267078399658203e+00 -7.633701801300048828e+00 -7.664816379547119141e+00 -7.723148822784423828e+00 -7.807137012481689453e+00 -7.876205444335937500e+00 -7.946882247924804688e+00 -8.018343925476074219e+00 -8.068508148193359375e+00 -8.123899459838867188e+00 -8.173900604248046875e+00 -8.216086387634277344e+00 -8.237643241882324219e+00 -8.255897521972656250e+00 -8.271038055419921875e+00 -8.275327682495117188e+00 -8.280308723449707031e+00 -8.273977279663085938e+00 -8.250678062438964844e+00 -8.245382308959960938e+00 -8.226782798767089844e+00 -8.195496559143066406e+00 -8.184597969055175781e+00 -8.153759956359863281e+00 -8.119973182678222656e+00 -8.091003417968750000e+00 -8.058135986328125000e+00 -8.019244194030761719e+00 -7.998194694519042969e+00 -7.977451324462890625e+00 -7.960778236389160156e+00 -7.946700096130371094e+00 -7.936855316162109375e+00 -7.936137199401855469e+00 -7.938780307769775391e+00 -7.933579921722412109e+00 -7.931530952453613281e+00 -7.927173137664794922e+00 -7.936586856842041016e+00 -7.948251247406005859e+00 -7.944612503051757812e+00 -7.917021274566650391e+00 -7.885045051574707031e+00 -7.844065666198730469e+00 -7.789650440216064453e+00 -7.745443820953369141e+00 -7.697578430175781250e+00 -7.651974201202392578e+00 -7.613667011260986328e+00 -7.589772224426269531e+00 -7.572361946105957031e+00 -7.581459999084472656e+00 -7.590921878814697266e+00 -7.597002983093261719e+00 -7.596735000610351562e+00 -7.606599330902099609e+00 -7.647616863250732422e+00 -7.703784465789794922e+00 -7.760316371917724609e+00 -7.824921607971191406e+00 -7.911764144897460938e+00 -7.996078014373779297e+00 -8.070413589477539062e+00 -8.143350601196289062e+00 -8.224293708801269531e+00 -8.321412086486816406e+00 -8.427043914794921875e+00 -8.540902137756347656e+00 -8.691900253295898438e+00 -8.844708442687988281e+00 -8.982814788818359375e+00 -9.120270729064941406e+00 -9.238381385803222656e+00 -9.330088615417480469e+00 -9.415945053100585938e+00 -9.502088546752929688e+00 -9.569557189941406250e+00 -9.628521919250488281e+00 -9.658822059631347656e+00 -9.655394554138183594e+00 -9.630360603332519531e+00 -9.615209579467773438e+00 -9.593518257141113281e+00 -9.572286605834960938e+00 -9.566138267517089844e+00 -9.555957794189453125e+00 -9.524459838867187500e+00 -9.493334770202636719e+00 -9.471988677978515625e+00 -9.462411880493164062e+00 -9.476843833923339844e+00 -9.510985374450683594e+00 -9.555987358093261719e+00 -9.636144638061523438e+00 -9.750520706176757812e+00 -9.910357475280761719e+00 -1.012285709381103516e+01 -1.038313579559326172e+01 -1.067367649078369141e+01 -1.097066307067871094e+01 -1.125313091278076172e+01 -1.151533412933349609e+01 -1.176446628570556641e+01 -1.196712970733642578e+01 -1.212022495269775391e+01 -1.222941970825195312e+01 -1.227526378631591797e+01 -1.227612590789794922e+01 -1.222224617004394531e+01 -1.210311126708984375e+01 -1.192305755615234375e+01 -1.168785095214843750e+01 -1.142815685272216797e+01 -1.113617038726806641e+01 -1.082946300506591797e+01 -1.049543380737304688e+01 -1.015414428710937500e+01 -9.813554763793945312e+00 -9.513025283813476562e+00 -9.274438858032226562e+00 -9.089663505554199219e+00 -8.957493782043457031e+00 -8.886903762817382812e+00 -8.906736373901367188e+00 -8.999909400939941406e+00 -9.143561363220214844e+00 -9.304835319519042969e+00 -9.488776206970214844e+00 -9.652185440063476562e+00 -9.800358772277832031e+00 -9.932144165039062500e+00 -1.003069019317626953e+01 -1.013510513305664062e+01 -1.023570060729980469e+01 -1.032766723632812500e+01 -1.040245246887207031e+01 -1.046831130981445312e+01 -1.052490139007568359e+01 -1.057552433013916016e+01 -1.057841587066650391e+01 -1.053816509246826172e+01 -1.045002079010009766e+01 -1.029434013366699219e+01 -1.010173988342285156e+01 -9.872797012329101562e+00 -9.625677108764648438e+00 -9.368406295776367188e+00 -9.104325294494628906e+00 -8.841317176818847656e+00 -8.571586608886718750e+00 -8.304192543029785156e+00 -8.022864341735839844e+00 -7.722651004791259766e+00 -7.393438339233398438e+00 -7.022768020629882812e+00 -6.631948471069335938e+00 -6.229895114898681641e+00 -5.801169872283935547e+00 -5.356154918670654297e+00 -4.892560482025146484e+00 -4.405513286590576172e+00 -3.901399612426757812e+00 -3.381417274475097656e+00 -2.876384258270263672e+00 -2.400618076324462891e+00 -1.927648425102233887e+00 -1.495303511619567871e+00 -1.103391885757446289e+00 -7.321373224258422852e-01 -3.885789513587951660e-01 -5.591897666454315186e-02 2.763770818710327148e-01 6.263040304183959961e-01 1.016712069511413574e+00 1.471160292625427246e+00 1.981029510498046875e+00 2.569907426834106445e+00 3.215250015258789062e+00 3.897913455963134766e+00 4.621010303497314453e+00 5.362714767456054688e+00 6.113651275634765625e+00 6.835435867309570312e+00 7.522753715515136719e+00 8.161326408386230469e+00 8.779671669006347656e+00 9.377446174621582031e+00 9.951528549194335938e+00 1.052046680450439453e+01 1.109262371063232422e+01 1.168644332885742188e+01 1.225769042968750000e+01 1.282384300231933594e+01 1.338184452056884766e+01 1.393321037292480469e+01 1.446082496643066406e+01 1.500139713287353516e+01 1.552411937713623047e+01 1.604569053649902344e+01 1.658271980285644531e+01 1.711637687683105469e+01 1.762594985961914062e+01 1.812083244323730469e+01 1.857902336120605469e+01 1.897497749328613281e+01 1.930758094787597656e+01 1.944620513916015625e+01 1.965100479125976562e+01 1.975031661987304688e+01 1.975658798217773438e+01 1.966445922851562500e+01 1.947588348388671875e+01 1.903989791870117188e+01 1.887125968933105469e+01 1.850374031066894531e+01 1.809708976745605469e+01 1.768376541137695312e+01 1.727191352844238281e+01 1.685690498352050781e+01 1.642066001892089844e+01 1.570386600494384766e+01 1.543255424499511719e+01 1.484400272369384766e+01 1.421394443511962891e+01 1.355798149108886719e+01 1.288339042663574219e+01 1.217809772491455078e+01 1.144948482513427734e+01 1.069409465789794922e+01 9.527523994445800781e+00 9.137720108032226562e+00 8.346780776977539062e+00 7.546284198760986328e+00 6.749810218811035156e+00 5.941661834716796875e+00 5.125382423400878906e+00 4.314016342163085938e+00 3.488696575164794922e+00 2.658607721328735352e+00 1.845153808593750000e+00 1.063648104667663574e+00 3.272299170494079590e-01 -3.859070241451263428e-01 -1.067018985748291016e+00 -1.732003808021545410e+00 -2.385027170181274414e+00 -3.051074981689453125e+00 -3.732512474060058594e+00 -4.409956455230712891e+00 -5.054686546325683594e+00 -5.651139736175537109e+00 -6.201231479644775391e+00 -6.680263042449951172e+00 -7.105119228363037109e+00 -7.469057083129882812e+00 -7.791488647460937500e+00 -8.105062484741210938e+00 -8.412190437316894531e+00 -8.716856956481933594e+00 -9.015893936157226562e+00 -9.281180381774902344e+00 -9.521855354309082031e+00 -9.755854606628417969e+00 -9.979099273681640625e+00 -1.019094848632812500e+01 -1.039205169677734375e+01 -1.058969783782958984e+01 -1.079087829589843750e+01 -1.099925994873046875e+01 -1.123722362518310547e+01 -1.151703929901123047e+01 -1.183677005767822266e+01 -1.215256500244140625e+01 -1.249665069580078125e+01 -1.284773635864257812e+01 -1.319387149810791016e+01 -1.352935600280761719e+01 -1.383959674835205078e+01 -1.409303665161132812e+01 -1.430551719665527344e+01 -1.452531528472900391e+01 -1.474254608154296875e+01 -1.498546218872070312e+01 -1.524037742614746094e+01 -1.549866390228271484e+01 -1.578326797485351562e+01 -1.605360984802246094e+01 -1.631784439086914062e+01 -1.659212493896484375e+01 -1.688211822509765625e+01 -1.718511962890625000e+01 -1.747377586364746094e+01 -1.775190353393554688e+01 -1.800544166564941406e+01 -1.827534294128417969e+01 -1.856150817871093750e+01 -1.887690925598144531e+01 -1.920402526855468750e+01 -1.951262855529785156e+01 -1.978341484069824219e+01 -2.002351379394531250e+01 -2.021753883361816406e+01 -2.039617538452148438e+01 -2.056662368774414062e+01 -2.072203445434570312e+01 -2.085046005249023438e+01 -2.095894813537597656e+01 -2.105906295776367188e+01 -2.114320564270019531e+01 -2.120059013366699219e+01 -2.124906730651855469e+01 -2.130207443237304688e+01 -2.133908843994140625e+01 -2.133949089050292969e+01 -2.129327392578125000e+01 -2.122353553771972656e+01 -2.116235923767089844e+01 -2.114012145996093750e+01 -2.115024375915527344e+01 -2.118055534362792969e+01 -2.123131942749023438e+01 -2.130337715148925781e+01 -2.137792205810546875e+01 -2.144631958007812500e+01 -2.148090171813964844e+01 -2.147908210754394531e+01 -2.144870567321777344e+01 -2.139560127258300781e+01 -2.130997467041015625e+01 -2.119717979431152344e+01 -2.107155990600585938e+01 -2.091491127014160156e+01 -2.073776245117187500e+01 -2.054047775268554688e+01 -2.034515953063964844e+01 -2.016292190551757812e+01 -1.999270439147949219e+01 -1.985804557800292969e+01 -1.977391242980957031e+01 -1.972590446472167969e+01 -1.971410560607910156e+01 -1.971176910400390625e+01 -1.972221755981445312e+01 -1.974089241027832031e+01 -1.977736091613769531e+01 -1.981874275207519531e+01 -1.986411666870117188e+01 -1.991468238830566406e+01 -1.998708343505859375e+01 -2.006949234008789062e+01 -2.014192199707031250e+01 -2.017358207702636719e+01 -2.017063331604003906e+01 -2.013927650451660156e+01 -2.005663871765136719e+01 -1.994229316711425781e+01 -1.978119087219238281e+01 -1.960229682922363281e+01 -1.940839385986328125e+01 -1.918091773986816406e+01 -1.893934249877929688e+01 -1.867581558227539062e+01 -1.839808082580566406e+01 -1.811244201660156250e+01 -1.781332015991210938e+01 -1.750748443603515625e+01 -1.719209098815917969e+01 -1.686589622497558594e+01 -1.652291297912597656e+01 -1.615650367736816406e+01 -1.576389312744140625e+01 -1.533490085601806641e+01 -1.488569068908691406e+01 -1.442245960235595703e+01 -1.394699096679687500e+01 -1.348634624481201172e+01 -1.304576587677001953e+01 -1.261476135253906250e+01 -1.219736576080322266e+01 -1.179473686218261719e+01 -1.141669368743896484e+01 -1.105208492279052734e+01 -1.067509365081787109e+01 -1.027879619598388672e+01 -9.882210731506347656e+00 -9.477620124816894531e+00 -9.086799621582031250e+00 -8.722881317138671875e+00 -8.397931098937988281e+00 -8.123210906982421875e+00 -7.898088455200195312e+00 -7.738806724548339844e+00 -7.626739025115966797e+00 -7.544177055358886719e+00 -7.473213195800781250e+00 -7.400477409362792969e+00 -7.323249816894531250e+00 -7.230354785919189453e+00 -7.104937076568603516e+00 -6.977450847625732422e+00 -6.838414669036865234e+00 -6.680885791778564453e+00 -6.488918304443359375e+00 -6.266938209533691406e+00 -6.034958839416503906e+00 -5.785473823547363281e+00 -5.526928424835205078e+00 -5.273037433624267578e+00 -5.014253616333007812e+00 -4.762306690216064453e+00 -4.522493839263916016e+00 -4.280775547027587891e+00 -4.071291923522949219e+00 -3.877438545227050781e+00 -3.714929342269897461e+00 -3.571066617965698242e+00 -3.465405702590942383e+00 -3.389969348907470703e+00 -3.354956626892089844e+00 -3.346538543701171875e+00 -3.357293128967285156e+00 -3.397400856018066406e+00 -3.444250822067260742e+00 -3.499192953109741211e+00 -3.576343536376953125e+00 -3.672849178314208984e+00 -3.790892839431762695e+00 -3.931413412094116211e+00 -4.098269939422607422e+00 -4.256124496459960938e+00 -4.393723964691162109e+00 -4.520453929901123047e+00 -4.632205486297607422e+00 -4.720992088317871094e+00 -4.795710563659667969e+00 -4.842473983764648438e+00 -4.858352661132812500e+00 -4.848306179046630859e+00 -4.831192493438720703e+00 -4.811617851257324219e+00 -4.781766414642333984e+00 -4.768914699554443359e+00 -4.743574142456054688e+00 -4.694684505462646484e+00 -4.626488208770751953e+00 -4.551454067230224609e+00 -4.444969654083251953e+00 -4.338801383972167969e+00 -4.239987850189208984e+00 -4.165374279022216797e+00 -4.124548912048339844e+00 -4.105270385742187500e+00 -4.122470855712890625e+00 -4.150290966033935547e+00 -4.191672325134277344e+00 -4.245465278625488281e+00 -4.309831142425537109e+00 -4.367291927337646484e+00 -4.431207656860351562e+00 -4.499499797821044922e+00 -4.566269397735595703e+00 -4.638564586639404297e+00 -4.715638637542724609e+00 -4.801265239715576172e+00 -4.904608249664306641e+00 -5.041709899902343750e+00 -5.183829784393310547e+00 -5.331111431121826172e+00 -5.481122493743896484e+00 -5.618406295776367188e+00 -5.756934642791748047e+00 -5.894955635070800781e+00 -6.025353431701660156e+00 -6.147400379180908203e+00 -6.245265483856201172e+00 -6.341656208038330078e+00 -6.428948879241943359e+00 -6.516988277435302734e+00 -6.608360767364501953e+00 -6.699378490447998047e+00 -6.793183803558349609e+00 -6.901783943176269531e+00 -7.020623207092285156e+00 -7.130373001098632812e+00 -7.219284057617187500e+00 -7.301999092102050781e+00 -7.369640350341796875e+00 -7.433201313018798828e+00 -7.473471641540527344e+00 -7.501186847686767578e+00 -7.520513057708740234e+00 -7.540585994720458984e+00 -7.531440258026123047e+00 -7.499999523162841797e+00 -7.433373928070068359e+00 -7.356615543365478516e+00 -7.279953002929687500e+00 -7.206317424774169922e+00 -7.142765522003173828e+00 -7.103146553039550781e+00 -7.083848953247070312e+00 -7.084107398986816406e+00 -7.095628261566162109e+00 -7.132987976074218750e+00 -7.191703319549560547e+00 -7.290746688842773438e+00 -7.408235073089599609e+00 -7.529553890228271484e+00 -7.637072086334228516e+00 -7.742819309234619141e+00 -7.844103813171386719e+00 -7.923170089721679688e+00 -7.984356403350830078e+00 -8.045207023620605469e+00 -8.107533454895019531e+00 -8.152122497558593750e+00 -8.185909271240234375e+00 -8.206968307495117188e+00 -8.236551284790039062e+00 -8.255877494812011719e+00 -8.259220123291015625e+00 -8.264813423156738281e+00 -8.260005950927734375e+00 -8.240584373474121094e+00 -8.224360466003417969e+00 -8.188725471496582031e+00 -8.149565696716308594e+00 -8.122635841369628906e+00 -8.103999137878417969e+00 -8.083658218383789062e+00 -8.062378883361816406e+00 -8.038264274597167969e+00 -8.009036064147949219e+00 -7.971197605133056641e+00 -7.930141925811767578e+00 -7.873131275177001953e+00 -7.815976619720458984e+00 -7.753526210784912109e+00 -7.693048954010009766e+00 -7.626863956451416016e+00 -7.567506313323974609e+00 -7.526326179504394531e+00 -7.493851661682128906e+00 -7.453006267547607422e+00 -7.432052135467529297e+00 -7.410140514373779297e+00 -7.391302585601806641e+00 -7.379360198974609375e+00 -7.366920471191406250e+00 -7.379647731781005859e+00 -7.421957969665527344e+00 -7.476325511932373047e+00 -7.544570446014404297e+00 -7.608973979949951172e+00 -7.662345886230468750e+00 -7.704684734344482422e+00 -7.733309745788574219e+00 -7.761226177215576172e+00 -7.777928352355957031e+00 -7.783952236175537109e+00 -7.797053337097167969e+00 -7.825821876525878906e+00 -7.835321903228759766e+00 -7.857530593872070312e+00 -7.874060153961181641e+00 -7.889057636260986328e+00 -7.913229465484619141e+00 -7.943721771240234375e+00 -7.949525356292724609e+00 -7.929299354553222656e+00 -7.899591922760009766e+00 -7.843653678894042969e+00 -7.786116123199462891e+00 -7.734554767608642578e+00 -7.677007675170898438e+00 -7.640098571777343750e+00 -7.609204292297363281e+00 -7.588192462921142578e+00 -7.566214084625244141e+00 -7.546562194824218750e+00 -7.522102832794189453e+00 -7.519421577453613281e+00 -7.529265880584716797e+00 -7.559931278228759766e+00 -7.589791774749755859e+00 -7.619077682495117188e+00 -7.642167568206787109e+00 -7.667900562286376953e+00 -7.695452690124511719e+00 -7.715516090393066406e+00 -7.748556137084960938e+00 -7.792820453643798828e+00 -7.850012779235839844e+00 -7.901009082794189453e+00 -7.944066524505615234e+00 -7.980113983154296875e+00 -7.986941814422607422e+00 -7.960136413574218750e+00 -7.912721633911132812e+00 -7.867423534393310547e+00 -7.819855690002441406e+00 -7.779134750366210938e+00 -7.759607791900634766e+00 -7.733329296112060547e+00 -7.694552421569824219e+00 -7.663446903228759766e+00 -7.624593734741210938e+00 -7.598027706146240234e+00 -7.546897411346435547e+00 -7.492031574249267578e+00 -7.433958053588867188e+00 -7.371105670928955078e+00 -7.325624942779541016e+00 -7.294855117797851562e+00 -7.274781703948974609e+00 -7.268049240112304688e+00 -7.276831626892089844e+00 -7.296731948852539062e+00 -7.346043109893798828e+00 -7.408569812774658203e+00 -7.472504615783691406e+00 -7.537713050842285156e+00 -7.601753234863281250e+00 -7.649799823760986328e+00 -7.693719387054443359e+00 -7.740090370178222656e+00 -7.782227993011474609e+00 -7.811446666717529297e+00 -7.834517478942871094e+00 -7.845300674438476562e+00 -7.856898307800292969e+00 -7.870736598968505859e+00 -7.875333786010742188e+00 -7.889766216278076172e+00 -7.893903255462646484e+00 -7.875639915466308594e+00 -7.844324111938476562e+00 -7.819730758666992188e+00 -7.789161682128906250e+00 -7.762423515319824219e+00 -7.726500511169433594e+00 -7.699522972106933594e+00 -7.674268722534179688e+00 -7.652232646942138672e+00 -7.623914241790771484e+00 -7.625608921051025391e+00 -7.658955574035644531e+00 -7.682370662689208984e+00 -7.727726459503173828e+00 -7.761551856994628906e+00 -7.792283535003662109e+00 -7.822278499603271484e+00 -7.847120761871337891e+00 -7.878465175628662109e+00 -7.913823127746582031e+00 -7.962329387664794922e+00 -8.002417564392089844e+00 -8.018784523010253906e+00 -8.031445503234863281e+00 -8.054468154907226562e+00 -8.077299118041992188e+00 -8.083897590637207031e+00 -8.097094535827636719e+00 -8.104717254638671875e+00 -8.105751991271972656e+00 -8.092737197875976562e+00 -8.073209762573242188e+00 -8.045006752014160156e+00 -8.010337829589843750e+00 -7.959782123565673828e+00 -7.904763221740722656e+00 -7.856985092163085938e+00 -7.811245918273925781e+00 -7.766072273254394531e+00 -7.735052585601806641e+00 -7.709205150604248047e+00 -7.691641330718994141e+00 -7.667076587677001953e+00 -7.647606849670410156e+00 -7.634927272796630859e+00 -7.631594657897949219e+00 -7.643220901489257812e+00 -7.652960300445556641e+00 -7.678664684295654297e+00 -7.721837043762207031e+00 -7.777678966522216797e+00 -7.827440261840820312e+00 -7.887611389160156250e+00 -7.925027847290039062e+00 -7.967175483703613281e+00 -7.995857715606689453e+00 -8.021399497985839844e+00 -8.037335395812988281e+00 -8.036195755004882812e+00 -8.040418624877929688e+00 -8.039557456970214844e+00 -8.031800270080566406e+00 -8.035649299621582031e+00 -8.028285026550292969e+00 -8.023238182067871094e+00 -8.019024848937988281e+00 -8.017606735229492188e+00 -8.001249313354492188e+00 -7.991653919219970703e+00 -7.975248336791992188e+00 -7.940025329589843750e+00 -7.889622688293457031e+00 -7.848423004150390625e+00 -7.812490940093994141e+00 -7.788424491882324219e+00 -7.754646778106689453e+00 -7.715956687927246094e+00 -7.677141666412353516e+00 -7.650422573089599609e+00 -7.640414714813232422e+00 -7.655469894409179688e+00 -7.694150447845458984e+00 -7.756734848022460938e+00 -7.816761970520019531e+00 -7.864713191986083984e+00 -7.899716377258300781e+00 -7.919243812561035156e+00 -7.952695369720458984e+00 -7.990313053131103516e+00 -8.022740364074707031e+00 -8.047879219055175781e+00 -8.050762176513671875e+00 -8.050359725952148438e+00 -8.026771545410156250e+00 -7.978035449981689453e+00 -7.931166648864746094e+00 -7.884719371795654297e+00 -7.839985847473144531e+00 -7.809014797210693359e+00 -7.784660816192626953e+00 -7.772220134735107422e+00 -7.771119117736816406e+00 -7.787246704101562500e+00 -7.819453239440917969e+00 -7.855260848999023438e+00 -7.903431892395019531e+00 -7.957397460937500000e+00 -8.012512207031250000e+00 -8.078256607055664062e+00 -8.136196136474609375e+00 -8.215894699096679688e+00 -8.299386024475097656e+00 -8.394474029541015625e+00 -8.490413665771484375e+00 -8.586421012878417969e+00 -8.674173355102539062e+00 -8.747924804687500000e+00 -8.821627616882324219e+00 -8.906554222106933594e+00 -9.008567810058593750e+00 -9.120471954345703125e+00 -9.221191406250000000e+00 -9.305898666381835938e+00 -9.383259773254394531e+00 -9.452012062072753906e+00 -9.513475418090820312e+00 -9.571070671081542969e+00 -9.618906021118164062e+00 -9.639658927917480469e+00 -9.646803855895996094e+00 -9.652031898498535156e+00 -9.656323432922363281e+00 -9.653286933898925781e+00 -9.643882751464843750e+00 -9.641278266906738281e+00 -9.672852516174316406e+00 -9.745377540588378906e+00 -9.836759567260742188e+00 -9.969350814819335938e+00 -1.014208698272705078e+01 -1.033155441284179688e+01 -1.053300285339355469e+01 -1.072472095489501953e+01 -1.091966724395751953e+01 -1.111655616760253906e+01 -1.129912853240966797e+01 -1.148363494873046875e+01 -1.165812492370605469e+01 -1.184683609008789062e+01 -1.203169631958007812e+01 -1.221409702301025391e+01 -1.239355659484863281e+01 -1.258571529388427734e+01 -1.276807594299316406e+01 -1.293909931182861328e+01 -1.309979820251464844e+01 -1.324476146697998047e+01 -1.336568832397460938e+01 -1.347426033020019531e+01 -1.357443428039550781e+01 -1.364453601837158203e+01 -1.368762207031250000e+01 -1.371476268768310547e+01 -1.371123886108398438e+01 -1.369048595428466797e+01 -1.365295410156250000e+01 -1.359789752960205078e+01 -1.354671859741210938e+01 -1.349978351593017578e+01 -1.344266700744628906e+01 -1.338592338562011719e+01 -1.333304119110107422e+01 -1.327355957031250000e+01 -1.321367549896240234e+01 -1.315308284759521484e+01 -1.310360908508300781e+01 -1.304825592041015625e+01 -1.298545074462890625e+01 -1.291012859344482422e+01 -1.282805538177490234e+01 -1.272717380523681641e+01 -1.261668682098388672e+01 -1.249947547912597656e+01 -1.234167861938476562e+01 -1.214173412322998047e+01 -1.202708148956298828e+01 -1.178180980682373047e+01 -1.151797771453857422e+01 -1.127670860290527344e+01 -1.105588626861572266e+01 -1.085495567321777344e+01 -1.068619346618652344e+01 -1.053162384033203125e+01 -1.040034484863281250e+01 -1.026512145996093750e+01 -1.023050022125244141e+01 -1.019115924835205078e+01 -1.018489551544189453e+01 -1.020020866394042969e+01 -1.022572135925292969e+01 -1.027701473236083984e+01 -1.035931873321533203e+01 -1.039084434509277344e+01 -1.044921588897705078e+01 -1.051601409912109375e+01 -1.057758331298828125e+01 -1.063713169097900391e+01 -1.067112922668457031e+01 -1.067448139190673828e+01 -1.065387248992919922e+01 -1.060167884826660156e+01 -1.051444339752197266e+01 -1.037672805786132812e+01 -1.017180442810058594e+01 -9.896039962768554688e+00 -9.559405326843261719e+00 -9.171066284179687500e+00 -8.749294281005859375e+00 -8.320204734802246094e+00 -7.901421070098876953e+00 -7.513627529144287109e+00 -7.152419090270996094e+00 -6.694379329681396484e+00 -6.561271667480468750e+00 -6.332921981811523438e+00 -6.155128479003906250e+00 -6.027967929840087891e+00 -5.957625865936279297e+00 -5.954350948333740234e+00 -6.010077953338623047e+00 -6.119311332702636719e+00 -6.261364459991455078e+00 -6.449596405029296875e+00 -6.692444801330566406e+00 -6.979711055755615234e+00 -7.282587051391601562e+00 -7.589111804962158203e+00 -7.881003379821777344e+00 -8.162149429321289062e+00 -8.438478469848632812e+00 -8.721396446228027344e+00 -9.012676239013671875e+00 -9.316720008850097656e+00 -9.625619888305664062e+00 -9.930506706237792969e+00 -1.024376487731933594e+01 -1.054425621032714844e+01 -1.080718708038330078e+01 -1.105922985076904297e+01 -1.127108764648437500e+01 -1.147116565704345703e+01 -1.167431926727294922e+01 -1.189608860015869141e+01 -1.213955116271972656e+01 -1.239899635314941406e+01 -1.266005992889404297e+01 -1.292723369598388672e+01 -1.320318984985351562e+01 -1.348652839660644531e+01 -1.379022884368896484e+01 -1.408067417144775391e+01 -1.436135101318359375e+01 -1.458772754669189453e+01 -1.475036048889160156e+01 -1.485079288482666016e+01 -1.488650512695312500e+01 -1.485353088378906250e+01 -1.475410556793212891e+01 -1.458994960784912109e+01 -1.439140224456787109e+01 -1.415922260284423828e+01 -1.392999172210693359e+01 -1.369380855560302734e+01 -1.346635913848876953e+01 -1.323362445831298828e+01 -1.297258853912353516e+01 -1.268265151977539062e+01 -1.237164497375488281e+01 -1.203708839416503906e+01 -1.169790649414062500e+01 -1.136818695068359375e+01 -1.105886554718017578e+01 -1.076722240447998047e+01 -1.047402000427246094e+01 -1.019228935241699219e+01 -9.906258583068847656e+00 -9.602213859558105469e+00 -9.272963523864746094e+00 -8.881424903869628906e+00 -8.407852172851562500e+00 -7.841432094573974609e+00 -7.161478519439697266e+00 -6.389329433441162109e+00 -5.521843433380126953e+00 -4.575740814208984375e+00 -3.562150716781616211e+00 -2.509630918502807617e+00 -1.428380727767944336e+00 -3.462494611740112305e-01 7.280671596527099609e-01 1.788037776947021484e+00 2.826067924499511719e+00 3.809414386749267578e+00 4.736755847930908203e+00 5.609030246734619141e+00 6.433861732482910156e+00 7.206940174102783203e+00 7.958738327026367188e+00 8.692091941833496094e+00 9.406349182128906250e+00 1.009035396575927734e+01 1.071619796752929688e+01 1.129694557189941406e+01 1.184678840637207031e+01 1.239856529235839844e+01 1.297231197357177734e+01 1.359531116485595703e+01 1.424353694915771484e+01 1.492912101745605469e+01 1.567348861694335938e+01 1.645408439636230469e+01 1.724150848388671875e+01 1.800171470642089844e+01 1.873758697509765625e+01 1.944598388671875000e+01 2.011041450500488281e+01 2.071230697631835938e+01 2.124813842773437500e+01 2.172373199462890625e+01 2.210818290710449219e+01 2.239094734191894531e+01 2.257793617248535156e+01 2.266550636291503906e+01 2.259000205993652344e+01 2.230871009826660156e+01 2.177198791503906250e+01 2.096742248535156250e+01 1.993252372741699219e+01 1.870836830139160156e+01 1.735876846313476562e+01 1.590826320648193359e+01 1.441982746124267578e+01 1.290157699584960938e+01 1.138007164001464844e+01 9.884107589721679688e+00 8.424333572387695312e+00 7.011094093322753906e+00 5.638996124267578125e+00 4.317712783813476562e+00 3.073724031448364258e+00 1.900210857391357422e+00 8.554673790931701660e-01 -5.186798423528671265e-02 -8.217666745185852051e-01 -1.504468560218811035e+00 -2.135790824890136719e+00 -2.712055921554565430e+00 -3.263316154479980469e+00 -3.800776004791259766e+00 -4.309476852416992188e+00 -4.806656837463378906e+00 -5.288149833679199219e+00 -5.763370037078857422e+00 -6.279119491577148438e+00 -6.894123077392578125e+00 -7.641860961914062500e+00 -8.490653038024902344e+00 -9.435692787170410156e+00 -1.044571971893310547e+01 -1.146208763122558594e+01 -1.244120121002197266e+01 -1.337386703491210938e+01 -1.424889945983886719e+01 -1.502199745178222656e+01 -1.568798732757568359e+01 -1.624943733215332031e+01 -1.669036293029785156e+01 -1.703825950622558594e+01 -1.731858253479003906e+01 -1.754347419738769531e+01 -1.772685241699218750e+01 -1.788458251953125000e+01 -1.804189109802246094e+01 -1.824666213989257812e+01 -1.849843597412109375e+01 -1.878674697875976562e+01 -1.910888099670410156e+01 -1.942651367187500000e+01 -1.974660873413085938e+01 -2.005844879150390625e+01 -2.037302970886230469e+01 -2.068937873840332031e+01 -2.102359008789062500e+01 -2.134034347534179688e+01 -2.160055541992187500e+01 -2.180855178833007812e+01 -2.196672439575195312e+01 -2.209208488464355469e+01 -2.220125961303710938e+01 -2.232786560058593750e+01 -2.247085762023925781e+01 -2.262488174438476562e+01 -2.276902198791503906e+01 -2.289871025085449219e+01 -2.299400901794433594e+01 -2.306445503234863281e+01 -2.311851692199707031e+01 -2.317727088928222656e+01 -2.324560165405273438e+01 -2.332980155944824219e+01 -2.344482803344726562e+01 -2.359315299987792969e+01 -2.377573394775390625e+01 -2.400318336486816406e+01 -2.423949241638183594e+01 -2.449482727050781250e+01 -2.474362564086914062e+01 -2.496816253662109375e+01 -2.515884590148925781e+01 -2.531775474548339844e+01 -2.543032073974609375e+01 -2.550711631774902344e+01 -2.554629516601562500e+01 -2.559074020385742188e+01 -2.564417076110839844e+01 -2.569756126403808594e+01 -2.573302268981933594e+01 -2.574997520446777344e+01 -2.575041389465332031e+01 -2.571795845031738281e+01 -2.567782211303710938e+01 -2.565654373168945312e+01 -2.565011787414550781e+01 -2.567812919616699219e+01 -2.572091865539550781e+01 -2.579241752624511719e+01 -2.589909553527832031e+01 -2.600433349609375000e+01 -2.607162094116210938e+01 -2.611200523376464844e+01 -2.611394119262695312e+01 -2.611717796325683594e+01 -2.609763145446777344e+01 -2.606706237792968750e+01 -2.604403114318847656e+01 -2.600601959228515625e+01 -2.593768882751464844e+01 -2.582296943664550781e+01 -2.567085075378417969e+01 -2.546763038635253906e+01 -2.520855903625488281e+01 -2.491963577270507812e+01 -2.459760665893554688e+01 -2.424462509155273438e+01 -2.388534164428710938e+01 -2.351807022094726562e+01 -2.312846755981445312e+01 -2.262791633605957031e+01 -2.194249343872070312e+01 -2.115478324890136719e+01 -2.035335731506347656e+01 -1.955002593994140625e+01 -1.873370933532714844e+01 -1.786118507385253906e+01 -1.688323020935058594e+01 -1.580354118347167969e+01 -1.462982749938964844e+01 -1.342517948150634766e+01 -1.218018531799316406e+01 -1.096041584014892578e+01 -9.777048110961914062e+00 -8.642762184143066406e+00 -7.589121818542480469e+00 -6.646389961242675781e+00 -5.825322628021240234e+00 -5.113813400268554688e+00 -4.509449958801269531e+00 -3.999782085418701172e+00 -3.601913690567016602e+00 -3.272969484329223633e+00 -3.012279272079467773e+00 -2.785950422286987305e+00 -2.567245006561279297e+00 -2.341232538223266602e+00 -2.121818065643310547e+00 -1.912967205047607422e+00 -1.723451733589172363e+00 -1.540831565856933594e+00 -1.354208350181579590e+00 -1.141430854797363281e+00 -8.885744810104370117e-01 -6.181158423423767090e-01 -3.467187285423278809e-01 -6.586927920579910278e-02 2.110345214605331421e-01 4.691390395164489746e-01 7.588374614715576172e-01 1.094830036163330078e+00 1.498080730438232422e+00 1.973483085632324219e+00 2.545228004455566406e+00 3.198720455169677734e+00 3.907969236373901367e+00 4.655601978302001953e+00 5.420386314392089844e+00 6.164734363555908203e+00 6.873436927795410156e+00 7.542482376098632812e+00 8.179828643798828125e+00 8.772431373596191406e+00 9.327569961547851562e+00 9.833800315856933594e+00 1.028103733062744141e+01 1.065347957611083984e+01 1.098094844818115234e+01 1.126744842529296875e+01 1.151601505279541016e+01 1.175331878662109375e+01 1.201313686370849609e+01 1.226263141632080078e+01 1.249618148803710938e+01 1.271195602416992188e+01 1.289271831512451172e+01 1.302711868286132812e+01 1.312339591979980469e+01 1.319493389129638672e+01 1.324458026885986328e+01 1.329845905303955078e+01 1.336774730682373047e+01 1.346785354614257812e+01 1.363150215148925781e+01 1.385490036010742188e+01 1.414173507690429688e+01 1.448178863525390625e+01 1.487058830261230469e+01 1.527018928527832031e+01 1.568093872070312500e+01 1.609749221801757812e+01 1.649682617187500000e+01 1.686835670471191406e+01 1.720222473144531250e+01 1.747780609130859375e+01 1.770813941955566406e+01 1.790853309631347656e+01 1.810890769958496094e+01 1.829160499572753906e+01 1.845102119445800781e+01 1.856885337829589844e+01 1.864450073242187500e+01 1.866675758361816406e+01 1.863461685180664062e+01 1.853904151916503906e+01 1.839975547790527344e+01 1.820912170410156250e+01 1.796479606628417969e+01 1.766821289062500000e+01 1.736548995971679688e+01 1.704802703857421875e+01 1.673306655883789062e+01 1.643394279479980469e+01 1.616712570190429688e+01 1.595396423339843750e+01 1.578249168395996094e+01 1.563753700256347656e+01 1.552400398254394531e+01 1.543347454071044922e+01 1.535613155364990234e+01 1.526607131958007812e+01 1.517398166656494141e+01 1.503816318511962891e+01 1.489132118225097656e+01 1.469445133209228516e+01 1.445291519165039062e+01 1.416534137725830078e+01 1.383350563049316406e+01 1.345878410339355469e+01 1.304482746124267578e+01 1.258141517639160156e+01 1.204014396667480469e+01 1.143599987030029297e+01 1.080220699310302734e+01 1.016194915771484375e+01 9.515898704528808594e+00 8.869291305541992188e+00 8.237088203430175781e+00 7.601427555084228516e+00 6.939038276672363281e+00 6.254679679870605469e+00 5.544578552246093750e+00 4.830473899841308594e+00 4.118908405303955078e+00 3.388044357299804688e+00 2.655916690826416016e+00 1.900890707969665527e+00 1.144189000129699707e+00 3.854377567768096924e-01 -3.437020182609558105e-01 -1.038288712501525879e+00 -1.724668025970458984e+00 -2.398377180099487305e+00 -3.084249019622802734e+00 -3.767573356628417969e+00 -4.464276313781738281e+00 -5.139776229858398438e+00 -5.808093547821044922e+00 -6.488410949707031250e+00 -7.191740989685058594e+00 -7.915623664855957031e+00 -8.659454345703125000e+00 -9.419651031494140625e+00 -1.019594764709472656e+01 -1.097514533996582031e+01 -1.176028060913085938e+01 -1.253468990325927734e+01 -1.328733062744140625e+01 -1.400656795501708984e+01 -1.467684841156005859e+01 -1.530038547515869141e+01 -1.585497856140136719e+01 -1.637564086914062500e+01 -1.687588500976562500e+01 -1.735615158081054688e+01 -1.785883903503417969e+01 -1.836172676086425781e+01 -1.884000205993652344e+01 -1.931682205200195312e+01 -1.980930900573730469e+01 -2.033975791931152344e+01 -2.090746307373046875e+01 -2.149019050598144531e+01 -2.205911064147949219e+01 -2.256737136840820312e+01 -2.301150512695312500e+01 -2.340437507629394531e+01 -2.378185272216796875e+01 -2.415049362182617188e+01 -2.450491142272949219e+01 -2.483672142028808594e+01 -2.513074874877929688e+01 -2.537865257263183594e+01 -2.558148002624511719e+01 -2.575259017944335938e+01 -2.589987182617187500e+01 -2.601948356628417969e+01 -2.609435462951660156e+01 -2.613846588134765625e+01 -2.615609741210937500e+01 -2.614429855346679688e+01 -2.609538078308105469e+01 -2.600727462768554688e+01 -2.587733650207519531e+01 -2.570335578918457031e+01 -2.549379539489746094e+01 -2.527028083801269531e+01 -2.502355384826660156e+01 -2.476747131347656250e+01 -2.451138687133789062e+01 -2.425450706481933594e+01 -2.400549125671386719e+01 -2.373677825927734375e+01 -2.346323394775390625e+01 -2.317776870727539062e+01 -2.288767814636230469e+01 -2.259336280822753906e+01 -2.232425498962402344e+01 -2.208287048339843750e+01 -2.185712623596191406e+01 -2.164710807800292969e+01 -2.145498847961425781e+01 -2.125673866271972656e+01 -2.104242706298828125e+01 -2.080820846557617188e+01 -2.057211112976074219e+01 -2.034795761108398438e+01 -2.011359214782714844e+01 -1.988915061950683594e+01 -1.967318344116210938e+01 -1.946818351745605469e+01 -1.925084686279296875e+01 -1.902279472351074219e+01 -1.878998184204101562e+01 -1.855360794067382812e+01 -1.833432769775390625e+01 -1.811304473876953125e+01 -1.787988853454589844e+01 -1.762930297851562500e+01 -1.736449432373046875e+01 -1.707309913635253906e+01 -1.676079177856445312e+01 -1.642125320434570312e+01 -1.609144020080566406e+01 -1.577225399017333984e+01 -1.546238708496093750e+01 -1.516023826599121094e+01 -1.487867069244384766e+01 -1.460772323608398438e+01 -1.435023212432861328e+01 -1.410094833374023438e+01 -1.386184406280517578e+01 -1.363119602203369141e+01 -1.337312984466552734e+01 -1.311185550689697266e+01 -1.284284305572509766e+01 -1.259758949279785156e+01 -1.236962413787841797e+01 -1.215933609008789062e+01 -1.198953056335449219e+01 -1.183540153503417969e+01 -1.169059944152832031e+01 -1.156791114807128906e+01 -1.146155071258544922e+01 -1.137332916259765625e+01 -1.129563236236572266e+01 -1.120566749572753906e+01 -1.111875915527343750e+01 -1.103326702117919922e+01 -1.094025707244873047e+01 -1.083261299133300781e+01 -1.071856307983398438e+01 -1.059791469573974609e+01 -1.045575714111328125e+01 -1.029844856262207031e+01 -1.012878513336181641e+01 -9.966784477233886719e+00 -9.778992652893066406e+00 -9.588720321655273438e+00 -9.398199081420898438e+00 -9.190161705017089844e+00 -8.991003036499023438e+00 -8.789392471313476562e+00 -8.598335266113281250e+00 -8.418291091918945312e+00 -8.254260063171386719e+00 -8.119264602661132812e+00 -8.005425453186035156e+00 -7.913803577423095703e+00 -7.841029644012451172e+00 -7.773494243621826172e+00 -7.724997043609619141e+00 -7.681470870971679688e+00 -7.656101703643798828e+00 -7.631230354309082031e+00 -7.607719898223876953e+00 -7.603783607482910156e+00 -7.605966567993164062e+00 -7.620791912078857422e+00 -7.629372596740722656e+00 -7.638939857482910156e+00 -7.664309024810791016e+00 -7.680455684661865234e+00 -7.696650028228759766e+00 -7.715257167816162109e+00 -7.730829715728759766e+00 -7.747531414031982422e+00 -7.745290756225585938e+00 -7.728818416595458984e+00 -7.707127094268798828e+00 -7.689007282257080078e+00 -7.668953418731689453e+00 -7.643785476684570312e+00 -7.638863086700439453e+00 -7.654770374298095703e+00 -7.659999370574951172e+00 -7.670514583587646484e+00 -7.678137779235839844e+00 -7.686584472656250000e+00 -7.679229259490966797e+00 -7.666980743408203125e+00 -7.636085987091064453e+00 -7.592071056365966797e+00 -7.540557384490966797e+00 -7.493765354156494141e+00 -7.450439453125000000e+00 -7.428480148315429688e+00 -7.423049926757812500e+00 -7.435327529907226562e+00 -7.470751762390136719e+00 -7.530444145202636719e+00 -7.594810009002685547e+00 -7.682552814483642578e+00 -7.771377563476562500e+00 -7.855011940002441406e+00 -7.903154373168945312e+00 -7.925497055053710938e+00 -7.928380012512207031e+00 -7.928322315216064453e+00 -7.913143157958984375e+00 -7.893367290496826172e+00 -7.882918357849121094e+00 -7.885130882263183594e+00 -7.889593601226806641e+00 -7.894995212554931641e+00 -7.898395061492919922e+00 -7.893070220947265625e+00 -7.893194675445556641e+00 -7.865929126739501953e+00 -7.837017059326171875e+00 -7.806466579437255859e+00 -7.775792598724365234e+00 -7.762480735778808594e+00 -7.738145828247070312e+00 -7.733961105346679688e+00 -7.732294559478759766e+00 -7.720477104187011719e+00 -7.718743801116943359e+00 -7.712690830230712891e+00 -7.694188594818115234e+00 -7.683778285980224609e+00 -7.659165859222412109e+00 -7.604185581207275391e+00 -7.539724349975585938e+00 -7.473136901855468750e+00 -7.409105777740478516e+00 -7.333822727203369141e+00 -7.265731811523437500e+00 -7.196041584014892578e+00 -7.128946304321289062e+00 -7.043550014495849609e+00 -6.949342727661132812e+00 -6.847369194030761719e+00 -6.720303535461425781e+00 -6.590873718261718750e+00 -6.472590446472167969e+00 -6.358693122863769531e+00 -6.278047084808349609e+00 -6.226552009582519531e+00 -6.203472137451171875e+00 -6.192276954650878906e+00 -6.183332443237304688e+00 -6.200895786285400391e+00 -6.237077236175537109e+00 -6.278611660003662109e+00 -6.336340904235839844e+00 -6.412505149841308594e+00 -6.521173477172851562e+00 -6.645106792449951172e+00 -6.796841621398925781e+00 -6.974146842956542969e+00 -7.152419090270996094e+00 -7.335920333862304688e+00 -7.512899398803710938e+00 -7.668044090270996094e+00 -7.796717643737792969e+00 -7.906898975372314453e+00 -8.010989189147949219e+00 -8.101241111755371094e+00 -8.183439254760742188e+00 -8.248283386230468750e+00 -8.294664382934570312e+00 -8.320396423339843750e+00 -8.327234268188476562e+00 -8.307372093200683594e+00 -8.268489837646484375e+00 -8.219964981079101562e+00 -8.163385391235351562e+00 -8.097257614135742188e+00 -8.022864341735839844e+00 -7.947648525238037109e+00 -7.860126018524169922e+00 -7.772373676300048828e+00 -7.700289249420166016e+00 -7.633069515228271484e+00 -7.557240009307861328e+00 -7.467227935791015625e+00 -7.386227130889892578e+00 -7.317044258117675781e+00 -7.257514476776123047e+00 -7.222071170806884766e+00 -7.173794269561767578e+00 -7.147505760192871094e+00 -7.145312786102294922e+00 -7.169858455657958984e+00 -7.203626155853271484e+00 -7.236503601074218750e+00 -7.279493808746337891e+00 -7.333276748657226562e+00 -7.392346858978271484e+00 -7.450161933898925781e+00 -7.515294075012207031e+00 -7.597663879394531250e+00 -7.676595687866210938e+00 -7.737044811248779297e+00 -7.790100097656250000e+00 -7.830438137054443359e+00 -7.836087703704833984e+00 -7.831299781799316406e+00 -7.822278499603271484e+00 -7.803881168365478516e+00 -7.779871940612792969e+00 -7.755566596984863281e+00 -7.743681430816650391e+00 -7.717680454254150391e+00 -7.686220645904541016e+00 -7.644436836242675781e+00 -7.600584983825683594e+00 -7.544081687927246094e+00 -7.478068828582763672e+00 -7.411729812622070312e+00 -7.338496685028076172e+00 -7.251194477081298828e+00 -7.178870201110839844e+00 -7.103806972503662109e+00 -7.034030914306640625e+00 -6.974702358245849609e+00 -6.905911922454833984e+00 -6.852942943572998047e+00 -6.807424545288085938e+00 -6.784554481506347656e+00 -6.779201030731201172e+00 -6.799226760864257812e+00 -6.834124088287353516e+00 -6.900682926177978516e+00 -6.983005523681640625e+00 -7.055233478546142578e+00 -7.148636341094970703e+00 -7.257591247558593750e+00 -7.358808517456054688e+00 -7.452709674835205078e+00 -7.553246498107910156e+00 -7.658639430999755859e+00 -7.759655952453613281e+00 -7.871091365814208984e+00 -7.974425315856933594e+00 -8.063652038574218750e+00 -8.125518798828125000e+00 -8.194021224975585938e+00 -8.239702224731445312e+00 -8.257486343383789062e+00 -8.254967689514160156e+00 -8.248475074768066406e+00 -8.228354454040527344e+00 -8.191722869873046875e+00 -8.147219657897949219e+00 -8.103816986083984375e+00 -8.059898376464843750e+00 -8.016103744506835938e+00 -7.963679790496826172e+00 -7.916016101837158203e+00 -7.869932651519775391e+00 -7.827229499816894531e+00 -7.791670799255371094e+00 -7.748632907867431641e+00 -7.699867725372314453e+00 -7.655785560607910156e+00 -7.607355594635009766e+00 -7.566290378570556641e+00 -7.519287109375000000e+00 -7.466854572296142578e+00 -7.408435344696044922e+00 -7.349308490753173828e+00 -7.295611381530761719e+00 -7.245591640472412109e+00 -7.218230724334716797e+00 -7.214199066162109375e+00 -7.230450630187988281e+00 -7.265885353088378906e+00 -7.343926429748535156e+00 -7.435930728912353516e+00 -7.511530399322509766e+00 -7.600029468536376953e+00 -7.691219806671142578e+00 -7.769356727600097656e+00 -7.839985847473144531e+00 -7.914732933044433594e+00 -7.989901542663574219e+00 -8.067846298217773438e+00 -8.156844139099121094e+00 -8.264132499694824219e+00 -8.378518104553222656e+00 -8.504290580749511719e+00 -8.628482818603515625e+00 -8.730197906494140625e+00 -8.804772377014160156e+00 -8.847168922424316406e+00 -8.875535011291503906e+00 -8.879673004150390625e+00 -8.871810913085937500e+00 -8.852560997009277344e+00 -8.851123809814453125e+00 -8.839958190917968750e+00 -8.840828895568847656e+00 -8.846441268920898438e+00 -8.867778778076171875e+00 -8.916303634643554688e+00 -8.994929313659667969e+00 -9.082633972167968750e+00 -9.192278861999511719e+00 -9.316317558288574219e+00 -9.424909591674804688e+00 -9.545280456542968750e+00 -9.702817916870117188e+00 -9.864867210388183594e+00 -1.001703357696533203e+01 -1.014651203155517578e+01 -1.025356197357177734e+01 -1.037059020996093750e+01 -1.050013542175292969e+01 -1.064723491668701172e+01 -1.082368755340576172e+01 -1.100395202636718750e+01 -1.119333267211914062e+01 -1.137768650054931641e+01 -1.159045505523681641e+01 -1.181035709381103516e+01 -1.203014564514160156e+01 -1.225434780120849609e+01 -1.246860027313232422e+01 -1.268481540679931641e+01 -1.292441749572753906e+01 -1.319956970214843750e+01 -1.348933506011962891e+01 -1.378269100189208984e+01 -1.409426307678222656e+01 -1.442083168029785156e+01 -1.476763629913330078e+01 -1.514576721191406250e+01 -1.555404567718505859e+01 -1.595607089996337891e+01 -1.633533287048339844e+01 -1.670653915405273438e+01 -1.706037330627441406e+01 -1.742241477966308594e+01 -1.776780319213867188e+01 -1.811501693725585938e+01 -1.845579910278320312e+01 -1.878640937805175781e+01 -1.912541961669921875e+01 -1.946158409118652344e+01 -1.979877281188964844e+01 -2.011849594116210938e+01 -2.042057800292968750e+01 -2.070953941345214844e+01 -2.099642944335937500e+01 -2.123878097534179688e+01 -2.144631958007812500e+01 -2.161276626586914062e+01 -2.174435043334960938e+01 -2.183199882507324219e+01 -2.188998413085937500e+01 -2.192527580261230469e+01 -2.192404937744140625e+01 -2.190100860595703125e+01 -2.184231948852539062e+01 -2.175711631774902344e+01 -2.166321563720703125e+01 -2.155983352661132812e+01 -2.144731712341308594e+01 -2.133684730529785156e+01 -2.121741676330566406e+01 -2.109375000000000000e+01 -2.095760536193847656e+01 -2.082965087890625000e+01 -2.070496177673339844e+01 -2.058205223083496094e+01 -2.047299003601074219e+01 -2.037129402160644531e+01 -2.027715492248535156e+01 -2.016821861267089844e+01 -2.004985046386718750e+01 -1.991357231140136719e+01 -1.975365829467773438e+01 -1.955406761169433594e+01 -1.932721328735351562e+01 -1.907145500183105469e+01 -1.877838516235351562e+01 -1.846490669250488281e+01 -1.810366058349609375e+01 -1.770562934875488281e+01 -1.729648780822753906e+01 -1.685774612426757812e+01 -1.639183425903320312e+01 -1.590200042724609375e+01 -1.543005561828613281e+01 -1.497778129577636719e+01 -1.455435276031494141e+01 -1.416423130035400391e+01 -1.376972484588623047e+01 -1.340113162994384766e+01 -1.306078243255615234e+01 -1.272861003875732422e+01 -1.241633987426757812e+01 -1.208809471130371094e+01 -1.173246002197265625e+01 -1.134053897857666016e+01 -1.088626289367675781e+01 -1.037618255615234375e+01 -9.813516616821289062e+00 -9.212313652038574219e+00 -8.598028182983398438e+00 -7.980199813842773438e+00 -7.386073589324951172e+00 -6.806600570678710938e+00 -6.267292022705078125e+00 -5.792924404144287109e+00 -5.359324932098388672e+00 -4.970104217529296875e+00 -4.625884532928466797e+00 -4.329961299896240234e+00 -4.048977851867675781e+00 -3.787550449371337891e+00 -3.551779031753540039e+00 -3.334950685501098633e+00 -3.136921405792236328e+00 -2.957739353179931641e+00 -2.794014215469360352e+00 -2.651568889617919922e+00 -2.534837245941162109e+00 -2.434663772583007812e+00 -2.368066549301147461e+00 -2.323065280914306641e+00 -2.284748315811157227e+00 -2.289374113082885742e+00 -2.290580511093139648e+00 -2.277690172195434570e+00 -2.277354955673217773e+00 -2.270574808120727539e+00 -2.259293317794799805e+00 -2.235705614089965820e+00 -2.193931341171264648e+00 -2.110201358795166016e+00 -1.991535305976867676e+00 -1.804643869400024414e+00 -1.561622858047485352e+00 -1.261160135269165039e+00 -8.909686207771301270e-01 -4.589205980300903320e-01 2.288856916129589081e-02 5.565178394317626953e-01 1.097894668579101562e+00 1.632539033889770508e+00 2.156648874282836914e+00 2.647977590560913086e+00 3.082458019256591797e+00 3.434491872787475586e+00 3.720273494720458984e+00 3.951237201690673828e+00 4.139392375946044922e+00 4.287527084350585938e+00 4.386157989501953125e+00 4.441225051879882812e+00 4.479570388793945312e+00 4.509449958801269531e+00 4.544875144958496094e+00 4.568605899810791016e+00 4.571009635925292969e+00 4.544041633605957031e+00 4.470204353332519531e+00 4.311200618743896484e+00 4.076540470123291016e+00 3.755678892135620117e+00 3.367961883544921875e+00 2.956571102142333984e+00 2.506432294845581055e+00 2.013313055038452148e+00 1.491673827171325684e+00 9.604579210281372070e-01 4.322300255298614502e-01 -1.005564704537391663e-01 -6.231724023818969727e-01 -1.137236237525939941e+00 -1.622387647628784180e+00 -2.074757814407348633e+00 -2.489433288574218750e+00 -2.870896816253662109e+00 -3.238789796829223633e+00 -3.599825859069824219e+00 -3.984736919403076172e+00 -4.381350517272949219e+00 -4.794283866882324219e+00 -5.215059757232666016e+00 -5.655794143676757812e+00 -6.124856472015380859e+00 -6.640145778656005859e+00 -7.196481704711914062e+00 -7.771234035491943359e+00 -8.361529350280761719e+00 -8.984461784362792969e+00 -9.614069938659667969e+00 -1.023588275909423828e+01 -1.082797813415527344e+01 -1.137340641021728516e+01 -1.187120914459228516e+01 -1.232244777679443359e+01 -1.271955108642578125e+01 -1.308811378479003906e+01 -1.341644573211669922e+01 -1.372665691375732422e+01 -1.397122097015380859e+01 -1.412689113616943359e+01 -1.419918632507324219e+01 -1.418007087707519531e+01 -1.409461688995361328e+01 -1.397029113769531250e+01 -1.381537723541259766e+01 -1.363559150695800781e+01 -1.342568778991699219e+01 -1.318988704681396484e+01 -1.291953372955322266e+01 -1.262798690795898438e+01 -1.233711051940917969e+01 -1.206446838378906250e+01 -1.181103706359863281e+01 -1.156810283660888672e+01 -1.132288837432861328e+01 -1.111311817169189453e+01 -1.096527194976806641e+01 -1.085592365264892578e+01 -1.077015304565429688e+01 -1.072321796417236328e+01 -1.071559429168701172e+01 -1.072555446624755859e+01 -1.075098037719726562e+01 -1.077391719818115234e+01 -1.078405857086181641e+01 -1.078207683563232422e+01 -1.075285720825195312e+01 -1.069124984741210938e+01 -1.062965202331542969e+01 -1.058206558227539062e+01 -1.053563690185546875e+01 -1.049333572387695312e+01 -1.046353340148925781e+01 -1.043565559387207031e+01 -1.043626785278320312e+01 -1.043774223327636719e+01 -1.040740299224853516e+01 -1.034833431243896484e+01 -1.023447418212890625e+01 -1.008411884307861328e+01 -9.887497901916503906e+00 -9.653985977172851562e+00 -9.365532875061035156e+00 -9.014054298400878906e+00 -8.606121063232421875e+00 -8.136636734008789062e+00 -7.622984886169433594e+00 -7.082948684692382812e+00 -6.528097152709960938e+00 -5.968476772308349609e+00 -5.401050567626953125e+00 -4.839093208312988281e+00 -4.314160346984863281e+00 -3.822285652160644531e+00 -3.354132890701293945e+00 -2.907106637954711914e+00 -2.515118360519409180e+00 -2.186413764953613281e+00 -1.911176323890686035e+00 -1.704537510871887207e+00 -1.557054638862609863e+00 -1.446816086769104004e+00 -1.370757102966308594e+00 -1.309752821922302246e+00 -1.218112349510192871e+00 -1.123924493789672852e+00 -1.018359303474426270e+00 -8.926637768745422363e-01 -7.615668177604675293e-01 -6.047370433807373047e-01 -4.291367232799530029e-01 -2.356660664081573486e-01 -1.477701310068368912e-02 2.255529463291168213e-01 5.010777115821838379e-01 8.159726858139038086e-01 1.161599636077880859e+00 1.534060835838317871e+00 1.941008090972900391e+00 2.373554229736328125e+00 2.836678981781005859e+00 3.335869789123535156e+00 3.870648384094238281e+00 4.429694175720214844e+00 5.005078792572021484e+00 5.572408676147460938e+00 6.108231067657470703e+00 6.615820884704589844e+00 7.084289550781250000e+00 7.486266613006591797e+00 7.822345256805419922e+00 8.080296516418457031e+00 8.294070243835449219e+00 8.469872474670410156e+00 8.625772476196289062e+00 8.781166076660156250e+00 8.924808502197265625e+00 9.058519363403320312e+00 9.167647361755371094e+00 9.238543510437011719e+00 9.270875930786132812e+00 9.268959999084472656e+00 9.233391761779785156e+00 9.168910980224609375e+00 9.084855079650878906e+00 8.990964889526367188e+00 8.882229804992675781e+00 8.771311759948730469e+00 8.666378021240234375e+00 8.559969902038574219e+00 8.464613914489746094e+00 8.396273612976074219e+00 8.337299346923828125e+00 8.301291465759277344e+00 8.279973030090332031e+00 8.270769119262695312e+00 8.237500190734863281e+00 8.184080123901367188e+00 8.084290504455566406e+00 7.970460414886474609e+00 7.841183185577392578e+00 7.695117473602294922e+00 7.546906948089599609e+00 7.422322273254394531e+00 7.333133220672607422e+00 7.291110515594482422e+00 7.280604362487792969e+00 7.261431694030761719e+00 7.264764785766601562e+00 7.272339820861816406e+00 7.277913570404052734e+00 7.293360710144042969e+00 7.322722911834716797e+00 7.372934341430664062e+00 7.426727771759033203e+00 7.481344223022460938e+00 7.554970741271972656e+00 7.628721714019775391e+00 7.681595325469970703e+00 7.719921588897705078e+00 7.728310585021972656e+00 7.706188678741455078e+00 7.635904312133789062e+00 7.546543121337890625e+00 7.466346740722656250e+00 7.394769668579101562e+00 7.337433338165283203e+00 7.272838115692138672e+00 7.227041721343994141e+00 7.192928791046142578e+00 7.152821063995361328e+00 7.092870712280273438e+00 7.018229007720947266e+00 6.919644832611083984e+00 6.784104347229003906e+00 6.628117561340332031e+00 6.436026096343994141e+00 6.187603473663330078e+00 5.876118183135986328e+00 5.506510734558105469e+00 5.101411819458007812e+00 4.646446228027343750e+00 4.141825199127197266e+00 3.598580837249755859e+00 3.012988090515136719e+00 2.386808395385742188e+00 1.734953522682189941e+00 1.086555838584899902e+00 4.509239494800567627e-01 -1.727464497089385986e-01 -7.876923680305480957e-01 -1.393415808677673340e+00 -1.988260030746459961e+00 -2.583793640136718750e+00 -3.191394329071044922e+00 -3.790825605392456055e+00 -4.408242702484130859e+00 -5.037783622741699219e+00 -5.662287235260009766e+00 -6.268431663513183594e+00 -6.876358032226562500e+00 -7.470723152160644531e+00 -8.070174217224121094e+00 -8.693882942199707031e+00 -9.333125114440917969e+00 -9.991501808166503906e+00 -1.067679882049560547e+01 -1.137766838073730469e+01 -1.205940246582031250e+01 -1.271028041839599609e+01 -1.330504798889160156e+01 -1.386267662048339844e+01 -1.438781166076660156e+01 -1.491829967498779297e+01 -1.547504711151123047e+01 -1.605266380310058594e+01 -1.663911628723144531e+01 -1.724380683898925781e+01 -1.782402801513671875e+01 -1.836887168884277344e+01 -1.885331535339355469e+01 -1.928555297851562500e+01 -1.967761802673339844e+01 -2.002571678161621094e+01 -2.033106231689453125e+01 -2.059981727600097656e+01 -2.080657958984375000e+01 -2.098532295227050781e+01 -2.111480903625488281e+01 -2.120191955566406250e+01 -2.122153282165527344e+01 -2.117893600463867188e+01 -2.106767272949218750e+01 -2.091131210327148438e+01 -2.073394966125488281e+01 -2.056424713134765625e+01 -2.044749832153320312e+01 -2.039653968811035156e+01 -2.041006278991699219e+01 -2.049273872375488281e+01 -2.064458847045898438e+01 -2.086723136901855469e+01 -2.115916061401367188e+01 -2.152128791809082031e+01 -2.172236061096191406e+01 -2.214219856262207031e+01 -2.257727432250976562e+01 -2.320913314819335938e+01 -2.341246604919433594e+01 -2.379496574401855469e+01 -2.414927673339843750e+01 -2.459115219116210938e+01 -2.470584297180175781e+01 -2.485578727722167969e+01 -2.491380500793457031e+01 -2.481500053405761719e+01 -2.470783615112304688e+01 -2.452867317199707031e+01 -2.437174797058105469e+01 -2.414768028259277344e+01 -2.395231246948242188e+01 -2.377270889282226562e+01 -2.355663681030273438e+01 -2.326049232482910156e+01 -2.289845085144042969e+01 -2.229284286499023438e+01 -2.207215499877929688e+01 -2.160767936706542969e+01 -2.113462257385253906e+01 -2.064072799682617188e+01 -2.012657737731933594e+01 -1.959175109863281250e+01 -1.902271842956542969e+01 -1.844513130187988281e+01 -1.786150169372558594e+01 -1.728923034667968750e+01 -1.673812294006347656e+01 -1.621043968200683594e+01 -1.574484443664550781e+01 -1.535249328613281250e+01 -1.500434684753417969e+01 -1.469078350067138672e+01 -1.442342758178710938e+01 -1.421326446533203125e+01 -1.402189159393310547e+01 -1.386088562011718750e+01 -1.372229957580566406e+01 -1.360974407196044922e+01 -1.352613830566406250e+01 -1.348414325714111328e+01 -1.348464202880859375e+01 -1.352846622467041016e+01 -1.362400436401367188e+01 -1.374605083465576172e+01 -1.388429164886474609e+01 -1.402367305755615234e+01 -1.416911506652832031e+01 -1.430661869049072266e+01 -1.443627071380615234e+01 -1.452962493896484375e+01 -1.459062862396240234e+01 -1.461164093017578125e+01 -1.458316898345947266e+01 -1.452269172668457031e+01 -1.442817783355712891e+01 -1.430485725402832031e+01 -1.414104557037353516e+01 -1.394508457183837891e+01 -1.370424842834472656e+01 -1.346477031707763672e+01 -1.321380996704101562e+01 -1.294784259796142578e+01 -1.265807723999023438e+01 -1.235428237915039062e+01 -1.204954814910888672e+01 -1.176205158233642578e+01 -1.148417186737060547e+01 -1.122425651550292969e+01 -1.098452091217041016e+01 -1.076576805114746094e+01 -1.053355884552001953e+01 -1.028946495056152344e+01 -1.006011867523193359e+01 -9.847897529602050781e+00 -9.643125534057617188e+00 -9.444819450378417969e+00 -9.271124839782714844e+00 -9.145659446716308594e+00 -9.036138534545898438e+00 -8.942784309387207031e+00 -8.876722335815429688e+00 -8.840819358825683594e+00 -8.803517341613769531e+00 -8.766159057617187500e+00 -8.730025291442871094e+00 -8.685790061950683594e+00 -8.635828018188476562e+00 -8.585587501525878906e+00 -8.544368743896484375e+00 -8.506464958190917969e+00 -8.451627731323242188e+00 -8.405506134033203125e+00 -8.355609893798828125e+00 -8.291234970092773438e+00 -8.211173057556152344e+00 -8.105262756347656250e+00 -7.965441703796386719e+00 -7.802799224853515625e+00 -7.624124526977539062e+00 -7.451560020446777344e+00 -7.271449089050292969e+00 -7.095781803131103516e+00 -6.942744731903076172e+00 -6.807022094726562500e+00 -6.675809860229492188e+00 -6.558321952819824219e+00 -6.466001510620117188e+00 -6.387328147888183594e+00 -6.303578376770019531e+00 -6.217914104461669922e+00 -6.149813652038574219e+00 -6.081847190856933594e+00 -6.025362968444824219e+00 -5.986730098724365234e+00 -5.958555221557617188e+00 -5.928934097290039062e+00 -5.912653446197509766e+00 -5.916733264923095703e+00 -5.922680377960205078e+00 -5.942322254180908203e+00 -5.978847980499267578e+00 -6.032353878021240234e+00 -6.090015888214111328e+00 -6.160912990570068359e+00 -6.250130176544189453e+00 -6.360445976257324219e+00 -6.469573497772216797e+00 -6.574611663818359375e+00 -6.674948215484619141e+00 -6.772861480712890625e+00 -6.856217861175537109e+00 -6.915977001190185547e+00 -6.979758739471435547e+00 -7.028858661651611328e+00 -7.071792125701904297e+00 -7.100158214569091797e+00 -7.144364833831787109e+00 -7.179789543151855469e+00 -7.206470489501953125e+00 -7.236943721771240234e+00 -7.239213466644287109e+00 -7.204191207885742188e+00 -7.146835803985595703e+00 -7.074473381042480469e+00 -7.005357265472412109e+00 -6.915326118469238281e+00 -6.814989566802978516e+00 -6.722286224365234375e+00 -6.651082515716552734e+00 -6.564785957336425781e+00 -6.489090919494628906e+00 -6.410340785980224609e+00 -6.326390743255615234e+00 -6.269207477569580078e+00 -6.216851234436035156e+00 -6.167319774627685547e+00 -6.136884689331054688e+00 -6.097562313079833984e+00 -6.088081359863281250e+00 -6.101881980895996094e+00 -6.135879516601562500e+00 -6.192228794097900391e+00 -6.260885238647460938e+00 -6.334349155426025391e+00 -6.399720191955566406e+00 -6.448600292205810547e+00 -6.482023239135742188e+00 -6.498323440551757812e+00 -6.511366844177246094e+00 -6.525032520294189453e+00 -6.530194759368896484e+00 -6.529993534088134766e+00 -6.523739814758300781e+00 -6.517112731933593750e+00 -6.502728462219238281e+00 -6.479408740997314453e+00 -6.454068660736083984e+00 -6.432195186614990234e+00 -6.393428325653076172e+00 -6.363864898681640625e+00 -6.334157943725585938e+00 -6.284032344818115234e+00 -6.235995292663574219e+00 -6.192191123962402344e+00 -6.160788536071777344e+00 -6.142611980438232422e+00 -6.130832672119140625e+00 -6.139796257019042969e+00 -6.186262607574462891e+00 -6.244949817657470703e+00 -6.299297809600830078e+00 -6.350504875183105469e+00 -6.394414424896240234e+00 -6.438151836395263672e+00 -6.466834545135498047e+00 -6.486351966857910156e+00 -6.479274749755859375e+00 -6.468501091003417969e+00 -6.455313682556152344e+00 -6.446148395538330078e+00 -6.445401668548583984e+00 -6.433277130126953125e+00 -6.414899349212646484e+00 -6.391675949096679688e+00 -6.346319675445556641e+00 -6.290487289428710938e+00 -6.224388122558593750e+00 -6.156842708587646484e+00 -6.108173370361328125e+00 -6.057598590850830078e+00 -6.011907577514648438e+00 -5.987783908843994141e+00 -5.983224868774414062e+00 -5.981951236724853516e+00 -6.002608299255371094e+00 -6.028829574584960938e+00 -6.058115959167480469e+00 -6.079107761383056641e+00 -6.108394145965576172e+00 -6.123898983001708984e+00 -6.136013031005859375e+00 -6.145236015319824219e+00 -6.166467666625976562e+00 -6.183820724487304688e+00 -6.204046726226806641e+00 -6.227012157440185547e+00 -6.258558273315429688e+00 -6.284367561340332031e+00 -6.310723304748535156e+00 -6.349183559417724609e+00 -6.371679306030273438e+00 -6.389827728271484375e+00 -6.401022911071777344e+00 -6.409268379211425781e+00 -6.405274868011474609e+00 -6.388180255889892578e+00 -6.360503196716308594e+00 -6.334530830383300781e+00 -6.322196483612060547e+00 -6.329398155212402344e+00 -6.360177516937255859e+00 -6.391005516052246094e+00 -6.420779705047607422e+00 -6.435326576232910156e+00 -6.450965881347656250e+00 -6.479322910308837891e+00 -6.519861221313476562e+00 -6.548438549041748047e+00 -6.574065685272216797e+00 -6.595681190490722656e+00 -6.601599693298339844e+00 -6.608245372772216797e+00 -6.617975711822509766e+00 -6.629965782165527344e+00 -6.652030944824218750e+00 -6.677677631378173828e+00 -6.710727214813232422e+00 -6.727745056152343750e+00 -6.740070343017578125e+00 -6.742043495178222656e+00 -6.728894710540771484e+00 -6.699483871459960938e+00 -6.676537990570068359e+00 -6.639734268188476562e+00 -6.611214160919189453e+00 -6.594963073730468750e+00 -6.599003791809082031e+00 -6.606359004974365234e+00 -6.621337413787841797e+00 -6.651657104492187500e+00 -6.688815593719482422e+00 -6.735722541809082031e+00 -6.772152900695800781e+00 -6.795596599578857422e+00 -6.823953628540039062e+00 -6.844773292541503906e+00 -6.857184886932373047e+00 -6.880083560943603516e+00 -6.901257991790771484e+00 -6.921397686004638672e+00 -6.946220874786376953e+00 -6.966293811798095703e+00 -6.965757369995117188e+00 -6.961438655853271484e+00 -6.974414825439453125e+00 -6.985619544982910156e+00 -6.986797809600830078e+00 -6.994909286499023438e+00 -6.990369796752929688e+00 -6.976550102233886719e+00 -6.958096027374267578e+00 -6.932544708251953125e+00 -6.896976947784423828e+00 -6.861782073974609375e+00 -6.817901134490966797e+00 -6.774987220764160156e+00 -6.743910789489746094e+00 -6.708084106445312500e+00 -6.677198886871337891e+00 -6.668570041656494141e+00 -6.648276805877685547e+00 -6.645125865936279297e+00 -6.647951126098632812e+00 -6.654597759246826172e+00 -6.668608188629150391e+00 -6.675494194030761719e+00 -6.687991619110107422e+00 -6.701591014862060547e+00 -6.710774898529052734e+00 -6.723416328430175781e+00 -6.737493991851806641e+00 -6.752711772918701172e+00 -6.777534484863281250e+00 -6.815018653869628906e+00 -6.857300281524658203e+00 -6.905902385711669922e+00 -6.963076114654541016e+00 -7.015728950500488281e+00 -7.084414005279541016e+00 -7.175001144409179688e+00 -7.258434295654296875e+00 -7.344290733337402344e+00 -7.424610614776611328e+00 -7.493860721588134766e+00 -7.541141510009765625e+00 -7.567200183868408203e+00 -7.584045886993408203e+00 -7.591352939605712891e+00 -7.582340717315673828e+00 -7.569355010986328125e+00 -7.549339294433593750e+00 -7.519977092742919922e+00 -7.485366344451904297e+00 -7.443793296813964844e+00 -7.380117416381835938e+00 -7.315224647521972656e+00 -7.255762100219726562e+00 -7.197314739227294922e+00 -7.141147136688232422e+00 -7.082364559173583984e+00 -7.017663478851318359e+00 -6.972423076629638672e+00 -6.931041717529296875e+00 -6.884871482849121094e+00 -6.842695236206054688e+00 -6.796669483184814453e+00 -6.758754730224609375e+00 -6.727601528167724609e+00 -6.705479145050048828e+00 -6.689964294433593750e+00 -6.693009853363037109e+00 -6.692579269409179688e+00 -6.708016872406005859e+00 -6.730484008789062500e+00 -6.762451648712158203e+00 -6.791440486907958984e+00 -6.817086696624755859e+00 -6.827037811279296875e+00 -6.831873416900634766e+00 -6.831069469451904297e+00 -6.835876941680908203e+00 -6.838328838348388672e+00 -6.872642040252685547e+00 -6.905605316162109375e+00 -6.931261539459228516e+00 -6.959178447723388672e+00 -6.978456497192382812e+00 -7.003509044647216797e+00 -7.018794059753417969e+00 -7.034231662750244141e+00 -7.036271572113037109e+00 -7.035993576049804688e+00 -7.032967090606689453e+00 -7.025833129882812500e+00 -7.012109279632568359e+00 -6.981405735015869141e+00 -6.962587356567382812e+00 -6.954696178436279297e+00 -6.941470623016357422e+00 -6.937755107879638672e+00 -6.928905963897705078e+00 -6.925467967987060547e+00 -6.934115886688232422e+00 -6.941221714019775391e+00 -6.935236454010009766e+00 -6.921809673309326172e+00 -6.924251556396484375e+00 -6.938377380371093750e+00 -6.940264225006103516e+00 -6.949112892150878906e+00 -6.974692344665527344e+00 -7.008987426757812500e+00 -7.045360088348388672e+00 -7.059600353240966797e+00 -7.064609527587890625e+00 -7.079788684844970703e+00 -7.084146022796630859e+00 -7.085495948791503906e+00 -7.091864585876464844e+00 -7.074980735778808594e+00 -7.051900863647460938e+00 -7.047169685363769531e+00 -7.035916805267333984e+00 -7.012137889862060547e+00 -6.981195449829101562e+00 -6.947494506835937500e+00 -6.912127494812011719e+00 -6.882084846496582031e+00 -6.849734306335449219e+00 -6.810038566589355469e+00 -6.763610363006591797e+00 -6.730416774749755859e+00 -6.697539806365966797e+00 -6.670035362243652344e+00 -6.662632465362548828e+00 -6.663302898406982422e+00 -6.673617362976074219e+00 -6.678865432739257812e+00 -6.679774761199951172e+00 -6.678367137908935547e+00 -6.674832820892333984e+00 -6.677016735076904297e+00 -6.695002079010009766e+00 -6.710305690765380859e+00 -6.741420745849609375e+00 -6.769088268280029297e+00 -6.817431449890136719e+00 -6.887371063232421875e+00 -6.957808494567871094e+00 -7.043195247650146484e+00 -7.110750675201416016e+00 -7.173545360565185547e+00 -7.242316246032714844e+00 -7.296473026275634766e+00 -7.356558322906494141e+00 -7.425616741180419922e+00 -7.494119644165039062e+00 -7.556158065795898438e+00 -7.625704765319824219e+00 -7.684496402740478516e+00 -7.742943763732910156e+00 -7.788883686065673828e+00 -7.820516109466552734e+00 -7.840187072753906250e+00 -7.843069553375244141e+00 -7.838051319122314453e+00 -7.838482379913330078e+00 -7.823159217834472656e+00 -7.785867214202880859e+00 -7.744869232177734375e+00 -7.718935012817382812e+00 -7.698498249053955078e+00 -7.691736698150634766e+00 -7.687715053558349609e+00 -7.668025016784667969e+00 -7.640874385833740234e+00 -7.614232063293457031e+00 -7.602260589599609375e+00 -7.604702472686767578e+00 -7.626883029937744141e+00 -7.672209739685058594e+00 -7.702989578247070312e+00 -7.740070819854736328e+00 -7.795865535736083984e+00 -7.843893051147460938e+00 -7.897628307342529297e+00 -7.947916507720947266e+00 -8.005530357360839844e+00 -8.078391075134277344e+00 -8.151145935058593750e+00 -8.236322402954101562e+00 -8.336466789245605469e+00 -8.433834075927734375e+00 -8.532226562500000000e+00 -8.619107246398925781e+00 -8.719711303710937500e+00 -8.860538482666015625e+00 -9.042708396911621094e+00 -9.280059814453125000e+00 -9.538020133972167969e+00 -9.816236495971679688e+00 -1.010445976257324219e+01 -1.039325904846191406e+01 -1.067369651794433594e+01 -1.095362567901611328e+01 -1.123960876464843750e+01 -1.155565261840820312e+01 -1.187141895294189453e+01 -1.220324611663818359e+01 -1.254175758361816406e+01 -1.288261508941650391e+01 -1.322391319274902344e+01 -1.354932308197021484e+01 -1.387020397186279297e+01 -1.418440055847167969e+01 -1.447066020965576172e+01 -1.473271083831787109e+01 -1.495291996002197266e+01 -1.514338302612304688e+01 -1.529667854309082031e+01 -1.541850566864013672e+01 -1.551768398284912109e+01 -1.560091495513916016e+01 -1.568935775756835938e+01 -1.576017761230468750e+01 -1.580051422119140625e+01 -1.581011104583740234e+01 -1.582205295562744141e+01 -1.582812500000000000e+01 -1.582564449310302734e+01 -1.582287693023681641e+01 -1.581949615478515625e+01 -1.582124900817871094e+01 -1.582942771911621094e+01 -1.583811283111572266e+01 -1.584068965911865234e+01 -1.582448577880859375e+01 -1.580450916290283203e+01 -1.576936149597167969e+01 -1.572502994537353516e+01 -1.567108440399169922e+01 -1.561143112182617188e+01 -1.553555393218994141e+01 -1.543910503387451172e+01 -1.533562755584716797e+01 -1.523717880249023438e+01 -1.515078639984130859e+01 -1.507284069061279297e+01 -1.501567649841308594e+01 -1.496010208129882812e+01 -1.491728401184082031e+01 -1.490293884277343750e+01 -1.491472721099853516e+01 -1.494251918792724609e+01 -1.496999549865722656e+01 -1.496730327606201172e+01 -1.491139411926269531e+01 -1.482641983032226562e+01 -1.471298217773437500e+01 -1.456589221954345703e+01 -1.438744735717773438e+01 -1.418822193145751953e+01 -1.397157478332519531e+01 -1.373820686340332031e+01 -1.347590827941894531e+01 -1.320313167572021484e+01 -1.290694046020507812e+01 -1.259288787841796875e+01 -1.227633571624755859e+01 -1.195472717285156250e+01 -1.164023494720458984e+01 -1.134128475189208984e+01 -1.107696628570556641e+01 -1.082182025909423828e+01 -1.057313919067382812e+01 -1.033204269409179688e+01 -1.007971382141113281e+01 -9.793194770812988281e+00 -9.480933189392089844e+00 -9.161757469177246094e+00 -8.835849761962890625e+00 -8.495450973510742188e+00 -8.154870986938476562e+00 -7.839794635772705078e+00 -7.546428203582763672e+00 -7.305120944976806641e+00 -7.147889137268066406e+00 -7.046509265899658203e+00 -6.989881515502929688e+00 -6.973351955413818359e+00 -6.992064952850341797e+00 -7.042974948883056641e+00 -7.094383716583251953e+00 -7.137229919433593750e+00 -7.165692329406738281e+00 -7.182806015014648438e+00 -7.183600902557373047e+00 -7.156067848205566406e+00 -7.095877647399902344e+00 -7.022643566131591797e+00 -6.946613311767578125e+00 -6.869577407836914062e+00 -6.799925327301025391e+00 -6.740386009216308594e+00 -6.692291736602783203e+00 -6.640978813171386719e+00 -6.594014644622802734e+00 -6.537703037261962891e+00 -6.506214141845703125e+00 -6.478796005249023438e+00 -6.449615001678466797e+00 -6.415004730224609375e+00 -6.338428497314453125e+00 -6.215950965881347656e+00 -6.057626724243164062e+00 -5.855470180511474609e+00 -5.616950035095214844e+00 -5.377262115478515625e+00 -5.124118328094482422e+00 -4.877793312072753906e+00 -4.645306587219238281e+00 -4.427395820617675781e+00 -4.205549240112304688e+00 -3.979010105133056641e+00 -3.753380298614501953e+00 -3.530020475387573242e+00 -3.330870866775512695e+00 -3.150051355361938477e+00 -2.958658695220947266e+00 -2.773768901824951172e+00 -2.680126905441284180e+00 -2.484300374984741211e+00 -2.280343055725097656e+00 -2.072488069534301758e+00 -1.849377155303955078e+00 -1.469905734062194824e+00 -1.329509735107421875e+00 -1.032398939132690430e+00 -7.210186123847961426e-01 -4.300082027912139893e-01 -1.417942047119140625e-01 1.088978722691535950e-01 3.149811625480651855e-01 4.775283336639404297e-01 5.946143865585327148e-01 6.438487172126770020e-01 6.272233724594116211e-01 5.499960184097290039e-01 4.356489479541778564e-01 2.623566389083862305e-01 8.418013341724872589e-03 -3.161686956882476807e-01 -6.982832551002502441e-01 -1.136814832687377930e+00 -1.607112646102905273e+00 -2.089151620864868164e+00 -2.564017534255981445e+00 -3.033913373947143555e+00 -3.498263835906982422e+00 -3.981950283050537109e+00 -4.518366336822509766e+00 -5.119914054870605469e+00 -5.783979415893554688e+00 -6.507708549499511719e+00 -7.265587806701660156e+00 -8.030611991882324219e+00 -8.801391601562500000e+00 -9.557499885559082031e+00 -1.028786563873291016e+01 -1.096025276184082031e+01 -1.156408023834228516e+01 -1.206111621856689453e+01 -1.247469997406005859e+01 -1.281403636932373047e+01 -1.306442070007324219e+01 -1.323248481750488281e+01 -1.332235336303710938e+01 -1.333081912994384766e+01 -1.325441646575927734e+01 -1.310935592651367188e+01 -1.291198730468750000e+01 -1.265502262115478516e+01 -1.235440635681152344e+01 -1.201900768280029297e+01 -1.165108585357666016e+01 -1.128357601165771484e+01 -1.091990661621093750e+01 -1.057323551177978516e+01 -1.024310398101806641e+01 -9.956306457519531250e+00 -9.701611518859863281e+00 -9.500211715698242188e+00 -9.350267410278320312e+00 -9.194347381591796875e+00 -9.027078628540039062e+00 -8.798059463500976562e+00 -8.507489204406738281e+00 -8.135967254638671875e+00 -7.641343593597412109e+00 -7.023112773895263672e+00 -6.295170307159423828e+00 -5.462601184844970703e+00 -4.521679878234863281e+00 -3.492201566696166992e+00 -2.416209220886230469e+00 -1.300989985466003418e+00 -1.892089694738388062e-01 8.980171680450439453e-01 1.937636971473693848e+00 2.931891679763793945e+00 3.870093107223510742e+00 4.791506290435791016e+00 5.679697990417480469e+00 6.563962459564208984e+00 7.431113719940185547e+00 8.278689384460449219e+00 9.115366935729980469e+00 9.973373413085937500e+00 1.083807182312011719e+01 1.168035221099853516e+01 1.251397514343261719e+01 1.331754589080810547e+01 1.408862209320068359e+01 1.478826522827148438e+01 1.542847537994384766e+01 1.604864120483398438e+01 1.662445449829101562e+01 1.717673110961914062e+01 1.773595809936523438e+01 1.830538749694824219e+01 1.887912368774414062e+01 1.944832992553710938e+01 2.001305389404296875e+01 2.057731056213378906e+01 2.114584732055664062e+01 2.168998336791992188e+01 2.216009902954101562e+01 2.257045555114746094e+01 2.287332153320312500e+01 2.308882904052734375e+01 2.324759292602539062e+01 2.338459968566894531e+01 2.348784637451171875e+01 2.355388832092285156e+01 2.354275894165039062e+01 2.346357727050781250e+01 2.333882141113281250e+01 2.318136024475097656e+01 2.298339843750000000e+01 2.276023864746093750e+01 2.252635383605957031e+01 2.227471542358398438e+01 2.198099327087402344e+01 2.161248779296875000e+01 2.113387680053710938e+01 2.052722549438476562e+01 1.978466796875000000e+01 1.890900230407714844e+01 1.791875267028808594e+01 1.682349967956542969e+01 1.564716148376464844e+01 1.440591239929199219e+01 1.311332988739013672e+01 1.178742122650146484e+01 1.047757244110107422e+01 9.184339523315429688e+00 7.923964977264404297e+00 6.684026718139648438e+00 5.442173957824707031e+00 4.190982818603515625e+00 2.900096416473388672e+00 1.547047019004821777e+00 1.356937736272811890e-01 -1.408279061317443848e+00 -3.051850557327270508e+00 -4.712909698486328125e+00 -6.326256752014160156e+00 -7.876291275024414062e+00 -9.342999458312988281e+00 -1.071331501007080078e+01 -1.197419738769531250e+01 -1.312031173706054688e+01 -1.412719821929931641e+01 -1.500606155395507812e+01 -1.577800941467285156e+01 -1.646340179443359375e+01 -1.707169342041015625e+01 -1.763465690612792969e+01 -1.818781280517578125e+01 -1.875776481628417969e+01 -1.936609458923339844e+01 -2.005077934265136719e+01 -2.077230453491210938e+01 -2.152915000915527344e+01 -2.230166435241699219e+01 -2.307902145385742188e+01 -2.385208129882812500e+01 -2.459406280517578125e+01 -2.529494094848632812e+01 -2.591918754577636719e+01 -2.646849441528320312e+01 -2.695168113708496094e+01 -2.739036750793457031e+01 -2.781930351257324219e+01 -2.823773193359375000e+01 -2.864964103698730469e+01 -2.905862617492675781e+01 -2.945905303955078125e+01 -2.981077003479003906e+01 -3.008295249938964844e+01 -3.029222488403320312e+01 -3.047866630554199219e+01 -3.063153076171875000e+01 -3.077972221374511719e+01 -3.091016769409179688e+01 -3.098854446411132812e+01 -3.096518707275390625e+01 -3.087364196777343750e+01 -3.072530746459960938e+01 -3.058871269226074219e+01 -3.046142768859863281e+01 -3.033220863342285156e+01 -3.017623138427734375e+01 -2.998658180236816406e+01 -2.978565979003906250e+01 -2.958758163452148438e+01 -2.941945266723632812e+01 -2.925770187377929688e+01 -2.912470626831054688e+01 -2.902215766906738281e+01 -2.895959281921386719e+01 -2.895381927490234375e+01 -2.898473167419433594e+01 -2.901720619201660156e+01 -2.902465820312500000e+01 -2.898302650451660156e+01 -2.889068794250488281e+01 -2.877476119995117188e+01 -2.867053794860839844e+01 -2.858355140686035156e+01 -2.853152847290039062e+01 -2.848332977294921875e+01 -2.842610740661621094e+01 -2.833370208740234375e+01 -2.821584892272949219e+01 -2.807495498657226562e+01 -2.797138214111328125e+01 -2.790271759033203125e+01 -2.787392807006835938e+01 -2.787059593200683594e+01 -2.786351776123046875e+01 -2.786760711669921875e+01 -2.785483169555664062e+01 -2.780780982971191406e+01 -2.773877143859863281e+01 -2.763462257385253906e+01 -2.751364898681640625e+01 -2.737958335876464844e+01 -2.722409439086914062e+01 -2.706864166259765625e+01 -2.692984580993652344e+01 -2.682376289367675781e+01 -2.676015472412109375e+01 -2.671622657775878906e+01 -2.667573547363281250e+01 -2.664702415466308594e+01 -2.660108375549316406e+01 -2.651206779479980469e+01 -2.636320686340332031e+01 -2.615927696228027344e+01 -2.592480850219726562e+01 -2.564775276184082031e+01 -2.533535575866699219e+01 -2.499504470825195312e+01 -2.463266754150390625e+01 -2.427485847473144531e+01 -2.391220474243164062e+01 -2.353708076477050781e+01 -2.312296104431152344e+01 -2.267328071594238281e+01 -2.218851280212402344e+01 -2.168318367004394531e+01 -2.115029144287109375e+01 -2.057262802124023438e+01 -1.998534011840820312e+01 -1.939939308166503906e+01 -1.880481719970703125e+01 -1.821882247924804688e+01 -1.765377235412597656e+01 -1.714125823974609375e+01 -1.668140792846679688e+01 -1.627735328674316406e+01 -1.593179416656494141e+01 -1.564386749267578125e+01 -1.539284992218017578e+01 -1.517935371398925781e+01 -1.500175189971923828e+01 -1.483200263977050781e+01 -1.464800357818603516e+01 -1.444680500030517578e+01 -1.425002098083496094e+01 -1.406124210357666016e+01 -1.386789608001708984e+01 -1.368276691436767578e+01 -1.350573921203613281e+01 -1.328870010375976562e+01 -1.304895496368408203e+01 -1.276361370086669922e+01 -1.238059902191162109e+01 -1.191896820068359375e+01 -1.141206741333007812e+01 -1.087030792236328125e+01 -1.029816055297851562e+01 -9.691470146179199219e+00 -9.049757003784179688e+00 -8.381361961364746094e+00 -7.705144405364990234e+00 -7.025698661804199219e+00 -6.352046966552734375e+00 -5.700306892395019531e+00 -5.028264045715332031e+00 -4.366477966308593750e+00 -3.716854572296142578e+00 -3.102425813674926758e+00 -2.524178266525268555e+00 -2.021271228790283203e+00 -1.576361536979675293e+00 -1.187753915786743164e+00 -8.502672314643859863e-01 -5.344624519348144531e-01 -2.365758568048477173e-01 8.219773322343826294e-02 4.100213944911956787e-01 7.278469204902648926e-01 1.027648806571960449e+00 1.313803791999816895e+00 1.572387218475341797e+00 1.799089312553405762e+00 2.008390426635742188e+00 2.215670824050903320e+00 2.413824558258056641e+00 2.600064754486083984e+00 2.786180496215820312e+00 2.968963384628295898e+00 3.174146413803100586e+00 3.371275424957275391e+00 3.563156366348266602e+00 3.752039909362792969e+00 3.930101394653320312e+00 4.108095645904541016e+00 4.273649692535400391e+00 4.424589633941650391e+00 4.558253288269042969e+00 4.675502300262451172e+00 4.798755645751953125e+00 4.955001354217529297e+00 5.159485340118408203e+00 5.389596939086914062e+00 5.633767127990722656e+00 5.846267223358154297e+00 5.988415718078613281e+00 6.038760662078857422e+00 5.989603042602539062e+00 5.847664833068847656e+00 5.612008571624755859e+00 5.311747074127197266e+00 4.938941478729248047e+00 4.480690956115722656e+00 3.961819648742675781e+00 3.391434669494628906e+00 2.803294181823730469e+00 2.209503412246704102e+00 1.616162776947021484e+00 1.043642044067382812e+00 5.041422843933105469e-01 -4.280832596123218536e-03 -4.846917688846588135e-01 -9.383164048194885254e-01 -1.378370642662048340e+00 -1.814440965652465820e+00 -2.246508359909057617e+00 -2.684005260467529297e+00 -3.124615192413330078e+00 -3.556778192520141602e+00 -3.993863582611083984e+00 -4.409755229949951172e+00 -4.797539710998535156e+00 -5.160155773162841797e+00 -5.454499244689941406e+00 -5.682388782501220703e+00 -5.856102466583251953e+00 -5.966599464416503906e+00 -6.024213790893554688e+00 -6.034489631652832031e+00 -6.002761840820312500e+00 -5.953737735748291016e+00 -5.895549297332763672e+00 -5.829335212707519531e+00 -5.760803699493408203e+00 -5.701724052429199219e+00 -5.629524707794189453e+00 -5.526957035064697266e+00 -5.392182826995849609e+00 -5.237900257110595703e+00 -5.080831050872802734e+00 -4.942168235778808594e+00 -4.835157394409179688e+00 -4.771644115447998047e+00 -4.721145629882812500e+00 -4.698735713958740234e+00 -4.696590423583984375e+00 -4.716883659362792969e+00 -4.760965824127197266e+00 -4.825302600860595703e+00 -4.910230159759521484e+00 -5.015009880065917969e+00 -5.130534648895263672e+00 -5.264600753784179688e+00 -5.368844032287597656e+00 -5.455188274383544922e+00 -5.540422439575195312e+00 -5.610964775085449219e+00 -5.671576499938964844e+00 -5.722764492034912109e+00 -5.769423007965087891e+00 -5.802079677581787109e+00 -5.835588932037353516e+00 -5.882458209991455078e+00 -5.949045181274414062e+00 -6.034039497375488281e+00 -6.141136646270751953e+00 -6.253051280975341797e+00 -6.371411323547363281e+00 -6.474400520324707031e+00 -6.575598239898681641e+00 -6.668742179870605469e+00 -6.764194488525390625e+00 -6.846229553222656250e+00 -6.934489250183105469e+00 -7.027278900146484375e+00 -7.140658855438232422e+00 -7.273824214935302734e+00 -7.395813465118408203e+00 -7.518616676330566406e+00 -7.634955883026123047e+00 -7.751055717468261719e+00 -7.848173618316650391e+00 -7.939220905303955078e+00 -8.024195671081542969e+00 -8.113020896911621094e+00 -8.210598945617675781e+00 -8.294931411743164062e+00 -8.367620468139648438e+00 -8.428873062133789062e+00 -8.486200332641601562e+00 -8.503687858581542969e+00 -8.497625350952148438e+00 -8.484927177429199219e+00 -8.451550483703613281e+00 -8.379505157470703125e+00 -8.284512519836425781e+00 -8.177798271179199219e+00 -8.084568023681640625e+00 -8.027988433837890625e+00 -7.997333049774169922e+00 -8.003318786621093750e+00 -8.046356201171875000e+00 -8.128286361694335938e+00 -8.240448951721191406e+00 -8.367753982543945312e+00 -8.501762390136718750e+00 -8.636211395263671875e+00 -8.766312599182128906e+00 -8.872500419616699219e+00 -8.972165107727050781e+00 -9.065261840820312500e+00 -9.142250061035156250e+00 -9.210139274597167969e+00 -9.258425712585449219e+00 -9.302210807800292969e+00 -9.326411247253417969e+00 -9.342673301696777344e+00 -9.350257873535156250e+00 -9.328777313232421875e+00 -9.309164047241210938e+00 -9.284120559692382812e+00 -9.245190620422363281e+00 -9.201606750488281250e+00 -9.149901390075683594e+00 -9.077203750610351562e+00 -9.002331733703613281e+00 -8.927010536193847656e+00 -8.832334518432617188e+00 -8.744112968444824219e+00 -8.644447326660156250e+00 -8.517189979553222656e+00 -8.367869377136230469e+00 -8.207257270812988281e+00 -8.052217483520507812e+00 -7.893558502197265625e+00 -7.737446784973144531e+00 -7.588048934936523438e+00 -7.444798946380615234e+00 -7.332597255706787109e+00 -7.241589069366455078e+00 -7.173698902130126953e+00 -7.106507778167724609e+00 -7.049573898315429688e+00 -7.011304855346679688e+00 -6.984164237976074219e+00 -6.992428779602050781e+00 -7.017644405364990234e+00 -7.064935207366943359e+00 -7.115979671478271484e+00 -7.147936820983886719e+00 -7.163202762603759766e+00 -7.164571762084960938e+00 -7.167473793029785156e+00 -7.160454273223876953e+00 -7.136147975921630859e+00 -7.136760711669921875e+00 -7.138206958770751953e+00 -7.149660587310791016e+00 -7.185410976409912109e+00 -7.235546112060546875e+00 -7.301960945129394531e+00 -7.381400585174560547e+00 -7.466231822967529297e+00 -7.562995910644531250e+00 -7.666147232055664062e+00 -7.758315086364746094e+00 -7.852665424346923828e+00 -7.952532768249511719e+00 -8.045676231384277344e+00 -8.136004447937011719e+00 -8.206815719604492188e+00 -8.254364013671875000e+00 -8.287107467651367188e+00 -8.290651321411132812e+00 -8.270827293395996094e+00 -8.232682228088378906e+00 -8.185478210449218750e+00 -8.145993232727050781e+00 -8.115319252014160156e+00 -8.105607986450195312e+00 -8.105091094970703125e+00 -8.104784965515136719e+00 -8.108471870422363281e+00 -8.105607986450195312e+00 -8.123047828674316406e+00 -8.157763481140136719e+00 -8.184875488281250000e+00 -8.204431533813476562e+00 -8.216900825500488281e+00 -8.221592903137207031e+00 -8.195936203002929688e+00 -8.158146858215332031e+00 -8.111363410949707031e+00 -8.054861068725585938e+00 -7.987133502960205078e+00 -7.912951469421386719e+00 -7.831634998321533203e+00 -7.763400077819824219e+00 -7.711484432220458984e+00 -7.663331985473632812e+00 -7.616875171661376953e+00 -7.576671600341796875e+00 -7.545508861541748047e+00 -7.516136646270751953e+00 -7.500306129455566406e+00 -7.492740154266357422e+00 -7.500584125518798828e+00 -7.508628368377685547e+00 -7.507411956787109375e+00 -7.505918025970458984e+00 -7.507115364074707031e+00 -7.524420261383056641e+00 -7.552978515625000000e+00 -7.591611385345458984e+00 -7.633050441741943359e+00 -7.678089618682861328e+00 -7.723426818847656250e+00 -7.773599624633789062e+00 -7.821282386779785156e+00 -7.857147693634033203e+00 -7.866322040557861328e+00 -7.879413604736328125e+00 -7.875352859497070312e+00 -7.874050617218017578e+00 -7.878072738647460938e+00 -7.885619163513183594e+00 -7.904648303985595703e+00 -7.914043426513671875e+00 -7.927536964416503906e+00 -7.952034473419189453e+00 -7.975028514862060547e+00 -7.983360290527343750e+00 -7.973917484283447266e+00 -7.958077430725097656e+00 -7.926952838897705078e+00 -7.903077602386474609e+00 -7.871033668518066406e+00 -7.834077358245849609e+00 -7.808152198791503906e+00 -7.798681259155273438e+00 -7.811695575714111328e+00 -7.826338768005371094e+00 -7.853374004364013672e+00 -7.873485565185546875e+00 -7.904303550720214844e+00 -7.941902160644531250e+00 -7.981693744659423828e+00 -8.023056030273437500e+00 -8.043330192565917969e+00 -8.080727577209472656e+00 -8.124886512756347656e+00 -8.179713249206542969e+00 -8.257352828979492188e+00 -8.342126846313476562e+00 -8.434580802917480469e+00 -8.527034759521484375e+00 -8.624268531799316406e+00 -8.726577758789062500e+00 -8.823275566101074219e+00 -8.901201248168945312e+00 -8.962196350097656250e+00 -9.012110710144042969e+00 -9.058051109313964844e+00 -9.095217704772949219e+00 -9.130345344543457031e+00 -9.139348030090332031e+00 -9.141866683959960938e+00 -9.137845039367675781e+00 -9.148733139038085938e+00 -9.135699272155761719e+00 -9.104737281799316406e+00 -9.076542854309082031e+00 -9.072827339172363281e+00 -9.071764945983886719e+00 -9.082012176513671875e+00 -9.081207275390625000e+00 -9.066315650939941406e+00 -9.034921646118164062e+00 -9.004784584045410156e+00 -8.986128807067871094e+00 -8.958374977111816406e+00 -8.932163238525390625e+00 -8.909561157226562500e+00 -8.859953880310058594e+00 -8.786854743957519531e+00 -8.655671119689941406e+00 -8.559606552124023438e+00 -8.510467529296875000e+00 -8.392902374267578125e+00 -8.258655548095703125e+00 -8.132883071899414062e+00 -8.011161804199218750e+00 -7.923850059509277344e+00 -7.865249633789062500e+00 -7.814549922943115234e+00 -7.757826805114746094e+00 -7.720946311950683594e+00 -7.688940525054931641e+00 -7.650479793548583984e+00 -7.610219001770019531e+00 -7.558102130889892578e+00 -7.514326572418212891e+00 -7.463913917541503906e+00 -7.393247127532958984e+00 -7.309679508209228516e+00 -7.213423252105712891e+00 -7.101863384246826172e+00 -6.999984741210937500e+00 -6.913707733154296875e+00 -6.828100681304931641e+00 -6.742129325866699219e+00 -6.728970527648925781e+00 -6.714155673980712891e+00 -6.716090202331542969e+00 -6.741257667541503906e+00 -6.753765106201171875e+00 -6.763265609741210938e+00 -6.786527156829833984e+00 -6.819960117340087891e+00 -6.857846260070800781e+00 -6.887964725494384766e+00 -6.900510787963867188e+00 -6.914684772491455078e+00 -6.939249038696289062e+00 -6.974548816680908203e+00 -7.051690101623535156e+00 -7.165021896362304688e+00 -7.308655261993408203e+00 -7.448380947113037109e+00 -7.596792697906494141e+00 -7.733462810516357422e+00 -7.856985092163085938e+00 -7.965068340301513672e+00 -8.054324150085449219e+00 -8.133227348327636719e+00 -8.190630912780761719e+00 -8.237308502197265625e+00 -8.279858589172363281e+00 -8.340345382690429688e+00 -8.414298057556152344e+00 -8.511846542358398438e+00 -8.602156639099121094e+00 -8.686077117919921875e+00 -8.768016815185546875e+00 -8.840283393859863281e+00 -8.880553245544433594e+00 -8.901890754699707031e+00 -8.885016441345214844e+00 -8.849083900451660156e+00 -8.782957077026367188e+00 -8.714252471923828125e+00 -8.636173248291015625e+00 -8.558543205261230469e+00 -8.493535995483398438e+00 -8.454376220703125000e+00 -8.432225227355957031e+00 -8.409930229187011719e+00 -8.397336959838867188e+00 -8.402441024780273438e+00 -8.423213958740234375e+00 -8.447500228881835938e+00 -8.472285270690917969e+00 -8.488479614257812500e+00 -8.499636650085449219e+00 -8.511971473693847656e+00 -8.528825759887695312e+00 -8.541879653930664062e+00 -8.557106018066406250e+00 -8.576452255249023438e+00 -8.600968360900878906e+00 -8.610947608947753906e+00 -8.610679626464843750e+00 -8.600049018859863281e+00 -8.587283134460449219e+00 -8.572535514831542969e+00 -8.546552658081054688e+00 -8.532973289489746094e+00 -8.530521392822265625e+00 -8.545883178710937500e+00 -8.563629150390625000e+00 -8.605593681335449219e+00 -8.664252281188964844e+00 -8.732046127319335938e+00 -8.792265892028808594e+00 -8.842716217041015625e+00 -8.904141426086425781e+00 -8.960098266601562500e+00 -9.011755943298339844e+00 -9.062944412231445312e+00 -9.089232444763183594e+00 -9.104641914367675781e+00 -9.110234260559082031e+00 -9.096165657043457031e+00 -9.066688537597656250e+00 -9.041223526000976562e+00 -8.995964050292968750e+00 -8.938359260559082031e+00 -8.860586166381835938e+00 -8.788568496704101562e+00 -8.715382575988769531e+00 -8.647013664245605469e+00 -8.576203346252441406e+00 -8.485587120056152344e+00 -8.389445304870605469e+00 -8.281131744384765625e+00 -8.160387992858886719e+00 -8.025412559509277344e+00 -7.900405883789062500e+00 -7.779431819915771484e+00 -7.658150672912597656e+00 -7.542194843292236328e+00 -7.424936294555664062e+00 -7.316460132598876953e+00 -7.212954044342041016e+00 -7.117377281188964844e+00 -7.016945362091064453e+00 -6.905777931213378906e+00 -6.801525115966796875e+00 -6.686335086822509766e+00 -6.558819770812988281e+00 -6.428124904632568359e+00 -6.276897907257080078e+00 -6.112588405609130859e+00 -5.937783241271972656e+00 -5.763331890106201172e+00 -5.571508407592773438e+00 -5.346175670623779297e+00 -5.073668003082275391e+00 -4.755985736846923828e+00 -4.402850627899169922e+00 -3.971358060836791992e+00 -3.497143268585205078e+00 -3.008199453353881836e+00 -2.497861146926879883e+00 -1.984256982803344727e+00 -1.484184861183166504e+00 -9.725726246833801270e-01 -4.540076851844787598e-01 7.996633648872375488e-02 6.551685333251953125e-01 1.261303663253784180e+00 1.902777433395385742e+00 2.587634086608886719e+00 3.297639369964599609e+00 4.004886627197265625e+00 4.703342437744140625e+00 5.397095680236816406e+00 6.061611175537109375e+00 6.697339057922363281e+00 7.310101032257080078e+00 7.907330036163330078e+00 8.466279983520507812e+00 8.978677749633789062e+00 9.473464012145996094e+00 9.964935302734375000e+00 1.046094703674316406e+01 1.096525192260742188e+01 1.143358707427978516e+01 1.181966590881347656e+01 1.211174869537353516e+01 1.231075477600097656e+01 1.240535545349121094e+01 1.240237712860107422e+01 1.230358219146728516e+01 1.207445716857910156e+01 1.170444679260253906e+01 1.123950290679931641e+01 1.067456722259521484e+01 1.008078575134277344e+01 9.430262565612792969e+00 8.694984436035156250e+00 7.862357616424560547e+00 6.926156997680664062e+00 5.883233547210693359e+00 4.755689144134521484e+00 3.540306091308593750e+00 2.235044717788696289e+00 8.315829038619995117e-01 -6.676949262619018555e-01 -2.260088205337524414e+00 -3.875283718109130859e+00 -5.472742557525634766e+00 -7.020824432373046875e+00 -8.476124763488769531e+00 -9.812338829040527344e+00 -1.101702404022216797e+01 -1.207358551025390625e+01 -1.295999622344970703e+01 -1.370751380920410156e+01 -1.431812095642089844e+01 -1.483619689941406250e+01 -1.526211643218994141e+01 -1.562373638153076172e+01 -1.590886688232421875e+01 -1.611781311035156250e+01 -1.628403854370117188e+01 -1.641432952880859375e+01 -1.652343940734863281e+01 -1.663813018798828125e+01 -1.678554725646972656e+01 -1.695035362243652344e+01 -1.713400077819824219e+01 -1.734601974487304688e+01 -1.756828880310058594e+01 -1.778207015991210938e+01 -1.800813102722167969e+01 -1.824649810791015625e+01 -1.851058769226074219e+01 -1.881776428222656250e+01 -1.917737388610839844e+01 -1.954702949523925781e+01 -1.990508651733398438e+01 -2.026547050476074219e+01 -2.065818786621093750e+01 -2.106637954711914062e+01 -2.147510719299316406e+01 -2.190110397338867188e+01 -2.234950065612792969e+01 -2.280685043334960938e+01 -2.329170227050781250e+01 -2.375706100463867188e+01 -2.420790863037109375e+01 -2.464989662170410156e+01 -2.510494804382324219e+01 -2.556376457214355469e+01 -2.599395370483398438e+01 -2.641079330444335938e+01 -2.681004142761230469e+01 -2.717592239379882812e+01 -2.748526382446289062e+01 -2.776747322082519531e+01 -2.802374839782714844e+01 -2.825282478332519531e+01 -2.845818901062011719e+01 -2.864171028137207031e+01 -2.879402923583984375e+01 -2.894801521301269531e+01 -2.910790061950683594e+01 -2.926333236694335938e+01 -2.941407012939453125e+01 -2.955376815795898438e+01 -2.969798469543457031e+01 -2.982866096496582031e+01 -2.994939422607421875e+01 -3.004542160034179688e+01 -3.009972190856933594e+01 -3.009674453735351562e+01 -3.003615951538085938e+01 -2.991901779174804688e+01 -2.976091384887695312e+01 -2.954084777832031250e+01 -2.925519180297851562e+01 -2.891249465942382812e+01 -2.853190231323242188e+01 -2.812452507019042969e+01 -2.768926811218261719e+01 -2.722756004333496094e+01 -2.673495864868164062e+01 -2.624419593811035156e+01 -2.574640274047851562e+01 -2.525411605834960938e+01 -2.478028488159179688e+01 -2.428603553771972656e+01 -2.376972961425781250e+01 -2.326278114318847656e+01 -2.276891517639160156e+01 -2.230069541931152344e+01 -2.183950614929199219e+01 -2.140762138366699219e+01 -2.099320220947265625e+01 -2.059286308288574219e+01 -2.019970703125000000e+01 -1.981929779052734375e+01 -1.944751548767089844e+01 -1.907052612304687500e+01 -1.870318794250488281e+01 -1.835317420959472656e+01 -1.801083183288574219e+01 -1.767712974548339844e+01 -1.733042907714843750e+01 -1.696225738525390625e+01 -1.659273719787597656e+01 -1.618927574157714844e+01 -1.573877334594726562e+01 -1.522677803039550781e+01 -1.465859603881835938e+01 -1.402046394348144531e+01 -1.329400539398193359e+01 -1.249184322357177734e+01 -1.161484622955322266e+01 -1.067748832702636719e+01 -9.699160575866699219e+00 -8.701955795288085938e+00 -7.669279098510742188e+00 -6.616692543029785156e+00 -5.536744594573974609e+00 -4.425681591033935547e+00 -3.301412582397460938e+00 -2.182554244995117188e+00 -1.071587324142456055e+00 3.462015464901924133e-02 1.105307102203369141e+00 2.129881858825683594e+00 3.083913803100585938e+00 3.985886335372924805e+00 4.860880851745605469e+00 5.719499111175537109e+00 6.554989337921142578e+00 7.354020595550537109e+00 8.071447372436523438e+00 8.730034828186035156e+00 9.322925567626953125e+00 9.827345848083496094e+00 1.026379871368408203e+01 1.060921478271484375e+01 1.088291072845458984e+01 1.114605236053466797e+01 1.139647674560546875e+01 1.165721511840820312e+01 1.188453865051269531e+01 1.206435394287109375e+01 1.220483589172363281e+01 1.231995868682861328e+01 1.241047859191894531e+01 1.248470783233642578e+01 1.256010627746582031e+01 1.262299728393554688e+01 1.266413974761962891e+01 1.267269134521484375e+01 1.263419246673583984e+01 1.253882694244384766e+01 1.241269016265869141e+01 1.226576328277587891e+01 1.208250236511230469e+01 1.189789009094238281e+01 1.171004962921142578e+01 1.152155971527099609e+01 1.135272979736328125e+01 1.119648456573486328e+01 1.104613780975341797e+01 1.090584754943847656e+01 1.075417995452880859e+01 1.058552265167236328e+01 1.041485404968261719e+01 1.024179172515869141e+01 1.009414577484130859e+01 9.984347343444824219e+00 9.903941154479980469e+00 9.845082283020019531e+00 9.781980514526367188e+00 9.694390296936035156e+00 9.580149650573730469e+00 9.447136878967285156e+00 9.302306175231933594e+00 9.138572692871093750e+00 8.981004714965820312e+00 8.848595619201660156e+00 8.755231857299804688e+00 8.682840347290039062e+00 8.632150650024414062e+00 8.592971801757812500e+00 8.549714088439941406e+00 8.473587036132812500e+00 8.360475540161132812e+00 8.216316223144531250e+00 8.034347534179687500e+00 7.838798522949218750e+00 7.645432949066162109e+00 7.442538738250732422e+00 7.235363960266113281e+00 7.014101028442382812e+00 6.779325485229492188e+00 6.527168273925781250e+00 6.266525745391845703e+00 5.992274761199951172e+00 5.743077278137207031e+00 5.506951332092285156e+00 5.269551753997802734e+00 5.020066261291503906e+00 4.767899513244628906e+00 4.506682395935058594e+00 4.241127490997314453e+00 3.967642307281494141e+00 3.663990497589111328e+00 3.373937845230102539e+00 3.100481748580932617e+00 2.825071811676025391e+00 2.548033952713012695e+00 2.251976490020751953e+00 1.945672035217285156e+00 1.637308359146118164e+00 1.339239835739135742e+00 1.082456946372985840e+00 8.566262125968933105e-01 6.592482328414916992e-01 4.833510220050811768e-01 3.496108949184417725e-01 2.503664493560791016e-01 1.656691730022430420e-01 9.168834984302520752e-02 1.614649593830108643e-02 -1.070878505706787109e-01 -2.916616499423980713e-01 -5.325183868408203125e-01 -8.149479627609252930e-01 -1.122938156127929688e+00 -1.420020103454589844e+00 -1.736600756645202637e+00 -2.071540117263793945e+00 -2.455301761627197266e+00 -2.917420864105224609e+00 -3.459985256195068359e+00 -4.084115505218505859e+00 -4.788566589355468750e+00 -5.557143211364746094e+00 -6.364554405212402344e+00 -7.168507575988769531e+00 -7.947102546691894531e+00 -8.709799766540527344e+00 -9.476537704467773438e+00 -1.028483009338378906e+01 -1.112698554992675781e+01 -1.201452541351318359e+01 -1.293908023834228516e+01 -1.387920570373535156e+01 -1.485325431823730469e+01 -1.583771133422851562e+01 -1.682091331481933594e+01 -1.777211189270019531e+01 -1.866737174987792969e+01 -1.949346542358398438e+01 -2.025266838073730469e+01 -2.092292022705078125e+01 -2.151316642761230469e+01 -2.201319122314453125e+01 -2.244795989990234375e+01 -2.285223388671875000e+01 -2.325247573852539062e+01 -2.364089202880859375e+01 -2.403817749023437500e+01 -2.443122863769531250e+01 -2.482850456237792969e+01 -2.524819755554199219e+01 -2.569011878967285156e+01 -2.615190505981445312e+01 -2.664839363098144531e+01 -2.716447830200195312e+01 -2.770532798767089844e+01 -2.823934173583984375e+01 -2.878462409973144531e+01 -2.930922317504882812e+01 -2.984235572814941406e+01 -3.038376998901367188e+01 -3.092238807678222656e+01 -3.145450401306152344e+01 -3.195508384704589844e+01 -3.243405914306640625e+01 -3.285484313964843750e+01 -3.317832946777343750e+01 -3.339741897583007812e+01 -3.353491592407226562e+01 -3.363178253173828125e+01 -3.367575073242187500e+01 -3.368315124511718750e+01 -3.366080093383789062e+01 -3.361397933959960938e+01 -3.352817153930664062e+01 -3.341551971435546875e+01 -3.324931335449218750e+01 -3.305588912963867188e+01 -3.283538436889648438e+01 -3.261706161499023438e+01 -3.242982482910156250e+01 -3.230432128906250000e+01 -3.224857711791992188e+01 -3.224675750732421875e+01 -3.228856658935546875e+01 -3.234782028198242188e+01 -3.242020034790039062e+01 -3.249771499633789062e+01 -3.256505966186523438e+01 -3.262480163574218750e+01 -3.268583297729492188e+01 -3.271498489379882812e+01 -3.269941329956054688e+01 -3.265516662597656250e+01 -3.260040664672851562e+01 -3.251359558105468750e+01 -3.236573028564453125e+01 -3.214127731323242188e+01 -3.185795783996582031e+01 -3.151758766174316406e+01 -3.113431358337402344e+01 -3.071482086181640625e+01 -3.025869750976562500e+01 -2.978663635253906250e+01 -2.930713462829589844e+01 -2.881979179382324219e+01 -2.828833580017089844e+01 -2.774609756469726562e+01 -2.721756172180175781e+01 -2.671559333801269531e+01 -2.623328781127929688e+01 -2.577120780944824219e+01 -2.532756042480468750e+01 -2.486678123474121094e+01 -2.438159179687500000e+01 -2.389204406738281250e+01 -2.340290069580078125e+01 -2.291403388977050781e+01 -2.248439788818359375e+01 -2.209663200378417969e+01 -2.172723579406738281e+01 -2.136035919189453125e+01 -2.101160049438476562e+01 -2.067897796630859375e+01 -2.033829307556152344e+01 -1.999751091003417969e+01 -1.963026237487792969e+01 -1.923239326477050781e+01 -1.879932975769042969e+01 -1.833389663696289062e+01 -1.782468795776367188e+01 -1.730761718750000000e+01 -1.682367134094238281e+01 -1.637973022460937500e+01 -1.597891235351562500e+01 -1.559707546234130859e+01 -1.524533748626708984e+01 -1.490352249145507812e+01 -1.456999111175537109e+01 -1.425786399841308594e+01 -1.393548965454101562e+01 -1.359658527374267578e+01 -1.321749687194824219e+01 -1.280960178375244141e+01 -1.237620353698730469e+01 -1.192420673370361328e+01 -1.145556545257568359e+01 -1.097134304046630859e+01 -1.048301124572753906e+01 -9.982691764831542969e+00 -9.494255065917968750e+00 -9.005013465881347656e+00 -8.517928123474121094e+00 -8.043579101562500000e+00 -7.575215816497802734e+00 -7.125517368316650391e+00 -6.711167335510253906e+00 -6.325155258178710938e+00 -5.983828067779541016e+00 -5.661990165710449219e+00 -5.376629829406738281e+00 -5.107167243957519531e+00 -4.861273288726806641e+00 -4.631152153015136719e+00 -4.427137851715087891e+00 -4.248740673065185547e+00 -4.088080406188964844e+00 -3.931441783905029297e+00 -3.784591197967529297e+00 -3.662831783294677734e+00 -3.565397262573242188e+00 -3.480834007263183594e+00 -3.410885095596313477e+00 -3.358385086059570312e+00 -3.314159393310546875e+00 -3.290418386459350586e+00 -3.269924163818359375e+00 -3.261707305908203125e+00 -3.301307439804077148e+00 -3.369312286376953125e+00 -3.450217008590698242e+00 -3.559938430786132812e+00 -3.690527915954589844e+00 -3.826738834381103516e+00 -3.943614006042480469e+00 -4.023753166198730469e+00 -4.053852558135986328e+00 -4.020870208740234375e+00 -3.914289951324462891e+00 -3.751340627670288086e+00 -3.543619632720947266e+00 -3.299928188323974609e+00 -3.031700849533081055e+00 -2.747097492218017578e+00 -2.454305648803710938e+00 -2.165747165679931641e+00 -1.893861413002014160e+00 -1.641024112701416016e+00 -1.430909037590026855e+00 -1.252943277359008789e+00 -1.096237897872924805e+00 -9.540702700614929199e-01 -8.382387757301330566e-01 -7.456884980201721191e-01 -6.823187470436096191e-01 -6.589226126670837402e-01 -6.365128755569458008e-01 -6.433124542236328125e-01 -6.823378801345825195e-01 -7.398083209991455078e-01 -8.217091560363769531e-01 -9.307219982147216797e-01 -1.044733881950378418e+00 -1.183252811431884766e+00 -1.337774515151977539e+00 -1.484520077705383301e+00 -1.622349381446838379e+00 -1.746196627616882324e+00 -1.900469541549682617e+00 -1.949023842811584473e+00 -2.039266109466552734e+00 -2.118169546127319336e+00 -2.193558216094970703e+00 -2.256458520889282227e+00 -2.337075948715209961e+00 -2.442765712738037109e+00 -2.578842639923095703e+00 -2.737080097198486328e+00 -2.908524274826049805e+00 -3.089717388153076172e+00 -3.242821693420410156e+00 -3.346327781677246094e+00 -3.409534692764282227e+00 -3.399354457855224609e+00 -3.316754579544067383e+00 -3.143922090530395508e+00 -2.884170293807983398e+00 -2.562657833099365234e+00 -2.179470539093017578e+00 -1.749395251274108887e+00 -1.283895492553710938e+00 -8.108298778533935547e-01 -3.638899326324462891e-01 6.702806800603866577e-02 4.629332721233367920e-01 8.093072175979614258e-01 1.113581538200378418e+00 1.370852947235107422e+00 1.598713874816894531e+00 1.801608085632324219e+00 1.979832410812377930e+00 2.141891002655029297e+00 2.307847738265991211e+00 2.440457820892333984e+00 2.556346654891967773e+00 2.631601095199584961e+00 2.642633438110351562e+00 2.584521532058715820e+00 2.475987434387207031e+00 2.312281847000122070e+00 2.099111557006835938e+00 1.863732814788818359e+00 1.601816654205322266e+00 1.328705310821533203e+00 1.039677262306213379e+00 7.303368449211120605e-01 4.159111380577087402e-01 8.704359084367752075e-02 -2.506346106529235840e-01 -5.861675739288330078e-01 -8.938704133033752441e-01 -1.171540379524230957e+00 -1.440696477890014648e+00 -1.706960439682006836e+00 -1.960295796394348145e+00 -2.201353549957275391e+00 -2.415634632110595703e+00 -2.617418050765991211e+00 -2.800966978073120117e+00 -2.990108966827392578e+00 -3.170191049575805664e+00 -3.331617832183837891e+00 -3.481705665588378906e+00 -3.613740921020507812e+00 -3.708331108093261719e+00 -3.775062322616577148e+00 -3.813570499420166016e+00 -3.827504873275756836e+00 -3.801178216934204102e+00 -3.751263856887817383e+00 -3.688708305358886719e+00 -3.586198091506958008e+00 -3.479043245315551758e+00 -3.383351802825927734e+00 -3.286913394927978516e+00 -3.202350139617919922e+00 -3.136615037918090820e+00 -3.082774162292480469e+00 -3.054292678833007812e+00 -3.064242839813232422e+00 -3.106074571609497070e+00 -3.160068511962890625e+00 -3.241222381591796875e+00 -3.346902370452880859e+00 -3.448751688003540039e+00 -3.557075023651123047e+00 -3.658119916915893555e+00 -3.754989147186279297e+00 -3.849723100662231445e+00 -3.936479568481445312e+00 -4.034632205963134766e+00 -4.118007659912109375e+00 -4.204764366149902344e+00 -4.284012317657470703e+00 -4.364227771759033203e+00 -4.451778888702392578e+00 -4.515885829925537109e+00 -4.559469699859619141e+00 -4.595851898193359375e+00 -4.638890266418457031e+00 -4.683135032653808594e+00 -4.755171775817871094e+00 -4.833624839782714844e+00 -4.921396255493164062e+00 -5.008794307708740234e+00 -5.089526653289794922e+00 -5.160816669464111328e+00 -5.208250522613525391e+00 -5.232853412628173828e+00 -5.227825641632080078e+00 -5.219685554504394531e+00 -5.208557128906250000e+00 -5.199363231658935547e+00 -5.188560485839843750e+00 -5.189068317413330078e+00 -5.189365386962890625e+00 -5.177624225616455078e+00 -5.152312278747558594e+00 -5.111304759979248047e+00 -5.066954612731933594e+00 -5.009570121765136719e+00 -4.932352542877197266e+00 -4.842924118041992188e+00 -4.741017341613769531e+00 -4.619305610656738281e+00 -4.501578330993652344e+00 -4.378669261932373047e+00 -4.272213459014892578e+00 -4.198395729064941406e+00 -4.151306152343750000e+00 -4.144669532775878906e+00 -4.192659378051757812e+00 -4.318086624145507812e+00 -4.499059677124023438e+00 -4.702231407165527344e+00 -4.930829524993896484e+00 -5.177202701568603516e+00 -5.420587539672851562e+00 -5.653620243072509766e+00 -5.853258132934570312e+00 -6.039958000183105469e+00 -6.205234527587890625e+00 -6.332059860229492188e+00 -6.438180446624755859e+00 -6.523395061492919922e+00 -6.595939636230468750e+00 -6.648420333862304688e+00 -6.679708003997802734e+00 -6.710219860076904297e+00 -6.731527805328369141e+00 -6.762058734893798828e+00 -6.801036834716796875e+00 -6.837782859802246094e+00 -6.873485088348388672e+00 -6.906687736511230469e+00 -6.933407306671142578e+00 -6.961179733276367188e+00 -6.980869770050048828e+00 -7.001392364501953125e+00 -7.023984432220458984e+00 -7.050751686096191406e+00 -7.104018211364746094e+00 -7.160386562347412109e+00 -7.242862224578857422e+00 -7.346655845642089844e+00 -7.456769943237304688e+00 -7.567065715789794922e+00 -7.664299488067626953e+00 -7.744246482849121094e+00 -7.822594165802001953e+00 -7.891480445861816406e+00 -7.962463855743408203e+00 -8.064274787902832031e+00 -8.186159133911132812e+00 -8.342452049255371094e+00 -8.529161453247070312e+00 -8.741575241088867188e+00 -8.943828582763671875e+00 -9.136628150939941406e+00 -9.328948974609375000e+00 -9.511272430419921875e+00 -9.669156074523925781e+00 -9.809035301208496094e+00 -9.928936958312988281e+00 -1.002501106262207031e+01 -1.009604167938232422e+01 -1.013330554962158203e+01 -1.014858055114746094e+01 -1.013234806060791016e+01 -1.010743808746337891e+01 -1.006742668151855469e+01 -1.000526332855224609e+01 -9.916591644287109375e+00 -9.801277160644531250e+00 -9.680877685546875000e+00 -9.550815582275390625e+00 -9.402144432067871094e+00 -9.249489784240722656e+00 -9.108443260192871094e+00 -8.989365577697753906e+00 -8.880007743835449219e+00 -8.788300514221191406e+00 -8.703727722167968750e+00 -8.620831489562988281e+00 -8.535769462585449219e+00 -8.442654609680175781e+00 -8.340240478515625000e+00 -8.243006706237792969e+00 -8.143369674682617188e+00 -8.054937362670898438e+00 -7.979711532592773438e+00 -7.920258998870849609e+00 -7.875439167022705078e+00 -7.857223987579345703e+00 -7.867365837097167969e+00 -7.888655185699462891e+00 -7.922968864440917969e+00 -7.972078800201416016e+00 -8.036272048950195312e+00 -8.105522155761718750e+00 -8.153329849243164062e+00 -8.199336051940917969e+00 -8.254690170288085938e+00 -8.300467491149902344e+00 -8.334110260009765625e+00 -8.362975120544433594e+00 -8.392290115356445312e+00 -8.427609443664550781e+00 -8.467161178588867188e+00 -8.506598472595214844e+00 -8.541630744934082031e+00 -8.593499183654785156e+00 -8.644753456115722656e+00 -8.697100639343261719e+00 -8.766915321350097656e+00 -8.824951171875000000e+00 -8.877489089965820312e+00 -8.926934242248535156e+00 -8.967462539672851562e+00 -8.990582466125488281e+00 -8.995025634765625000e+00 -8.984787940979003906e+00 -8.965346336364746094e+00 -8.937966346740722656e+00 -8.912502288818359375e+00 -8.876618385314941406e+00 -8.832383155822753906e+00 -8.785005569458007812e+00 -8.721645355224609375e+00 -8.650671958923339844e+00 -8.584141731262207031e+00 -8.506742477416992188e+00 -8.419584274291992188e+00 -8.341906547546386719e+00 -8.265052795410156250e+00 -8.185029029846191406e+00 -8.102150917053222656e+00 -8.026618957519531250e+00 -7.973084449768066406e+00 -7.920076847076416016e+00 -7.878436565399169922e+00 -7.843979358673095703e+00 -7.810690402984619141e+00 -7.805279254913330078e+00 -7.810767173767089844e+00 -7.818150997161865234e+00 -7.840014457702636719e+00 -7.883090972900390625e+00 -7.933292388916015625e+00 -7.985553264617919922e+00 -8.054563522338867188e+00 -8.128516197204589844e+00 -8.207983970642089844e+00 -8.272464752197265625e+00 -8.319477081298828125e+00 -8.357995033264160156e+00 -8.392911911010742188e+00 -8.456952095031738281e+00 -8.521786689758300781e+00 -8.605087280273437500e+00 -8.722929000854492188e+00 -8.834651947021484375e+00 -8.932718276977539062e+00 -9.022673606872558594e+00 -9.097861289978027344e+00 -9.152611732482910156e+00 -9.198972702026367188e+00 -9.241398811340332031e+00 -9.274524688720703125e+00 -9.294301033020019531e+00 -9.284848213195800781e+00 -9.237481117248535156e+00 -9.149662017822265625e+00 -9.024732589721679688e+00 -8.882047653198242188e+00 -8.708831787109375000e+00 -8.507891654968261719e+00 -8.288850784301757812e+00 -8.060031890869140625e+00 -7.840225219726562500e+00 -7.631316661834716797e+00 -7.452661514282226562e+00 -7.312888145446777344e+00 -7.206068515777587891e+00 -7.127126693725585938e+00 -7.077739238739013672e+00 -7.053931236267089844e+00 -7.041385650634765625e+00 -7.054036617279052734e+00 -7.076924800872802734e+00 -7.099143028259277344e+00 -7.132135391235351562e+00 -7.165529727935791016e+00 -7.218307495117187500e+00 -7.279905319213867188e+00 -7.361241340637207031e+00 -7.473356723785400391e+00 -7.589859008789062500e+00 -7.718494415283203125e+00 -7.868495941162109375e+00 -8.032488822937011719e+00 -8.192977905273437500e+00 -8.345785140991210938e+00 -8.483537673950195312e+00 -8.601351737976074219e+00 -8.690129280090332031e+00 -8.767682075500488281e+00 -8.830744743347167969e+00 -8.860424041748046875e+00 -8.856046676635742188e+00 -8.817317962646484375e+00 -8.743328094482421875e+00 -8.638509750366210938e+00 -8.512948036193847656e+00 -8.395220756530761719e+00 -8.271833419799804688e+00 -8.149431228637695312e+00 -8.048549652099609375e+00 -7.974204540252685547e+00 -7.941509723663330078e+00 -7.958029747009277344e+00 -8.018832206726074219e+00 -8.105905532836914062e+00 -8.211977958679199219e+00 -8.308904647827148438e+00 -8.376996040344238281e+00 -8.415839195251464844e+00 -8.425540924072265625e+00 -8.403753280639648438e+00 -8.337022781372070312e+00 -8.231169700622558594e+00 -8.102169990539550781e+00 -7.941116809844970703e+00 -7.750672340393066406e+00 -7.522869110107421875e+00 -7.280326843261718750e+00 -7.039211273193359375e+00 -6.800270080566406250e+00 -6.564632892608642578e+00 -6.336465358734130859e+00 -6.137516975402832031e+00 -5.968840599060058594e+00 -5.822190761566162109e+00 -5.716156959533691406e+00 -5.624851226806640625e+00 -5.531333923339843750e+00 -5.438390731811523438e+00 -5.357217788696289062e+00 -5.269389152526855469e+00 -5.174578666687011719e+00 -5.091988086700439453e+00 -5.010201930999755859e+00 -4.922306060791015625e+00 -4.793699264526367188e+00 -4.604040622711181641e+00 -4.356393337249755859e+00 -4.000873565673828125e+00 -3.529532194137573242e+00 -2.944178581237792969e+00 -2.272719860076904297e+00 -1.562542200088500977e+00 -7.854705452919006348e-01 3.349967300891876221e-02 8.603132963180541992e-01 1.672225356101989746e+00 2.486368894577026367e+00 3.305454015731811523e+00 4.148960113525390625e+00 5.047493934631347656e+00 5.986979007720947266e+00 6.954016208648681641e+00 7.963201045989990234e+00 8.976350784301757812e+00 9.974608421325683594e+00 1.095203590393066406e+01 1.190748500823974609e+01 1.276789474487304688e+01 1.351988506317138672e+01 1.414126682281494141e+01 1.464331150054931641e+01 1.499818992614746094e+01 1.521216392517089844e+01 1.529305934906005859e+01 1.529035854339599609e+01 1.526809310913085938e+01 1.527715206146240234e+01 1.530505847930908203e+01 1.537229824066162109e+01 1.548138713836669922e+01 1.562288475036621094e+01 1.578269195556640625e+01 1.592517566680908203e+01 1.602885437011718750e+01 1.608500480651855469e+01 1.606904792785644531e+01 1.600010490417480469e+01 1.588029003143310547e+01 1.572613143920898438e+01 1.554011249542236328e+01 1.532425117492675781e+01 1.505988311767578125e+01 1.470258235931396484e+01 1.420454978942871094e+01 1.355406475067138672e+01 1.274103164672851562e+01 1.178433704376220703e+01 1.070703315734863281e+01 9.516339302062988281e+00 8.223049163818359375e+00 6.824030399322509766e+00 5.384674549102783203e+00 3.899484157562255859e+00 2.397045850753784180e+00 9.035908579826354980e-01 -5.552920103073120117e-01 -2.006427288055419922e+00 -3.470385789871215820e+00 -4.944198608398437500e+00 -6.467629432678222656e+00 -7.991577148437500000e+00 -9.498574256896972656e+00 -1.095202636718750000e+01 -1.228692817687988281e+01 -1.351389980316162109e+01 -1.461397743225097656e+01 -1.560053253173828125e+01 -1.647235679626464844e+01 -1.720595932006835938e+01 -1.780334091186523438e+01 -1.830341339111328125e+01 -1.873234939575195312e+01 -1.910963630676269531e+01 -1.941821098327636719e+01 -1.966567611694335938e+01 -1.985555458068847656e+01 -1.997942161560058594e+01 -2.002232551574707031e+01 -1.999516677856445312e+01 -1.992574501037597656e+01 -1.987326431274414062e+01 -1.984387016296386719e+01 -1.987929725646972656e+01 -1.998223686218261719e+01 -2.011183929443359375e+01 -2.027793121337890625e+01 -2.048704147338867188e+01 -2.074692535400390625e+01 -2.105750274658203125e+01 -2.140465164184570312e+01 -2.179266548156738281e+01 -2.218864631652832031e+01 -2.260862922668457031e+01 -2.306488609313964844e+01 -2.357847213745117188e+01 -2.415711212158203125e+01 -2.483967018127441406e+01 -2.564115142822265625e+01 -2.652616691589355469e+01 -2.744561576843261719e+01 -2.833489799499511719e+01 -2.913788414001464844e+01 -2.981882476806640625e+01 -3.039942741394042969e+01 -3.086933326721191406e+01 -3.125816917419433594e+01 -3.158316993713378906e+01 -3.187783813476562500e+01 -3.215011596679687500e+01 -3.237320709228515625e+01 -3.254098510742187500e+01 -3.262156295776367188e+01 -3.262411117553710938e+01 -3.258198165893554688e+01 -3.250721740722656250e+01 -3.237278747558593750e+01 -3.220737457275390625e+01 -3.204012680053710938e+01 -3.186818313598632812e+01 -3.170420074462890625e+01 -3.153371429443359375e+01 -3.136080551147460938e+01 -3.118761825561523438e+01 -3.101020622253417969e+01 -3.084743118286132812e+01 -3.067876434326171875e+01 -3.052382087707519531e+01 -3.038548469543457031e+01 -3.028716850280761719e+01 -3.022269821166992188e+01 -3.019301033020019531e+01 -3.019802665710449219e+01 -3.021942138671875000e+01 -3.024613189697265625e+01 -3.027268028259277344e+01 -3.029770278930664062e+01 -3.031388854980468750e+01 -3.033491706848144531e+01 -3.036073875427246094e+01 -3.039497375488281250e+01 -3.043861770629882812e+01 -3.047709655761718750e+01 -3.050019454956054688e+01 -3.048978424072265625e+01 -3.043873023986816406e+01 -3.036690521240234375e+01 -3.026336097717285156e+01 -3.017543601989746094e+01 -3.006686401367187500e+01 -2.992982101440429688e+01 -2.977742385864257812e+01 -2.958812904357910156e+01 -2.934934997558593750e+01 -2.905979537963867188e+01 -2.873015213012695312e+01 -2.838241767883300781e+01 -2.802547073364257812e+01 -2.766717338562011719e+01 -2.730932807922363281e+01 -2.695141410827636719e+01 -2.659434127807617188e+01 -2.621379852294921875e+01 -2.580679321289062500e+01 -2.537203598022460938e+01 -2.492808341979980469e+01 -2.448435211181640625e+01 -2.405926513671875000e+01 -2.365853309631347656e+01 -2.325452804565429688e+01 -2.284976387023925781e+01 -2.242983055114746094e+01 -2.200058746337890625e+01 -2.160887718200683594e+01 -2.126125717163085938e+01 -2.096145629882812500e+01 -2.069409942626953125e+01 -2.045786857604980469e+01 -2.022498130798339844e+01 -1.999820137023925781e+01 -1.977783966064453125e+01 -1.954519844055175781e+01 -1.929975509643554688e+01 -1.901565933227539062e+01 -1.869124603271484375e+01 -1.837296104431152344e+01 -1.804076957702636719e+01 -1.770283126831054688e+01 -1.737762260437011719e+01 -1.711704826354980469e+01 -1.688801956176757812e+01 -1.669091796875000000e+01 -1.652401351928710938e+01 -1.635351943969726562e+01 -1.616732597351074219e+01 -1.596876049041748047e+01 -1.571802997589111328e+01 -1.539452552795410156e+01 -1.500971031188964844e+01 -1.455342292785644531e+01 -1.404245281219482422e+01 -1.349100112915039062e+01 -1.291439056396484375e+01 -1.230751895904541016e+01 -1.168031406402587891e+01 -1.104824542999267578e+01 -1.042693901062011719e+01 -9.816169738769531250e+00 -9.224965095520019531e+00 -8.643710136413574219e+00 -8.072960853576660156e+00 -7.517505645751953125e+00 -6.969933032989501953e+00 -6.421373367309570312e+00 -5.888759136199951172e+00 -5.370318889617919922e+00 -4.862164020538330078e+00 -4.365635395050048828e+00 -3.887829065322875977e+00 -3.392784833908081055e+00 -2.847136735916137695e+00 -2.265517950057983398e+00 -1.668011546134948730e+00 -1.044283747673034668e+00 -7.235660552978515625e-01 2.668864428997039795e-01 6.038655638694763184e-01 1.290197014808654785e+00 1.990184903144836426e+00 2.709786176681518555e+00 3.458644628524780273e+00 4.215222358703613281e+00 4.969854831695556641e+00 5.725225448608398438e+00 6.453321933746337891e+00 7.132805824279785156e+00 7.765382289886474609e+00 8.328805923461914062e+00 9.033006668090820312e+00 9.222887039184570312e+00 9.540165901184082031e+00 9.773313522338867188e+00 9.961880683898925781e+00 1.010490036010742188e+01 1.021317577362060547e+01 1.030100440979003906e+01 1.039344024658203125e+01 1.041935539245605469e+01 1.046764183044433594e+01 1.050320053100585938e+01 1.052525615692138672e+01 1.053290748596191406e+01 1.052998638153076172e+01 1.053393173217773438e+01 1.054818248748779297e+01 1.057476711273193359e+01 1.062736320495605469e+01 1.072073745727539062e+01 1.085905456542968750e+01 1.104786109924316406e+01 1.129132366180419922e+01 1.159116363525390625e+01 1.195535087585449219e+01 1.236560153961181641e+01 1.282406234741210938e+01 1.331302547454833984e+01 1.379135799407958984e+01 1.423266696929931641e+01 1.462016391754150391e+01 1.493990516662597656e+01 1.518289756774902344e+01 1.538282203674316406e+01 1.552899360656738281e+01 1.563113021850585938e+01 1.568636894226074219e+01 1.570038986206054688e+01 1.567692661285400391e+01 1.563094806671142578e+01 1.555623912811279297e+01 1.546213722229003906e+01 1.537903976440429688e+01 1.528603935241699219e+01 1.518752288818359375e+01 1.506684589385986328e+01 1.492406463623046875e+01 1.475118446350097656e+01 1.453674983978271484e+01 1.429267597198486328e+01 1.402382659912109375e+01 1.372957801818847656e+01 1.343576145172119141e+01 1.313883304595947266e+01 1.285491847991943359e+01 1.257267093658447266e+01 1.226562881469726562e+01 1.194849300384521484e+01 1.162159824371337891e+01 1.128092288970947266e+01 1.091535758972167969e+01 1.052525615692138672e+01 1.012398719787597656e+01 9.675965309143066406e+00 9.193025588989257812e+00 8.681854248046875000e+00 8.160243988037109375e+00 7.622285842895507812e+00 7.062004566192626953e+00 6.493075370788574219e+00 5.934019565582275391e+00 5.371343612670898438e+00 4.833194255828857422e+00 4.318948268890380859e+00 3.827935695648193359e+00 3.354238271713256836e+00 2.908830642700195312e+00 2.470940589904785156e+00 2.048526763916015625e+00 1.654278397560119629e+00 1.294353246688842773e+00 9.784815311431884766e-01 7.025641202926635742e-01 4.405426979064941406e-01 1.788851767778396606e-01 -9.346006065607070923e-02 -3.946314752101898193e-01 -7.377397418022155762e-01 -1.129488706588745117e+00 -1.555637359619140625e+00 -2.020821094512939453e+00 -2.504028558731079102e+00 -2.988365888595581055e+00 -3.445600986480712891e+00 -3.864710807800292969e+00 -4.226091861724853516e+00 -4.543591499328613281e+00 -4.815266132354736328e+00 -5.088913917541503906e+00 -5.390947341918945312e+00 -5.744637966156005859e+00 -6.153385639190673828e+00 -6.616261482238769531e+00 -7.138436794281005859e+00 -7.725543022155761719e+00 -8.337224006652832031e+00 -8.944412231445312500e+00 -9.530216217041015625e+00 -1.008525848388671875e+01 -1.062052536010742188e+01 -1.113561439514160156e+01 -1.161298942565917969e+01 -1.205169296264648438e+01 -1.245912933349609375e+01 -1.286167049407958984e+01 -1.327481460571289062e+01 -1.372399520874023438e+01 -1.421140670776367188e+01 -1.473344802856445312e+01 -1.526250839233398438e+01 -1.578975105285644531e+01 -1.629192924499511719e+01 -1.677767562866210938e+01 -1.724713134765625000e+01 -1.768529701232910156e+01 -1.807765960693359375e+01 -1.841015625000000000e+01 -1.868703079223632812e+01 -1.888313674926757812e+01 -1.903322219848632812e+01 -1.913292694091796875e+01 -1.920760726928710938e+01 -1.927368736267089844e+01 -1.931924438476562500e+01 -1.932024955749511719e+01 -1.925035858154296875e+01 -1.914176750183105469e+01 -1.901994895935058594e+01 -1.890609169006347656e+01 -1.881680679321289062e+01 -1.873133468627929688e+01 -1.863425445556640625e+01 -1.853599548339843750e+01 -1.844576454162597656e+01 -1.835388374328613281e+01 -1.825359535217285156e+01 -1.814036941528320312e+01 -1.804319381713867188e+01 -1.796553230285644531e+01 -1.792490959167480469e+01 -1.791682624816894531e+01 -1.791877174377441406e+01 -1.793623733520507812e+01 -1.796651077270507812e+01 -1.802622222900390625e+01 -1.812015151977539062e+01 -1.826660919189453125e+01 -1.844910621643066406e+01 -1.869655990600585938e+01 -1.898882675170898438e+01 -1.931360435485839844e+01 -1.965938568115234375e+01 -2.000063514709472656e+01 -2.032862091064453125e+01 -2.065739250183105469e+01 -2.098560905456542969e+01 -2.130467033386230469e+01 -2.163590240478515625e+01 -2.195581626892089844e+01 -2.224892425537109375e+01 -2.253128623962402344e+01 -2.278996467590332031e+01 -2.301985740661621094e+01 -2.321416091918945312e+01 -2.335452651977539062e+01 -2.344600677490234375e+01 -2.347406578063964844e+01 -2.346453666687011719e+01 -2.341814613342285156e+01 -2.332486915588378906e+01 -2.315208435058593750e+01 -2.291275024414062500e+01 -2.260975074768066406e+01 -2.224748611450195312e+01 -2.186462593078613281e+01 -2.147051239013671875e+01 -2.107395553588867188e+01 -2.069685935974121094e+01 -2.034178924560546875e+01 -2.000917816162109375e+01 -1.970071601867675781e+01 -1.938678932189941406e+01 -1.907343673706054688e+01 -1.874318885803222656e+01 -1.838636779785156250e+01 -1.802737998962402344e+01 -1.765921020507812500e+01 -1.730329895019531250e+01 -1.697254371643066406e+01 -1.667506790161132812e+01 -1.641388130187988281e+01 -1.620310401916503906e+01 -1.603144073486328125e+01 -1.589051723480224609e+01 -1.575640392303466797e+01 -1.561655330657958984e+01 -1.547452068328857422e+01 -1.534493637084960938e+01 -1.525273132324218750e+01 -1.519041538238525391e+01 -1.513845157623291016e+01 -1.507598114013671875e+01 -1.499388027191162109e+01 -1.490302467346191406e+01 -1.477305793762207031e+01 -1.462042331695556641e+01 -1.446104526519775391e+01 -1.430289363861083984e+01 -1.412634563446044922e+01 -1.393635177612304688e+01 -1.373299694061279297e+01 -1.350231170654296875e+01 -1.326354217529296875e+01 -1.300632858276367188e+01 -1.273900127410888672e+01 -1.247623348236083984e+01 -1.221267032623291016e+01 -1.194085121154785156e+01 -1.165742588043212891e+01 -1.137722778320312500e+01 -1.111901760101318359e+01 -1.088245105743408203e+01 -1.065609359741210938e+01 -1.044775962829589844e+01 -1.025490188598632812e+01 -1.007474327087402344e+01 -9.910913467407226562e+00 -9.775879859924316406e+00 -9.664147377014160156e+00 -9.570773124694824219e+00 -9.514960289001464844e+00 -9.482302665710449219e+00 -9.463408470153808594e+00 -9.466377258300781250e+00 -9.485721588134765625e+00 -9.504090309143066406e+00 -9.537101745605468750e+00 -9.567842483520507812e+00 -9.607252120971679688e+00 -9.654197692871093750e+00 -9.703862190246582031e+00 -9.747493743896484375e+00 -9.793003082275390625e+00 -9.838100433349609375e+00 -9.881722450256347656e+00 -9.920948982238769531e+00 -9.935304641723632812e+00 -9.941644668579101562e+00 -9.942276954650878906e+00 -9.917693138122558594e+00 -9.889604568481445312e+00 -9.863746643066406250e+00 -9.835562705993652344e+00 -9.773370742797851562e+00 -9.684757232666015625e+00 -9.574795722961425781e+00 -9.471826553344726562e+00 -9.358225822448730469e+00 -9.219888687133789062e+00 -9.059505462646484375e+00 -8.860240936279296875e+00 -8.642014503479003906e+00 -8.419957160949707031e+00 -8.194308280944824219e+00 -7.970795631408691406e+00 -7.778675079345703125e+00 -7.589647769927978516e+00 -7.431477546691894531e+00 -7.294739723205566406e+00 -7.158615112304687500e+00 -7.046384811401367188e+00 -6.969904422760009766e+00 -6.927861690521240234e+00 -6.920190811157226562e+00 -6.935197830200195312e+00 -6.974405288696289062e+00 -7.031013488769531250e+00 -7.092707633972167969e+00 -7.168920040130615234e+00 -7.257802009582519531e+00 -7.355744361877441406e+00 -7.454500198364257812e+00 -7.530731678009033203e+00 -7.603678226470947266e+00 -7.665936946868896484e+00 -7.733942031860351562e+00 -7.803258895874023438e+00 -7.857904434204101562e+00 -7.924041271209716797e+00 -7.987449645996093750e+00 -8.052475929260253906e+00 -8.098464012145996094e+00 -8.133457183837890625e+00 -8.169610023498535156e+00 -8.214534759521484375e+00 -8.245228767395019531e+00 -8.262610435485839844e+00 -8.278823852539062500e+00 -8.287433624267578125e+00 -8.291944503784179688e+00 -8.292624473571777344e+00 -8.280241012573242188e+00 -8.263750076293945312e+00 -8.230710029602050781e+00 -8.158673286437988281e+00 -8.076188087463378906e+00 -7.987622261047363281e+00 -7.887429237365722656e+00 -7.787983894348144531e+00 -7.684736251831054688e+00 -7.600402832031250000e+00 -7.532551288604736328e+00 -7.477925300598144531e+00 -7.445258617401123047e+00 -7.431793689727783203e+00 -7.441935539245605469e+00 -7.479351997375488281e+00 -7.527925968170166016e+00 -7.603888511657714844e+00 -7.694054603576660156e+00 -7.784536361694335938e+00 -7.851468086242675781e+00 -7.909925460815429688e+00 -7.968219280242919922e+00 -8.008547782897949219e+00 -8.046088218688964844e+00 -8.081455230712890625e+00 -8.115433692932128906e+00 -8.149728775024414062e+00 -8.176964759826660156e+00 -8.213242530822753906e+00 -8.249221801757812500e+00 -8.299892425537109375e+00 -8.356147766113281250e+00 -8.418807983398437500e+00 -8.498161315917968750e+00 -8.579142570495605469e+00 -8.666837692260742188e+00 -8.745520591735839844e+00 -8.809494018554687500e+00 -8.838866233825683594e+00 -8.847198486328125000e+00 -8.832315444946289062e+00 -8.799237251281738281e+00 -8.746948242187500000e+00 -8.710947990417480469e+00 -8.678559303283691406e+00 -8.651285171508789062e+00 -8.639486312866210938e+00 -8.638365745544433594e+00 -8.641104698181152344e+00 -8.627419471740722656e+00 -8.602290153503417969e+00 -8.576308250427246094e+00 -8.537962913513183594e+00 -8.508351325988769531e+00 -8.493458747863769531e+00 -8.484341621398925781e+00 -8.482302665710449219e+00 -8.483719825744628906e+00 -8.476278305053710938e+00 -8.459308624267578125e+00 -8.450488090515136719e+00 -8.448793411254882812e+00 -8.442778587341308594e+00 -8.440729141235351562e+00 -8.433556556701660156e+00 -8.422867774963378906e+00 -8.427685737609863281e+00 -8.416806221008300781e+00 -8.410083770751953125e+00 -8.413483619689941406e+00 -8.429657936096191406e+00 -8.448773384094238281e+00 -8.468214988708496094e+00 -8.495547294616699219e+00 -8.510840415954589844e+00 -8.532561302185058594e+00 -8.545307159423828125e+00 -8.545203208923339844e+00 -8.537397384643554688e+00 -8.534667968750000000e+00 -8.540911674499511719e+00 -8.533940315246582031e+00 -8.554127693176269531e+00 -8.590931892395019531e+00 -8.637657165527343750e+00 -8.682821273803710938e+00 -8.747092247009277344e+00 -8.799840927124023438e+00 -8.837736129760742188e+00 -8.846527099609375000e+00 -8.839449882507324219e+00 -8.814856529235839844e+00 -8.799169540405273438e+00 -8.776300430297851562e+00 -8.766484260559082031e+00 -8.766877174377441406e+00 -8.743328094482421875e+00 -8.706341743469238281e+00 -8.660402297973632812e+00 -8.618762016296386719e+00 -8.580800056457519531e+00 -8.536162376403808594e+00 -8.510955810546875000e+00 -8.479496002197265625e+00 -8.449424743652343750e+00 -8.415839195251464844e+00 -8.380873680114746094e+00 -8.356511116027832031e+00 -8.335422515869140625e+00 -8.322771072387695312e+00 -8.322158813476562500e+00 -8.309335708618164062e+00 -8.308234214782714844e+00 -8.329456329345703125e+00 -8.366058349609375000e+00 -8.415982246398925781e+00 -8.458963394165039062e+00 -8.510150909423828125e+00 -8.569920539855957031e+00 -8.654885292053222656e+00 -8.731451988220214844e+00 -8.798719406127929688e+00 -8.856611251831054688e+00 -8.920670509338378906e+00 -8.962119102478027344e+00 -8.989787101745605469e+00 -9.015501022338867188e+00 -9.035899162292480469e+00 -9.050446510314941406e+00 -9.078640937805175781e+00 -9.102150917053222656e+00 -9.119092941284179688e+00 -9.125049591064453125e+00 -9.112589836120605469e+00 -9.091492652893066406e+00 -9.066908836364746094e+00 -9.037019729614257812e+00 -8.999114036560058594e+00 -8.953586578369140625e+00 -8.916753768920898438e+00 -8.863851547241210938e+00 -8.811342239379882812e+00 -8.752003669738769531e+00 -8.679882049560546875e+00 -8.618925094604492188e+00 -8.569911003112792969e+00 -8.522974967956542969e+00 -8.495536804199218750e+00 -8.465926170349121094e+00 -8.441409111022949219e+00 -8.439311981201171875e+00 -8.450449943542480469e+00 -8.502155303955078125e+00 -8.560650825500488281e+00 -8.627208709716796875e+00 -8.701410293579101562e+00 -8.774097442626953125e+00 -8.859417915344238281e+00 -8.953748703002929688e+00 -9.044049263000488281e+00 -9.131007194519042969e+00 -9.220731735229492188e+00 -9.288132667541503906e+00 -9.347087860107421875e+00 -9.397758483886718750e+00 -9.445662498474121094e+00 -9.500719070434570312e+00 -9.543661117553710938e+00 -9.585206031799316406e+00 -9.622018814086914062e+00 -9.649293899536132812e+00 -9.661906242370605469e+00 -9.670831680297851562e+00 -9.669864654541015625e+00 -9.657510757446289062e+00 -9.637820243835449219e+00 -9.614443778991699219e+00 -9.574843406677246094e+00 -9.528798103332519531e+00 -9.476393699645996094e+00 -9.409480094909667969e+00 -9.331085205078125000e+00 -9.240573883056640625e+00 -9.149518966674804688e+00 -9.065558433532714844e+00 -8.984931945800781250e+00 -8.905041694641113281e+00 -8.846642494201660156e+00 -8.802905082702636719e+00 -8.764501571655273438e+00 -8.727497100830078125e+00 -8.709790229797363281e+00 -8.664989471435546875e+00 -8.601179122924804688e+00 -8.556359291076660156e+00 -8.555660247802734375e+00 -8.576902389526367188e+00 -8.624881744384765625e+00 -8.705412864685058594e+00 -8.793979644775390625e+00 -8.876991271972656250e+00 -8.944555282592773438e+00 -8.989346504211425781e+00 -9.032384872436523438e+00 -9.052083969116210938e+00 -9.070614814758300781e+00 -9.071189880371093750e+00 -9.060492515563964844e+00 -9.042478561401367188e+00 -9.023746490478515625e+00 -9.009687423706054688e+00 -8.993176460266113281e+00 -8.981551170349121094e+00 -8.948807716369628906e+00 -8.901335716247558594e+00 -8.862616539001464844e+00 -8.814886093139648438e+00 -8.753344535827636719e+00 -8.682993888854980469e+00 -8.617967605590820312e+00 -8.555995941162109375e+00 -8.508648872375488281e+00 -8.474219322204589844e+00 -8.437712669372558594e+00 -8.403792381286621094e+00 -8.388584136962890625e+00 -8.376430511474609375e+00 -8.367227554321289062e+00 -8.345458984375000000e+00 -8.331630706787109375e+00 -8.316661834716796875e+00 -8.309057235717773438e+00 -8.279800415039062500e+00 -8.252238273620605469e+00 -8.224561691284179688e+00 -8.200610160827636719e+00 -8.204191207885742188e+00 -8.213864326477050781e+00 -8.225481033325195312e+00 -8.254652023315429688e+00 -8.282060623168945312e+00 -8.305332183837890625e+00 -8.339406967163085938e+00 -8.360581398010253906e+00 -8.383651733398437500e+00 -8.392290115356445312e+00 -8.400353431701660156e+00 -8.405533790588378906e+00 -8.411817550659179688e+00 -8.423510551452636719e+00 -8.452613830566406250e+00 -8.475206375122070312e+00 -8.491371154785156250e+00 -8.502231597900390625e+00 -8.517372131347656250e+00 -8.516788482666015625e+00 -8.508772850036621094e+00 -8.498064994812011719e+00 -8.483518600463867188e+00 -8.471202850341796875e+00 -8.454654693603515625e+00 -8.435816764831542969e+00 -8.434284210205078125e+00 -8.459480285644531250e+00 -8.498094558715820312e+00 -8.549541473388671875e+00 -8.581949234008789062e+00 -8.585453987121582031e+00 -8.596831321716308594e+00 -8.612212181091308594e+00 -8.630091667175292969e+00 -8.649015426635742188e+00 -8.681164741516113281e+00 -8.731184959411621094e+00 -8.789392471313476562e+00 -8.843779563903808594e+00 -8.905271530151367188e+00 -8.953778266906738281e+00 -9.012513160705566406e+00 -9.063949584960937500e+00 -9.116325378417968750e+00 -9.185412406921386719e+00 -9.233076095581054688e+00 -9.268395423889160156e+00 -9.291533470153808594e+00 -9.313215255737304688e+00 -9.325061798095703125e+00 -9.318387031555175781e+00 -9.285355567932128906e+00 -9.263205528259277344e+00 -9.229091644287109375e+00 -9.185939788818359375e+00 -9.161096572875976562e+00 -9.111536979675292969e+00 -9.059563636779785156e+00 -8.992228507995605469e+00 -8.913843154907226562e+00 -8.849649429321289062e+00 -8.787898063659667969e+00 -8.720726966857910156e+00 -8.650279045104980469e+00 -8.579430580139160156e+00 -8.511328697204589844e+00 -8.451522827148437500e+00 -8.398036003112792969e+00 -8.348686218261718750e+00 -8.289529800415039062e+00 -8.250361442565917969e+00 -8.235842704772949219e+00 -8.243417739868164062e+00 -8.275069236755371094e+00 -8.280968666076660156e+00 -8.294634819030761719e+00 -8.327177047729492188e+00 -8.368855476379394531e+00 -8.420713424682617188e+00 -8.480741500854492188e+00 -8.529965400695800781e+00 -8.604252815246582031e+00 -8.688222885131835938e+00 -8.787859916687011719e+00 -8.879481315612792969e+00 -8.989432334899902344e+00 -9.100131034851074219e+00 -9.207812309265136719e+00 -9.315177917480468750e+00 -9.415705680847167969e+00 -9.490893363952636719e+00 -9.551428794860839844e+00 -9.607634544372558594e+00 -9.646621704101562500e+00 -9.667163848876953125e+00 -9.667528152465820312e+00 -9.638116836547851562e+00 -9.573714256286621094e+00 -9.481364250183105469e+00 -9.387330055236816406e+00 -9.292212486267089844e+00 -9.179378509521484375e+00 -9.063940048217773438e+00 -8.935333251953125000e+00 -8.772087097167968750e+00 -8.595097541809082031e+00 -8.411242485046386719e+00 -8.218749046325683594e+00 -8.016898155212402344e+00 -7.830457210540771484e+00 -7.664672851562500000e+00 -7.515676975250244141e+00 -7.393390655517578125e+00 -7.323451042175292969e+00 -7.288955688476562500e+00 -7.238389968872070312e+00 -7.182451725006103516e+00 -7.133926391601562500e+00 -7.102341651916503906e+00 -7.107264041900634766e+00 -7.119340896606445312e+00 -7.161507129669189453e+00 -7.224465370178222656e+00 -7.285249710083007812e+00 -7.351722240447998047e+00 -7.417323112487792969e+00 -7.506444931030273438e+00 -7.605957508087158203e+00 -7.721760272979736328e+00 -7.824777603149414062e+00 -7.920191287994384766e+00 -8.010079383850097656e+00 -8.078132629394531250e+00 -8.129397392272949219e+00 -8.175671577453613281e+00 -8.228297233581542969e+00 -8.264439582824707031e+00 -8.268480300903320312e+00 -8.262016296386718750e+00 -8.248972892761230469e+00 -8.227291107177734375e+00 -8.173910140991210938e+00 -8.122702598571777344e+00 -8.071026802062988281e+00 -8.011065483093261719e+00 -7.947887897491455078e+00 -7.859378814697265625e+00 -7.764060974121093750e+00 -7.670562267303466797e+00 -7.582101345062255859e+00 -7.481238842010498047e+00 -7.408799648284912109e+00 -7.352861404418945312e+00 -7.320693016052246094e+00 -7.307343006134033203e+00 -7.305906295776367188e+00 -7.332674026489257812e+00 -7.374744415283203125e+00 -7.431716918945312500e+00 -7.517429351806640625e+00 -7.603151321411132812e+00 -7.717689990997314453e+00 -7.836940288543701172e+00 -7.962999820709228516e+00 -8.091779708862304688e+00 -8.216430664062500000e+00 -8.323211669921875000e+00 -8.403973579406738281e+00 -8.458992004394531250e+00 -8.507633209228515625e+00 -8.548027992248535156e+00 -8.579066276550292969e+00 -8.606790542602539062e+00 -8.631586074829101562e+00 -8.651581764221191406e+00 -8.660573959350585938e+00 -8.667124748229980469e+00 -8.668389320373535156e+00 -8.646553993225097656e+00 -8.613849639892578125e+00 -8.550776481628417969e+00 -8.479075431823730469e+00 -8.413751602172851562e+00 -8.366958618164062500e+00 -8.324572563171386719e+00 -8.271583557128906250e+00 -8.197612762451171875e+00 -8.126495361328125000e+00 -8.048750877380371094e+00 -7.963986396789550781e+00 -7.876425743103027344e+00 -7.794630050659179688e+00 -7.735215663909912109e+00 -7.700882911682128906e+00 -7.685166835784912109e+00 -7.688691616058349609e+00 -7.681872367858886719e+00 -7.667440414428710938e+00 -7.637378692626953125e+00 -7.603917598724365234e+00 -7.574899673461914062e+00 -7.560860157012939453e+00 -7.535788059234619141e+00 -7.492912769317626953e+00 -7.445622444152832031e+00 -7.396675109863281250e+00 -7.350371360778808594e+00 -7.302248001098632812e+00 -7.287116527557373047e+00 -7.292824745178222656e+00 -7.294356822967529297e+00 -7.293772697448730469e+00 -7.289214134216308594e+00 -7.290018558502197266e+00 -7.291014671325683594e+00 -7.286705017089843750e+00 -7.279503345489501953e+00 -7.270711898803710938e+00 -7.273374080657958984e+00 -7.285297393798828125e+00 -7.318270206451416016e+00 -7.351540088653564453e+00 -7.388314723968505859e+00 -7.416987895965576172e+00 -7.444118976593017578e+00 -7.473174571990966797e+00 -7.486371994018554688e+00 -7.483029365539550781e+00 -7.488536357879638672e+00 -7.519756317138671875e+00 -7.569642066955566406e+00 -7.714586734771728516e+00 -8.343831062316894531e+00 -9.517909049987792969e+00 -1.098947143554687500e+01 -1.209005737304687500e+01 -1.211333847045898438e+01 -1.145524024963378906e+01 -1.089741992950439453e+01 -1.092503929138183594e+01 -1.141759395599365234e+01 -1.157061100006103516e+01 -1.086130523681640625e+01 -9.674613952636718750e+00 -8.555306434631347656e+00 -7.744370937347412109e+00 -7.301731109619140625e+00 -7.172970771789550781e+00 -7.219150543212890625e+00 -7.277070999145507812e+00 -7.222186088562011719e+00 -7.102370738983154297e+00 -6.909024238586425781e+00 -6.666357994079589844e+00 -6.524802684783935547e+00 -6.545392990112304688e+00 -6.675101757049560547e+00 -6.853268146514892578e+00 -7.028782367706298828e+00 -7.154094696044921875e+00 -7.219026088714599609e+00 -7.227242469787597656e+00 -7.205761909484863281e+00 -7.159831523895263672e+00 -7.101671218872070312e+00 -7.035121917724609375e+00 -6.988176822662353516e+00 -6.955232620239257812e+00 -6.946977615356445312e+00 -6.953307628631591797e+00 -6.926789760589599609e+00 -6.773952960968017578e+00 -6.619058132171630859e+00 -6.519238948822021484e+00 -6.440364360809326172e+00 -6.365741729736328125e+00 -6.284300804138183594e+00 -6.208433151245117188e+00 -6.119483947753906250e+00 -6.033454895019531250e+00 -5.954140186309814453e+00 -5.903450012207031250e+00 -5.876223087310791016e+00 -5.869376182556152344e+00 -5.872861862182617188e+00 -5.881605625152587891e+00 -5.915689468383789062e+00 -5.962395668029785156e+00 -6.027479648590087891e+00 -6.078150272369384766e+00 -6.123132228851318359e+00 -6.155377388000488281e+00 -6.192708015441894531e+00 -6.234606266021728516e+00 -6.265012741088867188e+00 -6.269906520843505859e+00 -6.234635353088378906e+00 -6.177787780761718750e+00 -6.087755680084228516e+00 -5.983005046844482422e+00 -5.911666870117187500e+00 -5.908401489257812500e+00 -5.983531475067138672e+00 -6.093626499176025391e+00 -6.206077098846435547e+00 -6.320022106170654297e+00 -6.419036388397216797e+00 -6.500545024871826172e+00 -6.547298908233642578e+00 -6.566634178161621094e+00 -6.585950851440429688e+00 -6.586468219757080078e+00 -6.544349193572998047e+00 -6.463971138000488281e+00 -6.363788127899169922e+00 -6.281676769256591797e+00 -6.259793281555175781e+00 -6.281753540039062500e+00 -6.349020481109619141e+00 -6.435547351837158203e+00 -6.498591423034667969e+00 -6.550947666168212891e+00 -6.617018222808837891e+00 -6.675656795501708984e+00 -6.746094226837158203e+00 -6.816512584686279297e+00 -6.886988162994384766e+00 -6.980965137481689453e+00 -7.094469547271728516e+00 -7.215080261230468750e+00 -7.333430290222167969e+00 -7.420694351196289062e+00 -7.521307945251464844e+00 -7.608696460723876953e+00 -7.618435859680175781e+00 -7.560822010040283203e+00 -7.493238449096679688e+00 -7.431516170501708984e+00 -7.384943962097167969e+00 -7.346004486083984375e+00 -7.303109645843505859e+00 -7.237135410308837891e+00 -7.147103786468505859e+00 -7.054610729217529297e+00 -6.967280387878417969e+00 -6.886633872985839844e+00 -6.821377277374267578e+00 -6.753563880920410156e+00 -6.680196285247802734e+00 -6.637703895568847656e+00 -6.584868431091308594e+00 -6.521939277648925781e+00 -6.466231346130371094e+00 -6.426995277404785156e+00 -6.375510215759277344e+00 -6.313097953796386719e+00 -6.249632835388183594e+00 -6.184060096740722656e+00 -6.144517421722412109e+00 -6.138225555419921875e+00 -6.152494907379150391e+00 -6.184769153594970703e+00 -6.201835155487060547e+00 -6.230038642883300781e+00 -6.258807182312011719e+00 -6.285641670227050781e+00 -6.307476520538330078e+00 -6.331274986267089844e+00 -6.385001182556152344e+00 -6.481496810913085938e+00 -6.576220512390136719e+00 -6.660554409027099609e+00 -6.759808063507080078e+00 -6.869328498840332031e+00 -7.028073787689208984e+00 -7.209295749664306641e+00 -7.258970737457275391e+00 -7.239539146423339844e+00 -7.225020885467529297e+00 -7.234606742858886719e+00 -7.261154174804687500e+00 -7.298283100128173828e+00 -7.338467597961425781e+00 -7.356357097625732422e+00 -7.362102985382080078e+00 -7.354211807250976562e+00 -7.334138870239257812e+00 -7.289290428161621094e+00 -7.216114044189453125e+00 -7.128304481506347656e+00 -7.049353599548339844e+00 -6.974491596221923828e+00 -6.907760143280029297e+00 -6.826347827911376953e+00 -6.743422508239746094e+00 -6.672534465789794922e+00 -6.603802204132080078e+00 -6.549156665802001953e+00 -6.516155242919921875e+00 -6.496216297149658203e+00 -6.493563652038574219e+00 -6.499682903289794922e+00 -6.514258861541748047e+00 -6.536065578460693359e+00 -6.563493251800537109e+00 -6.573414802551269531e+00 -6.581536293029785156e+00 -6.595537185668945312e+00 -6.644148826599121094e+00 -6.715812683105468750e+00 -6.813591957092285156e+00 -6.889047145843505859e+00 -6.945301055908203125e+00 -6.993262290954589844e+00 -7.027546882629394531e+00 -7.063708782196044922e+00 -7.110367298126220703e+00 -7.158059597015380859e+00 -7.205589294433593750e+00 -7.232260704040527344e+00 -7.236436367034912109e+00 -7.247258186340332031e+00 -7.255436420440673828e+00 -7.258597373962402344e+00 -7.252755165100097656e+00 -7.250926494598388672e+00 -7.246606826782226562e+00 -7.265559673309326172e+00 -7.301682949066162109e+00 -7.316134452819824219e+00 -7.300103187561035156e+00 -7.255091667175292969e+00 -7.192153453826904297e+00 -7.122625350952148438e+00 -7.059907436370849609e+00 -7.014168262481689453e+00 -6.954341888427734375e+00 -6.911677360534667969e+00 -6.851037025451660156e+00 -6.787322044372558594e+00 -6.719135761260986328e+00 -6.620034694671630859e+00 -6.525741577148437500e+00 -6.442653179168701172e+00 -6.368145465850830078e+00 -6.297871112823486328e+00 -6.238523483276367188e+00 -6.181503295898437500e+00 -6.123975276947021484e+00 -6.063469409942626953e+00 -6.003173351287841797e+00 -5.956955432891845703e+00 -5.943548202514648438e+00 -5.960365295410156250e+00 -5.976549625396728516e+00 -5.988309860229492188e+00 -6.003499031066894531e+00 -6.039603710174560547e+00 -6.104525089263916016e+00 -6.186080932617187500e+00 -6.289567947387695312e+00 -6.409536838531494141e+00 -6.523883819580078125e+00 -6.635003566741943359e+00 -6.735445022583007812e+00 -6.825438022613525391e+00 -6.903776168823242188e+00 -6.967548370361328125e+00 -7.011103630065917969e+00 -7.046212196350097656e+00 -7.082939624786376953e+00 -7.124330043792724609e+00 -7.163192749023437500e+00 -7.179329395294189453e+00 -7.198512077331542969e+00 -7.225375175476074219e+00 -7.257285118103027344e+00 -7.289692878723144531e+00 -7.331840515136718750e+00 -7.368318557739257812e+00 -7.392998218536376953e+00 -7.399433612823486328e+00 -7.386476039886474609e+00 -7.386581420898437500e+00 -7.382281780242919922e+00 -7.375645160675048828e+00 -7.341991901397705078e+00 -7.298599720001220703e+00 -7.286044120788574219e+00 -7.251318931579589844e+00 -7.208385944366455078e+00 -7.145159721374511719e+00 -7.076417446136474609e+00 -7.027173519134521484e+00 -6.989143848419189453e+00 -6.957588195800781250e+00 -6.933924198150634766e+00 -6.917797088623046875e+00 -6.908172130584716797e+00 -6.907836914062500000e+00 -6.923945426940917969e+00 -6.960854053497314453e+00 -7.025325298309326172e+00 -7.103491306304931641e+00 -7.174455165863037109e+00 -7.241608142852783203e+00 -7.297842979431152344e+00 -7.359450340270996094e+00 -7.439876556396484375e+00 -7.539705276489257812e+00 -7.725303649902343750e+00 -8.093464851379394531e+00 -8.207169532775878906e+00 -7.954993724822998047e+00 -7.624967098236083984e+00 -7.360772132873535156e+00 -7.205455780029296875e+00 -7.134941577911376953e+00 -7.122768878936767578e+00 -7.153328418731689453e+00 -7.195476531982421875e+00 -7.230575084686279297e+00 -7.244097709655761719e+00 -7.242498397827148438e+00 -7.199421882629394531e+00 -7.114379882812500000e+00 -7.024118423461914062e+00 -6.927546024322509766e+00 -6.843844890594482422e+00 -6.786412715911865234e+00 -6.733817100524902344e+00 -6.688853740692138672e+00 -6.636861324310302734e+00 -6.600095748901367188e+00 -6.554730415344238281e+00 -6.513627052307128906e+00 -6.485614776611328125e+00 -6.483823776245117188e+00 -6.496637821197509766e+00 -6.538009166717529297e+00 -6.573702335357666016e+00 -6.611357688903808594e+00 -6.647798061370849609e+00 -6.692885875701904297e+00 -6.741928100585937500e+00 -6.782112598419189453e+00 -6.820841312408447266e+00 -6.837590694427490234e+00 -6.846507072448730469e+00 -6.836307525634765625e+00 -6.810574531555175781e+00 -6.804934024810791016e+00 -6.830312728881835938e+00 -6.881998538970947266e+00 -6.930112838745117188e+00 -6.944248199462890625e+00 -6.945569515228271484e+00 -6.959925174713134766e+00 -6.988042354583740234e+00 -7.016878604888916016e+00 -7.056574344635009766e+00 -7.121112346649169922e+00 -7.197133064270019531e+00 -7.273996353149414062e+00 -7.330575942993164062e+00 -7.368854999542236328e+00 -7.377924442291259766e+00 -7.359028816223144531e+00 -7.312504768371582031e+00 -7.248493671417236328e+00 -7.179368019104003906e+00 -7.119800090789794922e+00 -7.081607818603515625e+00 -7.089930057525634766e+00 -7.124550342559814453e+00 -7.133810997009277344e+00 -7.104046344757080078e+00 -7.045273780822753906e+00 -6.969674110412597656e+00 -6.885819911956787109e+00 -6.807568073272705078e+00 -6.751380920410156250e+00 -6.717392444610595703e+00
2.995508611202239990e-01 2.974215447902679443e-01 2.952922582626342773e-01 2.942276000976562500e-01 2.878397107124328613e-01 2.867750525474548340e-01 2.793225049972534180e-01 2.782578468322753906e-01 2.729345858097076416e-01 2.676113247871398926e-01 2.644173800945281982e-01 2.665466964244842529e-01 2.612234354019165039e-01 2.612234354019165039e-01 2.665466964244842529e-01 2.750639021396636963e-01 2.835811078548431396e-01 2.984862029552459717e-01 3.176499307155609131e-01 3.368136286735534668e-01 3.570420145988464355e-01 3.804643154144287109e-01 4.028219878673553467e-01 4.273089468479156494e-01 4.560545384883880615e-01 4.837354421615600586e-01 5.135456919670104980e-01 5.454851984977722168e-01 5.731661319732666016e-01 6.029763221740722656e-01 6.317219138145446777e-01 6.243566274642944336e-01 6.493846774101257324e-01 6.737669110298156738e-01 6.982189416885375977e-01 7.214318513870239258e-01 7.438069581985473633e-01 7.658679485321044922e-01 7.871609330177307129e-01 8.071798682212829590e-01 8.260643482208251953e-01 8.435350656509399414e-01 8.585448861122131348e-01 8.719141483306884766e-01 8.811294436454772949e-01 8.864701986312866211e-01 8.889660239219665527e-01 8.877617120742797852e-01 8.844281435012817383e-01 8.796110153198242188e-01 8.738514184951782227e-01 8.677253127098083496e-01 8.614421486854553223e-01 8.576198816299438477e-01 8.582831025123596191e-01 8.629605770111083984e-01 8.749684691429138184e-01 8.946906924247741699e-01 9.147096276283264160e-01 9.320232868194580078e-01 9.444325566291809082e-01 9.513790011405944824e-01 9.557772278785705566e-01 9.597740173339843750e-01 9.674010872840881348e-01 9.806132316589355469e-01 9.995675086975097656e-01 1.026218652725219727e+00 1.060095548629760742e+00 1.099470138549804688e+00 1.146733641624450684e+00 1.199756741523742676e+00 1.256689429283142090e+00 1.316152811050415039e+00 1.375406742095947266e+00 1.435184240341186523e+00 1.495502829551696777e+00 1.556030869483947754e+00 1.615406990051269531e+00 1.673020243644714355e+00 1.730249643325805664e+00 1.784791111946105957e+00 1.837290644645690918e+00 1.888655662536621094e+00 1.937018752098083496e+00 1.983531832695007324e+00 2.026781082153320312e+00 2.066155672073364258e+00 2.102074623107910156e+00 2.134991407394409180e+00 2.164819240570068359e+00 2.189899444580078125e+00 2.209569454193115234e+00 2.223252773284912109e+00 2.232311010360717773e+00 2.237564563751220703e+00 2.238751173019409180e+00 2.236726760864257812e+00 2.230844974517822266e+00 2.221193313598632812e+00 2.209359884262084961e+00 2.195083141326904297e+00 2.178537368774414062e+00 2.161066770553588867e+00 2.141658544540405273e+00 2.119231224060058594e+00 2.094639539718627930e+00 2.067255258560180664e+00 2.035926580429077148e+00 2.001072406768798828e+00 1.963530302047729492e+00 1.921729683876037598e+00 1.876612901687622070e+00 1.830483913421630859e+00 1.780131101608276367e+00 1.723983883857727051e+00 1.661658167839050293e+00 1.588633537292480469e+00 1.503985166549682617e+00 1.410191178321838379e+00 1.308246493339538574e+00 1.200472354888916016e+00 1.088736414909362793e+00 9.725497961044311523e-01 8.526631593704223633e-01 7.300013899803161621e-01 6.049485802650451660e-01 4.773475527763366699e-01 3.477568626403808594e-01 2.173632979393005371e-01 8.536405116319656372e-02 -4.756022244691848755e-02 -1.809208244085311890e-01 -3.144210577011108398e-01 -4.467170238494873047e-01 -5.763251781463623047e-01 -7.042054533958435059e-01 -8.291884660720825195e-01 -9.523214697837829590e-01 -1.076641201972961426e+00 -1.201414823532104492e+00 -1.327637076377868652e+00 -1.453196048736572266e+00 -1.577219128608703613e+00 -1.702813029289245605e+00 -1.829698443412780762e+00 -1.953948497772216797e+00 -2.076802253723144531e+00 -2.200354099273681641e+00 -2.323556900024414062e+00 -2.450093269348144531e+00 -2.579247474670410156e+00 -2.708838224411010742e+00 -2.839231729507446289e+00 -2.967129468917846680e+00 -3.090524196624755859e+00 -3.208613395690917969e+00 -3.317591667175292969e+00 -3.416569232940673828e+00 -3.507029771804809570e+00 -3.589636087417602539e+00 -3.666500329971313477e+00 -3.736278772354125977e+00 -3.800053119659423828e+00 -3.861034870147705078e+00 -3.917112350463867188e+00 -3.960780382156372070e+00 -3.998427152633666992e+00 -4.037749290466308594e+00 -4.075204372406005859e+00 -4.102466106414794922e+00 -4.115434169769287109e+00 -4.120093822479248047e+00 -4.112205028533935547e+00 -4.085955619812011719e+00 -4.042444229125976562e+00 -3.980223417282104492e+00 -3.894283294677734375e+00 -3.759561300277709961e+00 -3.612883806228637695e+00 -3.468266010284423828e+00 -3.284081220626831055e+00 -3.029193401336669922e+00 -2.770780086517333984e+00 -2.536818504333496094e+00 -2.262609958648681641e+00 -1.912985563278198242e+00 -1.574356794357299805e+00 -1.283427834510803223e+00 -9.563531875610351562e-01 -6.114411950111389160e-01 -2.582912743091583252e-01 9.913469851016998291e-02 4.567352235317230225e-01 8.077907562255859375e-01 1.194992065429687500e+00 1.541666746139526367e+00 1.813449501991271973e+00 2.090433120727539062e+00 2.358149290084838867e+00 2.610750675201416016e+00 2.848342418670654297e+00 3.072582244873046875e+00 3.283802032470703125e+00 3.484672069549560547e+00 3.680061578750610352e+00 3.871018171310424805e+00 4.084157466888427734e+00 4.278238296508789062e+00 4.437412261962890625e+00 4.607634067535400391e+00 4.779182910919189453e+00 4.951272010803222656e+00 5.125804901123046875e+00 5.301647186279296875e+00 5.480228900909423828e+00 5.662755489349365234e+00 5.845945358276367188e+00 6.027529239654541016e+00 6.205605506896972656e+00 6.377188682556152344e+00 6.539207458496093750e+00 6.688799858093261719e+00 6.823242664337158203e+00 6.941715240478515625e+00 7.041391372680664062e+00 7.119215488433837891e+00 7.174245834350585938e+00 7.205173015594482422e+00 7.214597702026367188e+00 7.208035469055175781e+00 7.188313007354736328e+00 7.155343532562255859e+00 7.109720706939697266e+00 7.052648544311523438e+00 6.985854625701904297e+00 6.909112930297851562e+00 6.820746898651123047e+00 6.722589492797851562e+00 6.616351127624511719e+00 6.501456260681152344e+00 6.381150722503662109e+00 6.257057666778564453e+00 6.132057189941406250e+00 6.007929325103759766e+00 5.877553462982177734e+00 5.738310813903808594e+00 5.591685771942138672e+00 5.437939643859863281e+00 5.279708385467529297e+00 5.118719100952148438e+00 4.955024719238281250e+00 4.790544986724853516e+00 4.627635955810546875e+00 4.465686798095703125e+00 4.303179264068603516e+00 4.137913703918457031e+00 3.969629287719726562e+00 3.799180269241333008e+00 3.625013828277587891e+00 3.449329137802124023e+00 3.274900913238525391e+00 3.094695568084716797e+00 2.902971267700195312e+00 2.700896978378295898e+00 2.489537715911865234e+00 2.271249294281005859e+00 2.049190998077392578e+00 1.825928568840026855e+00 1.603730678558349609e+00 1.387030601501464844e+00 1.176351904869079590e+00 9.703332185745239258e-01 7.696902155876159668e-01 5.769186019897460938e-01 3.955439627170562744e-01 2.245016992092132568e-01 6.270968168973922729e-02 -9.087929129600524902e-02 -2.405238300561904907e-01 -3.866602480411529541e-01 -5.301088690757751465e-01 -6.740286946296691895e-01 -8.178438544273376465e-01 -9.612924456596374512e-01 -1.103955626487731934e+00 -1.245990514755249023e+00 -1.390608549118041992e+00 -1.539746880531311035e+00 -1.694191098213195801e+00 -1.854604363441467285e+00 -2.020899295806884766e+00 -2.193390130996704102e+00 -2.372181653976440430e+00 -2.556052207946777344e+00 -2.741702795028686523e+00 -2.927423238754272461e+00 -3.113492727279663086e+00 -3.300662040710449219e+00 -3.488581657409667969e+00 -3.675855398178100586e+00 -3.862256526947021484e+00 -4.047348499298095703e+00 -4.231568336486816406e+00 -4.413885116577148438e+00 -4.591315269470214844e+00 -4.763911247253417969e+00 -4.930747032165527344e+00 -5.089257717132568359e+00 -5.241206169128417969e+00 -5.386696815490722656e+00 -5.523880004882812500e+00 -5.654221057891845703e+00 -5.778296470642089844e+00 -5.892231464385986328e+00 -5.993862152099609375e+00 -6.083519458770751953e+00 -6.157887935638427734e+00 -6.214366912841796875e+00 -6.252502441406250000e+00 -6.270863056182861328e+00 -6.268873691558837891e+00 -6.247545719146728516e+00 -6.208240985870361328e+00 -6.151203632354736328e+00 -6.077812194824218750e+00 -5.990476131439208984e+00 -5.889281749725341797e+00 -5.776114940643310547e+00 -5.654622554779052734e+00 -5.526567459106445312e+00 -5.393957614898681641e+00 -5.258537292480468750e+00 -5.121668815612792969e+00 -4.986737251281738281e+00 -4.855732917785644531e+00 -4.726962566375732422e+00 -4.600391387939453125e+00 -4.474675178527832031e+00 -4.348382949829101562e+00 -4.219333648681640625e+00 -4.084105491638183594e+00 -3.944147348403930664e+00 -3.801012992858886719e+00 -3.654684543609619141e+00 -3.507692813873291016e+00 -3.362307071685791016e+00 -3.220446586608886719e+00 -3.083787441253662109e+00 -2.951142311096191406e+00 -2.821708679199218750e+00 -2.697371482849121094e+00 -2.577955961227416992e+00 -2.463061094284057617e+00 -2.352529287338256836e+00 -2.244406223297119141e+00 -2.136631965637207031e+00 -2.029015064239501953e+00 -1.923649549484252930e+00 -1.819523215293884277e+00 -1.716548800468444824e+00 -1.615598917007446289e+00 -1.515800952911376953e+00 -1.416474342346191406e+00 -1.317008018493652344e+00 -1.215604424476623535e+00 -1.110570430755615234e+00 -1.001208066940307617e+00 -8.878839015960693359e-01 -7.694807648658752441e-01 -6.467841267585754395e-01 -5.207713246345520020e-01 -3.893131315708160400e-01 -2.531076371669769287e-01 -1.118057891726493835e-01 3.628539666533470154e-02 1.909564733505249023e-01 3.517536520957946777e-01 5.175948143005371094e-01 6.857747435569763184e-01 8.571311831474304199e-01 1.031995773315429688e+00 1.205760717391967773e+00 1.376558661460876465e+00 1.544860720634460449e+00 1.709968924522399902e+00 1.872493982315063477e+00 2.033029317855834961e+00 2.193058490753173828e+00 2.353855848312377930e+00 2.513675451278686523e+00 2.671837329864501953e+00 2.830609798431396484e+00 2.988649368286132812e+00 3.143896579742431641e+00 3.300208091735839844e+00 3.456938743591308594e+00 3.612901449203491211e+00 3.770138025283813477e+00 3.928526639938354492e+00 4.086426734924316406e+00 4.242232322692871094e+00 4.395925998687744141e+00 4.547804355621337891e+00 4.696750640869140625e+00 4.841979503631591797e+00 4.985044479370117188e+00 5.126293659210205078e+00 5.263022899627685547e+00 5.393486022949218750e+00 5.516026020050048828e+00 5.631252288818359375e+00 5.739689826965332031e+00 5.838126182556152344e+00 5.927120685577392578e+00 6.006585597991943359e+00 6.075875282287597656e+00 6.137206077575683594e+00 6.193422794342041016e+00 6.245346546173095703e+00 6.293622493743896484e+00 6.339803695678710938e+00 6.383524417877197266e+00 6.424679279327392578e+00 6.463215827941894531e+00 6.500670909881591797e+00 6.537706851959228516e+00 6.574882030487060547e+00 6.610836029052734375e+00 6.644730091094970703e+00 6.677141189575195312e+00 6.707073211669921875e+00 6.736289978027343750e+00 6.766501903533935547e+00 6.798371791839599609e+00 6.830590248107910156e+00 6.862651824951171875e+00 6.895254611968994141e+00 6.927159309387207031e+00 6.956568241119384766e+00 6.982416629791259766e+00 7.002086639404296875e+00 7.016415596008300781e+00 7.026346683502197266e+00 7.026608467102050781e+00 7.018509864807128906e+00 7.004791736602783203e+00 6.984999656677246094e+00 6.957371234893798828e+00 6.921836376190185547e+00 6.881152629852294922e+00 6.834936141967773438e+00 6.783920288085937500e+00 6.730024337768554688e+00 6.673982143402099609e+00 6.615199089050292969e+00 6.553065776824951172e+00 6.490216255187988281e+00 6.428030014038085938e+00 6.367048263549804688e+00 6.308440208435058594e+00 6.251769542694091797e+00 6.197751522064208984e+00 6.148323535919189453e+00 6.103887557983398438e+00 6.063395977020263672e+00 6.025749206542968750e+00 5.991505622863769531e+00 5.960508823394775391e+00 5.929598808288574219e+00 5.898375034332275391e+00 5.866732120513916016e+00 5.833343982696533203e+00 5.799868583679199219e+00 5.764142036437988281e+00 5.723720073699951172e+00 5.679161548614501953e+00 5.631688594818115234e+00 5.582679748535156250e+00 5.531175136566162109e+00 5.474225044250488281e+00 5.411585330963134766e+00 5.342854022979736328e+00 5.264052867889404297e+00 5.176733970642089844e+00 5.082800388336181641e+00 4.978918075561523438e+00 4.867496490478515625e+00 4.751431941986083984e+00 4.626867771148681641e+00 4.493140697479248047e+00 4.350652217864990234e+00 4.201426506042480469e+00 4.048832416534423828e+00 3.892974376678466797e+00 3.734515905380249023e+00 3.575341939926147461e+00 3.417738676071166992e+00 3.261741161346435547e+00 3.108274221420288086e+00 2.956483125686645508e+00 2.806000709533691406e+00 2.659846782684326172e+00 2.517009019851684570e+00 2.377120971679687500e+00 2.240007877349853516e+00 2.104343414306640625e+00 1.969569206237792969e+00 1.835807085037231445e+00 1.703388929367065430e+00 1.571529388427734375e+00 1.441153287887573242e+00 1.311702251434326172e+00 1.181360960006713867e+00 1.050024986267089844e+00 9.151284694671630859e-01 7.768983840942382812e-01 6.376037001609802246e-01 4.960051178932189941e-01 3.525041341781616211e-01 2.072927504777908325e-01 6.044075265526771545e-02 -8.770279586315155029e-02 -2.370157092809677124e-01 -3.852290809154510498e-01 -5.333027839660644531e-01 -6.829124093055725098e-01 -8.331329226493835449e-01 -9.848718643188476562e-01 -1.138181567192077637e+00 -1.292433738708496094e+00 -1.448326587677001953e+00 -1.604585886001586914e+00 -1.761630654335021973e+00 -1.920246124267578125e+00 -2.077919244766235352e+00 -2.233951568603515625e+00 -2.390891551971435547e+00 -2.547587394714355469e+00 -2.702572584152221680e+00 -2.853735446929931641e+00 -3.000482797622680664e+00 -3.145763874053955078e+00 -3.288532018661499023e+00 -3.427774190902709961e+00 -3.563683032989501953e+00 -3.695699691772460938e+00 -3.825203180313110352e+00 -3.953031063079833984e+00 -4.077351093292236328e+00 -4.198651313781738281e+00 -4.315885066986083984e+00 -4.427376747131347656e+00 -4.534295558929443359e+00 -4.636222839355468750e+00 -4.731046676635742188e+00 -4.817946434020996094e+00 -4.897830009460449219e+00 -4.971360683441162109e+00 -5.038241863250732422e+00 -5.098909378051757812e+00 -5.153590679168701172e+00 -5.201098442077636719e+00 -5.240647792816162109e+00 -5.271260738372802734e+00 -5.293828010559082031e+00 -5.307738304138183594e+00 -5.313096523284912109e+00 -5.310844898223876953e+00 -5.300791740417480469e+00 -5.285014152526855469e+00 -5.264070034027099609e+00 -5.239757537841796875e+00 -5.213455677032470703e+00 -5.184430599212646484e+00 -5.153363704681396484e+00 -5.119574069976806641e+00 -5.084667682647705078e+00 -5.050895690917968750e+00 -5.018205642700195312e+00 -4.987226009368896484e+00 -4.958515167236328125e+00 -4.931375503540039062e+00 -4.906434535980224609e+00 -4.883657932281494141e+00 -4.861754417419433594e+00 -4.842102050781250000e+00 -4.824962615966796875e+00 -4.810092449188232422e+00 -4.798346519470214844e+00 -4.788834571838378906e+00 -4.780858039855957031e+00 -4.775413036346435547e+00 -4.771293640136718750e+00 -4.768675804138183594e+00 -4.768867969512939453e+00 -4.771468162536621094e+00 -4.774103641510009766e+00 -4.777070999145507812e+00 -4.781451702117919922e+00 -4.785116672515869141e+00 -4.784087181091308594e+00 -4.778292655944824219e+00 -4.770264148712158203e+00 -4.757208824157714844e+00 -4.738952636718750000e+00 -4.717938899993896484e+00 -4.696454048156738281e+00 -4.673188686370849609e+00 -4.646031379699707031e+00 -4.615418434143066406e+00 -4.583391666412353516e+00 -4.550457477569580078e+00 -4.515917301177978516e+00 -4.482598781585693359e+00 -4.451357364654541016e+00 -4.420953750610351562e+00 -4.390288352966308594e+00 -4.360443115234375000e+00 -4.331558227539062500e+00 -4.303702831268310547e+00 -4.275951862335205078e+00 -4.246979236602783203e+00 -4.219717502593994141e+00 -4.192839145660400391e+00 -4.164233207702636719e+00 -4.135540008544921875e+00 -4.106812000274658203e+00 -4.077752113342285156e+00 -4.048570632934570312e+00 -4.019336223602294922e+00 -3.989752769470214844e+00 -3.960029840469360352e+00 -3.931528568267822266e+00 -3.904144525527954102e+00 -3.879098892211914062e+00 -3.856601715087890625e+00 -3.836076498031616211e+00 -3.818256855010986328e+00 -3.802479028701782227e+00 -3.788167238235473633e+00 -3.774449110031127930e+00 -3.762877464294433594e+00 -3.754691839218139648e+00 -3.747885227203369141e+00 -3.741636753082275391e+00 -3.735947132110595703e+00 -3.730152606964111328e+00 -3.723694801330566406e+00 -3.719174385070800781e+00 -3.715439558029174805e+00 -3.709802150726318359e+00 -3.702471733093261719e+00 -3.694111585617065430e+00 -3.685035705566406250e+00 -3.672504425048828125e+00 -3.657302618026733398e+00 -3.639744520187377930e+00 -3.618084907531738281e+00 -3.593790054321289062e+00 -3.567505359649658203e+00 -3.538166284561157227e+00 -3.506663084030151367e+00 -3.474269866943359375e+00 -3.440567493438720703e+00 -3.406009912490844727e+00 -3.370161056518554688e+00 -3.332217454910278320e+00 -3.293418884277343750e+00 -3.252682924270629883e+00 -3.211161375045776367e+00 -3.169657468795776367e+00 -3.127176284790039062e+00 -3.084014177322387695e+00 -3.040555477142333984e+00 -2.996992111206054688e+00 -2.952102184295654297e+00 -2.906374692916870117e+00 -2.861257791519165039e+00 -2.815739631652832031e+00 -2.769436120986938477e+00 -2.720601797103881836e+00 -2.670109510421752930e+00 -2.620193004608154297e+00 -2.569264173507690430e+00 -2.517602443695068359e+00 -2.466586589813232422e+00 -2.418031454086303711e+00 -2.369877815246582031e+00 -2.320589780807495117e+00 -2.270865440368652344e+00 -2.220320701599121094e+00 -2.170386791229248047e+00 -2.119772195816040039e+00 -2.066644430160522461e+00 -2.010933399200439453e+00 -1.953547000885009766e+00 -1.896090745925903320e+00 -1.837342977523803711e+00 -1.776186704635620117e+00 -1.714681267738342285e+00 -1.654921174049377441e+00 -1.595248341560363770e+00 -1.535296320915222168e+00 -1.476478695869445801e+00 -1.417818188667297363e+00 -1.360170006752014160e+00 -1.303883075714111328e+00 -1.249079823493957520e+00 -1.194904804229736328e+00 -1.141288280487060547e+00 -1.091040253639221191e+00 -1.043776750564575195e+00 -9.986425042152404785e-01 -9.550266861915588379e-01 -9.132784605026245117e-01 -8.741830587387084961e-01 -8.380721807479858398e-01 -8.056963682174682617e-01 -7.764271497726440430e-01 -7.509453892707824707e-01 -7.301410436630249023e-01 -7.115882039070129395e-01 -6.936113238334655762e-01 -6.774495244026184082e-01 -6.629981994628906250e-01 -6.501526236534118652e-01 -6.392617225646972656e-01 -6.297671794891357422e-01 -6.214768290519714355e-01 -6.127501726150512695e-01 -6.034999489784240723e-01 -5.947034955024719238e-01 -5.854358077049255371e-01 -5.747194886207580566e-01 -5.627813935279846191e-01 -5.497089028358459473e-01 -5.346118211746215820e-01 -5.167745351791381836e-01 -4.956386089324951172e-01 -4.728271365165710449e-01 -4.487066864967346191e-01 -4.221602380275726318e-01 -3.939906358718872070e-01 -3.661177158355712891e-01 -3.367787301540374756e-01 -3.052580952644348145e-01 -2.734930813312530518e-01 -2.409950643777847290e-01 -2.085144817829132080e-01 -1.760339140892028809e-01 -1.463982164859771729e-01 -1.182460561394691467e-01 -8.972737938165664673e-02 -6.265731900930404663e-02 -3.618067502975463867e-02 -1.181587856262922287e-02 1.101302728056907654e-02 3.420845419168472290e-02 5.626941472291946411e-02 7.566002011299133301e-02 9.398598223924636841e-02 1.108982190489768982e-01 1.247386783361434937e-01 1.379333734512329102e-01 1.502553969621658325e-01 1.609542667865753174e-01 1.713040620088577271e-01 1.805717647075653076e-01 1.881290376186370850e-01 1.937315464019775391e-01 1.985311955213546753e-01 2.020742148160934448e-01 2.041337043046951294e-01 2.068738788366317749e-01 2.111499309539794922e-01 2.160368561744689941e-01 2.196147739887237549e-01 2.226516455411911011e-01 2.276607453823089600e-01 2.325476706027984619e-01 2.370680719614028931e-01 2.420597076416015625e-01 2.472433447837829590e-01 2.537708580493927002e-01 2.614852190017700195e-01 2.690424919128417969e-01 2.762157917022705078e-01 2.832494974136352539e-01 2.898992002010345459e-01 2.967059612274169922e-01 3.016801476478576660e-01 3.034080266952514648e-01 3.028320670127868652e-01 3.022910356521606445e-01 3.008075058460235596e-01 2.979975044727325439e-01 2.952573597431182861e-01 2.903704345226287842e-01 2.845933735370635986e-01 2.800206243991851807e-01 2.750115394592285156e-01 2.679255008697509766e-01 2.612408697605133057e-01 2.553765773773193359e-01 2.482556253671646118e-01 2.409252524375915527e-01 2.322684228420257568e-01 2.217964380979537964e-01 2.115339040756225586e-01 2.026327252388000488e-01 1.945867538452148438e-01 1.868898570537567139e-01 1.796467453241348267e-01 1.738696992397308350e-01 1.705710291862487793e-01 1.695412844419479370e-01 1.694365590810775757e-01 1.700299680233001709e-01 1.705884784460067749e-01 1.701696068048477173e-01 1.690700501203536987e-01 1.686162650585174561e-01 1.703266799449920654e-01 1.716531366109848022e-01 1.718800216913223267e-01 1.725956052541732788e-01 1.735206395387649536e-01 1.748470813035964966e-01 1.772730946540832520e-01 1.804845035076141357e-01 1.846209317445755005e-01 1.901012659072875977e-01 1.948485523462295532e-01 1.989849805831909180e-01 2.038370072841644287e-01 2.099107503890991211e-01 2.152165472507476807e-01 2.183406949043273926e-01 2.214997410774230957e-01 2.256187051534652710e-01 2.307674288749694824e-01 2.366491854190826416e-01 2.425309568643569946e-01 2.490235716104507446e-01 2.557605504989624023e-01 2.616597712039947510e-01 2.669132053852081299e-01 2.722015380859375000e-01 2.759365439414978027e-01 2.768092155456542969e-01 2.768615782260894775e-01 2.756223976612091064e-01 2.716430425643920898e-01 2.649758756160736084e-01 2.572091817855834961e-01 2.474178671836853027e-01 2.355321794748306274e-01 2.234545052051544189e-01 2.093696892261505127e-01 1.935395598411560059e-01 1.766796857118606567e-01 1.590867638587951660e-01 1.415112912654876709e-01 1.239358261227607727e-01 1.076344549655914307e-01 9.215338528156280518e-02 7.606144994497299194e-02 6.131341680884361267e-02 4.836307466030120850e-02 3.551745042204856873e-02 2.398082427680492401e-02 1.453859265893697739e-02 6.911503616720438004e-03 9.773843921720981598e-04 -4.904375411570072174e-03 -1.045452244579792023e-02 -1.335176918655633926e-02 -1.452113967388868332e-02 -1.563815027475357056e-02 -1.703441329300403595e-02 -1.761037297546863556e-02 -1.752310618758201599e-02 -1.905899494886398315e-02 -2.096140384674072266e-02 -2.204350754618644714e-02 -2.406809106469154358e-02 -2.677335031330585480e-02 -2.946115843951702118e-02 -3.181735053658485413e-02 -3.434807807207107544e-02 -3.759439289569854736e-02 -3.892084211111068726e-02 -3.818780556321144104e-02 -3.757693991065025330e-02 -3.607595711946487427e-02 -3.324852138757705688e-02 -3.019419685006141663e-02 -2.707005664706230164e-02 -2.389355748891830444e-02 -2.165953628718852997e-02 -2.106612361967563629e-02 -2.050761878490447998e-02 -2.090904489159584045e-02 -2.328269183635711670e-02 -2.740166895091533661e-02 -3.413863852620124817e-02 -4.288274049758911133e-02 -5.337216705083847046e-02 -6.490879505872726440e-02 -7.780677825212478638e-02 -9.189158678054809570e-02 -1.083674952387809753e-01 -1.261174976825714111e-01 -1.450194120407104492e-01 -1.681799292564392090e-01 -1.946565657854080200e-01 -2.234195917844772339e-01 -2.540675699710845947e-01 -2.861118316650390625e-01 -3.199886679649353027e-01 -3.546159863471984863e-01 -3.907966613769531250e-01 -4.301538467407226562e-01 -4.695284664630889893e-01 -5.085889697074890137e-01 -5.475447177886962891e-01 -5.858023166656494141e-01 -6.247406005859375000e-01 -6.645690202713012695e-01 -7.041530609130859375e-01 -7.426725029945373535e-01 -7.801272869110107422e-01 -8.168315291404724121e-01 -8.526107668876647949e-01 -8.867494463920593262e-01 -9.195790886878967285e-01 -9.515709877014160156e-01 -9.828821420669555664e-01 -1.013320684432983398e+00 -1.042746901512145996e+00 -1.073028445243835449e+00 -1.103048086166381836e+00 -1.131043195724487305e+00 -1.159160375595092773e+00 -1.187644243240356445e+00 -1.216616630554199219e+00 -1.246077775955200195e+00 -1.276690840721130371e+00 -1.308089375495910645e+00 -1.339819431304931641e+00 -1.372300028800964355e+00 -1.405077338218688965e+00 -1.437680006027221680e+00 -1.468956351280212402e+00 -1.498400092124938965e+00 -1.525225758552551270e+00 -1.551301002502441406e+00 -1.576119542121887207e+00 -1.595998883247375488e+00 -1.613871097564697266e+00 -1.631568670272827148e+00 -1.645094990730285645e+00 -1.653437614440917969e+00 -1.657766103744506836e+00 -1.657958030700683594e+00 -1.655514597892761230e+00 -1.652303218841552734e+00 -1.649423360824584961e+00 -1.645723342895507812e+00 -1.642005801200866699e+00 -1.642075538635253906e+00 -1.647154450416564941e+00 -1.656474590301513672e+00 -1.671013116836547852e+00 -1.690490961074829102e+00 -1.713267564773559570e+00 -1.739883780479431152e+00 -1.769344925880432129e+00 -1.802802920341491699e+00 -1.839158177375793457e+00 -1.876996874809265137e+00 -1.916371464729309082e+00 -1.957037687301635742e+00 -2.001037359237670898e+00 -2.048300981521606445e+00 -2.098479270935058594e+00 -2.150472640991210938e+00 -2.204455614089965820e+00 -2.260847091674804688e+00 -2.317884445190429688e+00 -2.373612880706787109e+00 -2.426915168762207031e+00 -2.480793476104736328e+00 -2.534933567047119141e+00 -2.586316108703613281e+00 -2.638169765472412109e+00 -2.690529823303222656e+00 -2.740568399429321289e+00 -2.791235208511352539e+00 -2.843420505523681641e+00 -2.895274400711059570e+00 -2.945749282836914062e+00 -2.993431568145751953e+00 -3.038408756256103516e+00 -3.079755544662475586e+00 -3.117105722427368164e+00 -3.150301933288574219e+00 -3.177075147628784180e+00 -3.198071479797363281e+00 -3.213866710662841797e+00 -3.223151922225952148e+00 -3.227550029754638672e+00 -3.229347705841064453e+00 -3.226921796798706055e+00 -3.219626426696777344e+00 -3.210969448089599609e+00 -3.200183391571044922e+00 -3.185068845748901367e+00 -3.165974855422973633e+00 -3.143355369567871094e+00 -3.114906549453735352e+00 -3.078708410263061523e+00 -3.033347368240356445e+00 -2.977950572967529297e+00 -2.912483215332031250e+00 -2.835636377334594727e+00 -2.746293067932128906e+00 -2.644575119018554688e+00 -2.533101081848144531e+00 -2.410072803497314453e+00 -2.276048898696899414e+00 -2.133734703063964844e+00 -1.983322381973266602e+00 -1.825195550918579102e+00 -1.660139679908752441e+00 -1.489114880561828613e+00 -1.312487602233886719e+00 -1.130118131637573242e+00 -9.422509074211120605e-01 -7.496188879013061523e-01 -5.531646609306335449e-01 -3.535687923431396484e-01 -1.520705372095108032e-01 5.272639542818069458e-02 2.595129907131195068e-01 4.655142128467559814e-01 6.740461587905883789e-01 8.873952031135559082e-01 1.103030681610107422e+00 1.320847749710083008e+00 1.541439890861511230e+00 1.764754772186279297e+00 1.991385817527770996e+00 2.220617294311523438e+00 2.452501773834228516e+00 2.682605981826782227e+00 2.908207178115844727e+00 3.129462718963623047e+00 3.345150470733642578e+00 3.554467678070068359e+00 3.757082939147949219e+00 3.952873945236206055e+00 4.142416954040527344e+00 4.327194690704345703e+00 4.506579875946044922e+00 4.681549072265625000e+00 4.854720592498779297e+00 5.024960041046142578e+00 5.190835952758789062e+00 5.351476192474365234e+00 5.505553722381591797e+00 5.653819561004638672e+00 5.796866893768310547e+00 5.932112216949462891e+00 6.057548999786376953e+00 6.174573421478271484e+00 6.281544685363769531e+00 6.379702091217041016e+00 6.470790863037109375e+00 6.552681446075439453e+00 6.627364158630371094e+00 6.694698810577392578e+00 6.753673553466796875e+00 6.807028293609619141e+00 6.855897426605224609e+00 6.899461269378662109e+00 6.936444759368896484e+00 6.966656208038330078e+00 6.993464469909667969e+00 7.017323017120361328e+00 7.037446975708007812e+00 7.054481029510498047e+00 7.067414283752441406e+00 7.075198173522949219e+00 7.078060626983642578e+00 7.077327728271484375e+00 7.072283744812011719e+00 7.062981128692626953e+00 7.050676345825195312e+00 7.035875797271728516e+00 7.015333652496337891e+00 6.988978862762451172e+00 6.960582256317138672e+00 6.928503513336181641e+00 6.892392635345458984e+00 6.851499557495117188e+00 6.806138515472412109e+00 6.757688045501708984e+00 6.707334995269775391e+00 6.653701305389404297e+00 6.596838474273681641e+00 6.538334846496582031e+00 6.476026535034179688e+00 6.411187648773193359e+00 6.346924781799316406e+00 6.281946182250976562e+00 6.215414047241210938e+00 6.148550510406494141e+00 6.080936431884765625e+00 6.013654232025146484e+00 5.946807861328125000e+00 5.878879547119140625e+00 5.809555053710937500e+00 5.739357948303222656e+00 5.670068740844726562e+00 5.602419376373291016e+00 5.535730361938476562e+00 5.470716953277587891e+00 5.406995296478271484e+00 5.342871665954589844e+00 5.277945518493652344e+00 5.212687492370605469e+00 5.146365165710449219e+00 5.080531120300292969e+00 5.013650417327880859e+00 4.943819522857666016e+00 4.873098850250244141e+00 4.800440788269042969e+00 4.724466800689697266e+00 4.645246028900146484e+00 4.563128471374511719e+00 4.477624893188476562e+00 4.388211727142333984e+00 4.295936107635498047e+00 4.202194213867187500e+00 4.106602668762207031e+00 4.009911537170410156e+00 3.913429498672485352e+00 3.816720962524414062e+00 3.720849990844726562e+00 3.625642299652099609e+00 3.528479814529418945e+00 3.428647041320800781e+00 3.327103614807128906e+00 3.224216461181640625e+00 3.120770931243896484e+00 3.016487360000610352e+00 2.910912513732910156e+00 2.804185628890991211e+00 2.695713281631469727e+00 2.587171316146850586e+00 2.478280305862426758e+00 2.368935346603393555e+00 2.259712696075439453e+00 2.149303197860717773e+00 2.038701534271240234e+00 1.927070379257202148e+00 1.813135266304016113e+00 1.697960972785949707e+00 1.582577347755432129e+00 1.468380451202392578e+00 1.356243014335632324e+00 1.245257496833801270e+00 1.135999917984008789e+00 1.029674410820007324e+00 9.283057451248168945e-01 8.333947062492370605e-01 7.445574402809143066e-01 6.642199754714965820e-01 5.901656150817871094e-01 5.224643349647521973e-01 4.630183875560760498e-01 4.085292220115661621e-01 3.579321205615997314e-01 3.098832070827484131e-01 2.647489905357360840e-01 2.220756858587265015e-01 1.785122752189636230e-01 1.333082467317581177e-01 8.808676898479461670e-02 4.253367334604263306e-02 -5.340707488358020782e-03 -5.672319978475570679e-02 -1.129926145076751709e-01 -1.737649738788604736e-01 -2.389006614685058594e-01 -3.099355697631835938e-01 -3.849323689937591553e-01 -4.631056487560272217e-01 -5.460786223411560059e-01 -6.322455406188964844e-01 -7.209780812263488770e-01 -8.129569292068481445e-01 -9.075363278388977051e-01 -1.004419565200805664e+00 -1.101948499679565430e+00 -1.201292634010314941e+00 -1.305488824844360352e+00 -1.413559556007385254e+00 -1.522886991500854492e+00 -1.634308815002441406e+00 -1.747214198112487793e+00 -1.857553958892822266e+00 -1.965607285499572754e+00 -2.071129798889160156e+00 -2.173423528671264648e+00 -2.271563529968261719e+00 -2.363280534744262695e+00 -2.447963953018188477e+00 -2.523466825485229492e+00 -2.588602542877197266e+00 -2.645727157592773438e+00 -2.695503950119018555e+00 -2.738473892211914062e+00 -2.776504755020141602e+00 -2.809962749481201172e+00 -2.836840629577636719e+00 -2.858203649520874023e+00 -2.873527526855468750e+00 -2.882603168487548828e+00 -2.887874126434326172e+00 -2.887176036834716797e+00 -2.880578756332397461e+00 -2.870944499969482422e+00 -2.858186006546020508e+00 -2.840697765350341797e+00 -2.819998264312744141e+00 -2.798949718475341797e+00 -2.778703689575195312e+00 -2.758143901824951172e+00 -2.737147569656372070e+00 -2.716604948043823242e+00 -2.696254491806030273e+00 -2.673774480819702148e+00 -2.650404691696166992e+00 -2.627331495285034180e+00 -2.604048728942871094e+00 -2.581621170043945312e+00 -2.558931827545166016e+00 -2.534863948822021484e+00 -2.508963108062744141e+00 -2.480427026748657227e+00 -2.448295593261718750e+00 -2.413755416870117188e+00 -2.376963853836059570e+00 -2.337693929672241211e+00 -2.296766042709350586e+00 -2.254215002059936523e+00 -2.210703849792480469e+00 -2.165534734725952148e+00 -2.118114233016967773e+00 -2.070082664489746094e+00 -2.020864486694335938e+00 -1.971471548080444336e+00 -1.922323107719421387e+00 -1.871708512306213379e+00 -1.821111440658569336e+00 -1.770846009254455566e+00 -1.719777584075927734e+00 -1.668360233306884766e+00 -1.616192340850830078e+00 -1.564652800559997559e+00 -1.517162322998046875e+00 -1.471626758575439453e+00 -1.425951480865478516e+00 -1.383051276206970215e+00 -1.343816280364990234e+00 -1.307321429252624512e+00 -1.274160146713256836e+00 -1.243302702903747559e+00 -1.214644432067871094e+00 -1.188464522361755371e+00 -1.164535999298095703e+00 -1.143120884895324707e+00 -1.122107028961181641e+00 -1.100918769836425781e+00 -1.081248879432678223e+00 -1.063778162002563477e+00 -1.046551823616027832e+00 -1.029133439064025879e+00 -1.010685205459594727e+00 -9.911724925041198730e-01 -9.699667096138000488e-01 -9.461953639984130859e-01 -9.219876527786254883e-01 -8.960520625114440918e-01 -8.668701052665710449e-01 -8.366759419441223145e-01 -8.048236966133117676e-01 -7.713308334350585938e-01 -7.365638613700866699e-01 -6.993534564971923828e-01 -6.621255278587341309e-01 -6.242344379425048828e-01 -5.835682749748229980e-01 -5.411219000816345215e-01 -4.986056685447692871e-01 -4.538379609584808350e-01 -4.078310728073120117e-01 -3.632204830646514893e-01 -3.198141455650329590e-01 -2.768964767456054688e-01 -2.360557764768600464e-01 -1.986184716224670410e-01 -1.622283607721328735e-01 -1.284736841917037964e-01 -9.768607467412948608e-02 -6.810274720191955566e-02 -4.124213010072708130e-02 -1.830850355327129364e-02 1.431170036084949970e-03 1.956514082849025726e-02 3.642502054572105408e-02 5.085889250040054321e-02 6.147049739956855774e-02 6.894050538539886475e-02 7.230898737907409668e-02 7.178539037704467773e-02 6.777113676071166992e-02 6.045820564031600952e-02 4.991641640663146973e-02 3.583160787820816040e-02 2.000147290527820587e-02 4.712388850748538971e-03 -1.000073645263910294e-02 -2.579596638679504395e-02 -4.042182490229606628e-02 -5.394812673330307007e-02 -6.609562039375305176e-02 -7.735299319028854370e-02 -8.634144067764282227e-02 -9.253735840320587158e-02 -9.789551794528961182e-02 -9.944885969161987305e-02 -9.723228961229324341e-02 -9.381144493818283081e-02 -8.831366151571273804e-02 -8.007570356130599976e-02 -7.072073966264724731e-02 -6.061528623104095459e-02 -5.112069472670555115e-02 -4.157374426722526550e-02 -3.200933709740638733e-02 -2.464404888451099396e-02 -1.881464943289756775e-02 -1.391027402132749557e-02 -8.761553093791007996e-03 -4.136430099606513977e-03 -1.308996928855776787e-03 1.727875904180109501e-03 6.108652334660291672e-03 1.043706852942705154e-02 1.439896598458290100e-02 1.727875880897045135e-02 1.717403903603553772e-02 1.588249579071998596e-02 1.439896598458290100e-02 1.158898603171110153e-02 6.981316953897476196e-03 -2.443460980430245399e-04 -8.883725851774215698e-03 -1.680752076208591461e-02 -2.476622164249420166e-02 -3.433062508702278137e-02 -4.483750835061073303e-02 -5.576327070593833923e-02 -6.714281439781188965e-02 -7.777187228202819824e-02 -8.745844662189483643e-02 -9.519025683403015137e-02 -1.018225103616714478e-01 -1.064127236604690552e-01 -1.082802265882492065e-01 -1.106189712882041931e-01 -1.121897622942924500e-01 -1.103222593665122986e-01 -1.054527908563613892e-01 -9.936159104108810425e-02 -9.152506291866302490e-02 -8.264134079217910767e-02 -7.272786647081375122e-02 -6.110397726297378540e-02 -4.911356419324874878e-02 -3.761184588074684143e-02 -2.661627158522605896e-02 -1.740093342959880829e-02 -9.861109778285026550e-03 -3.630284918472170830e-03 7.679448463022708893e-04 5.096361506730318069e-03 9.704031050205230713e-03 1.251401100307703018e-02 1.494001876562833786e-02 1.748819835484027863e-02 1.853539608418941498e-02 1.895427517592906952e-02 1.881464943289756775e-02 1.780235767364501953e-02 1.583013683557510376e-02 1.281071640551090240e-02 9.058258496224880219e-03 4.991641733795404434e-03 -4.188790335319936275e-04 -6.422811653465032578e-03 -1.233947742730379105e-02 -1.916371472179889679e-02 -2.446951530873775482e-02 -2.789036184549331665e-02 -3.085742145776748657e-02 -3.270747140049934387e-02 -3.281218931078910828e-02 -3.035127557814121246e-02 -2.680825814604759216e-02 -2.378883771598339081e-02 -2.003637887537479401e-02 -1.410226058214902878e-02 -8.203047327697277069e-03 -3.909537568688392639e-03 9.773843921720981598e-04 6.440265104174613953e-03 1.120501384139060974e-02 1.565560325980186462e-02 1.968731358647346497e-02 2.195624262094497681e-02 2.350958436727523804e-02 2.508038096129894257e-02 2.478367462754249573e-02 2.307325229048728943e-02 2.174680307507514954e-02 1.837831735610961914e-02 1.130973361432552338e-02 3.717551240697503090e-03 -2.216568216681480408e-03 -6.213372107595205307e-03 -8.464846760034561157e-03 -1.001818943768739700e-02 -1.190314535051584244e-02 -1.394518092274665833e-02 -1.476548518985509872e-02 -1.289798319339752197e-02 -8.656833320856094360e-03 -4.415682982653379440e-03 4.537856148090213537e-04 6.859143730252981186e-03 1.483529899269342422e-02 2.377138473093509674e-02 3.403392061591148376e-02 4.577998444437980652e-02 5.688028037548065186e-02 6.675884127616882324e-02 7.552039623260498047e-02 8.414231985807418823e-02 9.238027781248092651e-02 9.889035671949386597e-02 1.031140536069869995e-01 1.048419252038002014e-01 1.055400595068931580e-01 1.051909923553466797e-01 1.028347983956336975e-01 9.998991340398788452e-02 9.599310904741287231e-02 8.962265402078628540e-02 8.229227364063262939e-02 7.426375895738601685e-02 6.752678751945495605e-02 6.194173544645309448e-02 5.461135134100914001e-02 4.626867920160293579e-02 3.940953314304351807e-02 3.408627957105636597e-02 2.844886668026447296e-02 2.204350754618644714e-02 1.659808121621608734e-02 1.343903504312038422e-02 1.089085452258586884e-02 9.529497474431991577e-03 9.616764262318611145e-03 1.059414818882942200e-02 1.509709842503070831e-02 2.323033288121223450e-02 3.192207217216491699e-02 4.050909355282783508e-02 4.967207089066505432e-02 5.941100791096687317e-02 7.031931728124618530e-02 8.107054233551025391e-02 8.955284208059310913e-02 9.679596126079559326e-02 1.028871610760688782e-01 1.072679385542869568e-01 1.100081056356430054e-01 1.104793399572372437e-01 1.087863743305206299e-01 1.055575162172317505e-01 1.011069267988204956e-01 9.423032402992248535e-02 8.480554819107055664e-02 7.401940971612930298e-02 6.428047269582748413e-02 5.494296550750732422e-02 4.450589418411254883e-02 3.331833705306053162e-02 2.244493365287780762e-02 1.329940930008888245e-02 4.520402755588293076e-03 -3.455751808360219002e-03 -1.050688233226537704e-02 -1.778490468859672546e-02 -2.453932911157608032e-02 -2.918190509080886841e-02 -3.138101845979690552e-02 -3.323106840252876282e-02 -3.460988029837608337e-02 -3.391174599528312683e-02 -3.173008561134338379e-02 -2.926917187869548798e-02 -2.700024284422397614e-02 -2.387610450387001038e-02 -1.912880875170230865e-02 -1.434660609811544418e-02 -9.564404375851154327e-03 -4.782202187925577164e-03 -1.884955563582479954e-03 5.410520825535058975e-04 4.380776546895503998e-03 6.876597180962562561e-03 7.906341925263404846e-03 1.021017599850893021e-02 1.272345054894685745e-02 1.565560325980186462e-02 1.841322332620620728e-02 1.890191622078418732e-02 2.005383372306823730e-02 2.209586836397647858e-02 2.261946722865104675e-02 2.251474745571613312e-02 2.214822731912136078e-02 2.138028293848037720e-02 2.075196430087089539e-02 1.858775690197944641e-02 1.520181726664304733e-02 1.380555424839258194e-02 1.293289009481668472e-02 1.099557429552078247e-02 9.267698042094707489e-03 8.866272866725921631e-03 1.061160210520029068e-02 1.256637088954448700e-02 1.401499379426240921e-02 1.680752076208591461e-02 1.857030391693115234e-02 1.897172816097736359e-02 1.944296807050704956e-02 1.837831735610961914e-02 1.605702936649322510e-02 1.258382387459278107e-02 9.267698042094707489e-03 6.352998316287994385e-03 3.263765713199973106e-03 1.064650830812752247e-03 -7.679448463022708893e-04 -2.775073517113924026e-03 -4.537856206297874451e-03 -5.253441166132688522e-03 -5.235987715423107147e-03 -4.590216092765331268e-03 -1.815142459236085415e-03 2.460914198309183121e-03 8.307767100632190704e-03 1.511455141007900238e-02 2.199114859104156494e-02 2.919935807585716248e-02 3.591887652873992920e-02 4.244640842080116272e-02 4.921828582882881165e-02 5.605997517704963684e-02 6.358234584331512451e-02 7.297221571207046509e-02 8.152432739734649658e-02 8.972737938165664673e-02 9.875072538852691650e-02 1.071632131934165955e-01 1.153313592076301575e-01 1.224348470568656921e-01 1.291194558143615723e-01 1.346696019172668457e-01 1.397834122180938721e-01 1.465902030467987061e-01 1.544092744588851929e-01 1.620189100503921509e-01 1.692096740007400513e-01 1.771858185529708862e-01 1.854935884475708008e-01 1.942376941442489624e-01 2.022138535976409912e-01 2.079908847808837891e-01 2.125461995601654053e-01 2.162986546754837036e-01 2.187770158052444458e-01 2.194577008485794067e-01 2.175378352403640747e-01 2.148500233888626099e-01 2.134537696838378906e-01 2.119353264570236206e-01 2.113070189952850342e-01 2.120051383972167969e-01 2.135584801435470581e-01 2.173283994197845459e-01 2.232974171638488770e-01 2.295107990503311157e-01 2.358288913965225220e-01 2.447126209735870361e-01 2.565284967422485352e-01 2.701769769191741943e-01 2.858500182628631592e-01 3.032684028148651123e-01 3.223448693752288818e-01 3.440043926239013672e-01 3.676536083221435547e-01 3.921231329441070557e-01 4.175351262092590332e-01 4.436801373958587646e-01 4.694586694240570068e-01 4.935267567634582520e-01 5.165825486183166504e-01 5.370203852653503418e-01 5.532169938087463379e-01 5.667607784271240234e-01 5.754350423812866211e-01 5.805488824844360352e-01 5.845107436180114746e-01 5.836032032966613770e-01 5.781926512718200684e-01 5.706179141998291016e-01 5.586973428726196289e-01 5.418374538421630859e-01 5.236336588859558105e-01 5.042081475257873535e-01 4.805240333080291748e-01 4.513247013092041016e-01 4.176572859287261963e-01 3.802723288536071777e-01 3.379131853580474854e-01 2.925695478916168213e-01 2.450791299343109131e-01 1.960877478122711182e-01 1.461538672447204590e-01 9.173450618982315063e-02 3.391174599528312683e-02 -2.527236752212047577e-02 -8.628907799720764160e-02 -1.490162163972854614e-01 -2.124240249395370483e-01 -2.770535647869110107e-01 -3.428175747394561768e-01 -4.065220952033996582e-01 -4.668581187725067139e-01 -5.242445468902587891e-01 -5.778959393501281738e-01 -6.275156736373901367e-01 -6.713932752609252930e-01 -7.100697755813598633e-01 -7.463377118110656738e-01 -7.787833809852600098e-01 -8.049284219741821289e-01 -8.266228437423706055e-01 -8.455421924591064453e-01 -8.601855039596557617e-01 -8.721584677696228027e-01 -8.814436197280883789e-01 -8.886867165565490723e-01 -8.954411745071411133e-01 -9.000663161277770996e-01 -9.038536548614501953e-01 -9.060178399085998535e-01 -9.069079756736755371e-01 -9.088453054428100586e-01 -9.105731844902038574e-01 -9.116029143333435059e-01 -9.129642844200134277e-01 -9.141510725021362305e-01 -9.143256545066833496e-01 -9.153379201889038086e-01 -9.173275828361511230e-01 -9.187587499618530273e-01 -9.187238812446594238e-01 -9.164898395538330078e-01 -9.117949008941650391e-01 -9.045168757438659668e-01 -8.943067193031311035e-01 -8.819323182106018066e-01 -8.683711290359497070e-01 -8.518079519271850586e-01 -8.333947062492370605e-01 -8.138993978500366211e-01 -7.927110791206359863e-01 -7.714529633522033691e-01 -7.498632669448852539e-01 -7.290763854980468750e-01 -7.095636129379272461e-01 -6.915343403816223145e-01 -6.756693124771118164e-01 -6.616368889808654785e-01 -6.502398848533630371e-01 -6.430665850639343262e-01 -6.411117911338806152e-01 -6.440963149070739746e-01 -6.519328355789184570e-01 -6.646039485931396484e-01 -6.823713779449462891e-01 -7.047639489173889160e-01 -7.312405705451965332e-01 -7.631626725196838379e-01 -7.998320460319519043e-01 -8.415803313255310059e-01 -8.904669880867004395e-01 -9.450783133506774902e-01 -1.005187511444091797e+00 -1.071318030357360840e+00 -1.141480207443237305e+00 -1.214853882789611816e+00 -1.292398810386657715e+00 -1.374132633209228516e+00 -1.458868384361267090e+00 -1.546379208564758301e+00 -1.637241005897521973e+00 -1.733565688133239746e+00 -1.834637761116027832e+00 -1.938589572906494141e+00 -2.046241521835327148e+00 -2.156668424606323242e+00 -2.270114898681640625e+00 -2.385725498199462891e+00 -2.502226114273071289e+00 -2.620367527008056641e+00 -2.740411281585693359e+00 -2.859041213989257812e+00 -2.973604679107666016e+00 -3.083996772766113281e+00 -3.187651872634887695e+00 -3.285076141357421875e+00 -3.376496553421020508e+00 -3.460115194320678711e+00 -3.538323402404785156e+00 -3.612779140472412109e+00 -3.682225942611694336e+00 -3.746803045272827148e+00 -3.806528091430664062e+00 -3.862099409103393555e+00 -3.915017843246459961e+00 -3.964026689529418945e+00 -4.009859085083007812e+00 -4.054382324218750000e+00 -4.096200466156005859e+00 -4.136569976806640625e+00 -4.177305698394775391e+00 -4.217238903045654297e+00 -4.255601406097412109e+00 -4.293928623199462891e+00 -4.333216190338134766e+00 -4.370670795440673828e+00 -4.405472755432128906e+00 -4.437953472137451172e+00 -4.465703964233398438e+00 -4.485513687133789062e+00 -4.495793819427490234e+00 -4.496805667877197266e+00 -4.487119197845458984e+00 -4.465826511383056641e+00 -4.432542800903320312e+00 -4.386466026306152344e+00 -4.328905105590820312e+00 -4.259371280670166016e+00 -4.178998947143554688e+00 -4.087892532348632812e+00 -3.988304138183593750e+00 -3.881158351898193359e+00 -3.764326095581054688e+00 -3.637859582901000977e+00 -3.502107858657836914e+00 -3.357838869094848633e+00 -3.206623554229736328e+00 -3.048793554306030273e+00 -2.884191513061523438e+00 -2.714283704757690430e+00 -2.538424253463745117e+00 -2.356700658798217773e+00 -2.167192697525024414e+00 -1.968539357185363770e+00 -1.758576273918151855e+00 -1.536116600036621094e+00 -1.302259922027587891e+00 -1.057460069656372070e+00 -8.028339743614196777e-01 -5.366364121437072754e-01 -2.581516504287719727e-01 3.070034086704254150e-02 3.281916975975036621e-01 6.348809599876403809e-01 9.503666758537292480e-01 1.271961092948913574e+00 1.598564505577087402e+00 1.927209973335266113e+00 2.254790782928466797e+00 2.579404592514038086e+00 2.898084402084350586e+00 3.207723140716552734e+00 3.504830598831176758e+00 3.786753654479980469e+00 4.051764488220214844e+00 4.297559261322021484e+00 4.523561954498291016e+00 4.728864669799804688e+00 4.910588741302490234e+00 5.069169044494628906e+00 5.204100608825683594e+00 5.312991619110107422e+00 5.396470546722412109e+00 5.454432964324951172e+00 5.487175464630126953e+00 5.499235630035400391e+00 5.493109703063964844e+00 5.470088958740234375e+00 5.434204578399658203e+00 5.389611721038818359e+00 5.339590549468994141e+00 5.285450458526611328e+00 5.229006290435791016e+00 5.171934127807617188e+00 5.114931583404541016e+00 5.057964324951171875e+00 5.003213405609130859e+00 4.953139781951904297e+00 4.906242847442626953e+00 4.860637187957763672e+00 4.813984394073486328e+00 4.762497425079345703e+00 4.703958988189697266e+00 4.635315418243408203e+00 4.556252002716064453e+00 4.467868328094482422e+00 4.369396686553955078e+00 4.261779785156250000e+00 4.145052433013916016e+00 4.017678260803222656e+00 3.883444786071777344e+00 3.746750593185424805e+00 3.606827497482299805e+00 3.467794656753540039e+00 3.332618951797485352e+00 3.201195716857910156e+00 3.074170589447021484e+00 2.952381610870361328e+00 2.834955692291259766e+00 2.721177816390991211e+00 2.612373828887939453e+00 2.505908727645874023e+00 2.400386333465576172e+00 2.297464132308959961e+00 2.200633287429809570e+00 2.107886552810668945e+00 2.015837907791137695e+00 1.925342559814453125e+00 1.834847211837768555e+00 1.743409395217895508e+00 1.651255965232849121e+00 1.559154987335205078e+00 1.468624711036682129e+00 1.380014419555664062e+00 1.292189359664916992e+00 1.205917835235595703e+00 1.121566057205200195e+00 1.038313865661621094e+00 9.558120965957641602e-01 8.729962110519409180e-01 7.897265553474426270e-01 7.056366205215454102e-01 6.206041574478149414e-01 5.357986092567443848e-01 4.488812386989593506e-01 3.595203757286071777e-01 2.679080367088317871e-01 1.700299680233001709e-01 6.483898311853408813e-02 -4.614650458097457886e-02 -1.639213263988494873e-01 -2.907718420028686523e-01 -4.254240095615386963e-01 -5.670225620269775391e-01 -7.146250605583190918e-01 -8.687725663185119629e-01 -1.031262636184692383e+00 -1.199355363845825195e+00 -1.372875928878784180e+00 -1.552103877067565918e+00 -1.734578013420104980e+00 -1.919338583946228027e+00 -2.104378461837768555e+00 -2.286695480346679688e+00 -2.465085506439208984e+00 -2.638693571090698242e+00 -2.805948257446289062e+00 -2.968089580535888672e+00 -3.126582860946655273e+00 -3.280416011810302734e+00 -3.431421995162963867e+00 -3.581572771072387695e+00 -3.730135202407836914e+00 -3.878662586212158203e+00 -4.026561737060546875e+00 -4.173867702484130859e+00 -4.322848796844482422e+00 -4.473139286041259766e+00 -4.625209808349609375e+00 -4.779287338256835938e+00 -4.935424804687500000e+00 -5.093987941741943359e+00 -5.254819869995117188e+00 -5.416542053222656250e+00 -5.579276561737060547e+00 -5.744000911712646484e+00 -5.908271312713623047e+00 -6.071721076965332031e+00 -6.233582973480224609e+00 -6.391936779022216797e+00 -6.548894405364990234e+00 -6.705258369445800781e+00 -6.859807014465332031e+00 -7.010149955749511719e+00 -7.152167320251464844e+00 -7.286034107208251953e+00 -7.414699554443359375e+00 -7.538408756256103516e+00 -7.658207893371582031e+00 -7.775145053863525391e+00 -7.888713836669921875e+00 -7.997761726379394531e+00 -8.099915504455566406e+00 -8.190096855163574219e+00 -8.266263008117675781e+00 -8.329462051391601562e+00 -8.379168510437011719e+00 -8.413935661315917969e+00 -8.431859970092773438e+00 -8.433797836303710938e+00 -8.421336174011230469e+00 -8.394474983215332031e+00 -8.354821205139160156e+00 -8.302688598632812500e+00 -8.237918853759765625e+00 -8.162940025329589844e+00 -8.078763008117675781e+00 -7.985474586486816406e+00 -7.885310173034667969e+00 -7.781428337097167969e+00 -7.674736499786376953e+00 -7.565024852752685547e+00 -7.453131675720214844e+00 -7.340365886688232422e+00 -7.226588249206542969e+00 -7.111797809600830078e+00 -6.997828006744384766e+00 -6.883578777313232422e+00 -6.767950534820556641e+00 -6.655219554901123047e+00 -6.546520709991455078e+00 -6.441050529479980469e+00 -6.340659141540527344e+00 -6.245521068572998047e+00 -6.155339717864990234e+00 -6.066851615905761719e+00 -5.975291728973388672e+00 -5.880572795867919922e+00 -5.782991409301757812e+00 -5.677939891815185547e+00 -5.564476013183593750e+00 -5.442215919494628906e+00 -5.309745311737060547e+00 -5.168705463409423828e+00 -5.018502235412597656e+00 -4.860148429870605469e+00 -4.694045543670654297e+00 -4.520071029663085938e+00 -4.341297149658203125e+00 -4.161528110504150391e+00 -3.981968641281127930e+00 -3.800628900527954102e+00 -3.617596387863159180e+00 -3.435139656066894531e+00 -3.253869771957397461e+00 -3.072145938873291016e+00 -2.888642072677612305e+00 -2.705050945281982422e+00 -2.521739006042480469e+00 -2.337275028228759766e+00 -2.153928279876708984e+00 -1.972920179367065430e+00 -1.795385241508483887e+00 -1.622440576553344727e+00 -1.476286768913269043e+00 -1.340726971626281738e+00 -1.185165882110595703e+00 -9.952740073204040527e-01 -8.150861859321594238e-01 -6.353696584701538086e-01 -4.548851549625396729e-01 -2.696882784366607666e-01 -5.005604401230812073e-02 1.295906901359558105e-01 2.933200299739837646e-01 5.139994621276855469e-01 7.300886511802673340e-01 9.455670118331909180e-01 1.160801053047180176e+00 1.376872777938842773e+00 1.593607783317565918e+00 1.779677271842956543e+00 1.987039923667907715e+00 2.204333305358886719e+00 2.425658702850341797e+00 2.647071123123168945e+00 2.867558479309082031e+00 3.087976217269897461e+00 3.307102203369140625e+00 3.553176164627075195e+00 3.775496244430541992e+00 3.952158451080322266e+00 4.161388397216796875e+00 4.352606773376464844e+00 4.504921913146972656e+00 4.662891387939453125e+00 4.842398643493652344e+00 5.005098342895507812e+00 5.135090351104736328e+00 5.271016597747802734e+00 5.408094882965087891e+00 5.546289920806884766e+00 5.683332920074462891e+00 5.819608211517333984e+00 5.957454681396484375e+00 6.095963954925537109e+00 6.235031604766845703e+00 6.375914573669433594e+00 6.517548084259033203e+00 6.658204078674316406e+00 6.797533988952636719e+00 6.936305046081542969e+00 7.073278427124023438e+00 7.206377029418945312e+00 7.335985183715820312e+00 7.460078239440917969e+00 7.577504158020019531e+00 7.689379692077636719e+00 7.795844554901123047e+00 7.894734859466552734e+00 7.986434459686279297e+00 8.073002815246582031e+00 8.150844573974609375e+00 8.219139099121093750e+00 8.277258872985839844e+00 8.324574470520019531e+00 8.363094329833984375e+00 8.390129089355468750e+00 8.405243873596191406e+00 8.409816741943359375e+00 8.403149604797363281e+00 8.385923385620117188e+00 8.358713150024414062e+00 8.320804595947265625e+00 8.275076866149902344e+00 8.224567413330078125e+00 8.170252799987792969e+00 8.113407135009765625e+00 8.042303085327148438e+00 7.973588943481445312e+00 7.915312290191650391e+00 7.849286556243896484e+00 7.778548240661621094e+00 7.705244541168212891e+00 7.629951000213623047e+00 7.551323890686035156e+00 7.471038818359375000e+00 7.390684127807617188e+00 7.309369087219238281e+00 7.226081848144531250e+00 7.141677856445312500e+00 7.056191444396972656e+00 6.968052387237548828e+00 6.879459381103515625e+00 6.791948795318603516e+00 6.705502510070800781e+00 6.622337818145751953e+00 6.542087554931640625e+00 6.461453437805175781e+00 6.380644321441650391e+00 6.299783229827880859e+00 6.216670989990234375e+00 6.130137443542480469e+00 6.040305137634277344e+00 5.944713592529296875e+00 5.843606472015380859e+00 5.739655017852783203e+00 5.632317066192626953e+00 5.522972106933593750e+00 5.412806987762451172e+00 5.302938461303710938e+00 5.192249774932861328e+00 5.079955101013183594e+00 4.965758323669433594e+00 4.848262786865234375e+00 4.730034351348876953e+00 4.612468719482421875e+00 4.492966175079345703e+00 4.370461463928222656e+00 4.244850158691406250e+00 4.115119934082031250e+00 3.982457399368286133e+00 3.847019910812377930e+00 3.707288742065429688e+00 3.563927412033081055e+00 3.417511701583862305e+00 3.268897056579589844e+00 3.117506980895996094e+00 2.963394641876220703e+00 2.807868242263793945e+00 2.652394294738769531e+00 2.499154329299926758e+00 2.348706960678100586e+00 2.201610565185546875e+00 2.057778120040893555e+00 1.918431043624877930e+00 1.785628914833068848e+00 1.658987760543823242e+00 1.540514826774597168e+00 1.430419445037841797e+00 1.327532291412353516e+00 1.232307195663452148e+00 1.143051028251647949e+00 1.059990763664245605e+00 9.832661151885986328e-01 9.113062024116516113e-01 8.425751328468322754e-01 7.789229750633239746e-01 7.211351394653320312e-01 6.666808724403381348e-01 6.151587367057800293e-01 5.651376247406005859e-01 5.179613828659057617e-01 4.725478887557983398e-01 4.253541827201843262e-01 3.792949616909027100e-01 3.353126645088195801e-01 2.905624210834503174e-01 2.449045926332473755e-01 1.979028880596160889e-01 1.500459611415863037e-01 1.018399596214294434e-01 5.445427075028419495e-02 1.021017599850893021e-02 -3.207915276288986206e-02 -7.234390079975128174e-02 -1.092401593923568726e-01 -1.428901106119155884e-01 -1.745678335428237915e-01 -2.035752087831497192e-01 -2.283065170049667358e-01 -2.513274252414703369e-01 -2.736327052116394043e-01 -2.940879762172698975e-01 -3.118728697299957275e-01 -3.270048797130584717e-01 -3.391523659229278564e-01 -3.488389551639556885e-01 -3.562566041946411133e-01 -3.602184951305389404e-01 -3.618416488170623779e-01 -3.618591129779815674e-01 -3.606024682521820068e-01 -3.575830459594726562e-01 -3.528706729412078857e-01 -3.503224849700927734e-01 -3.489611148834228516e-01 -3.458893597126007080e-01 -3.446327149868011475e-01 -3.469714522361755371e-01 -3.504446446895599365e-01 -3.547032773494720459e-01 -3.602184951305389404e-01 -3.665715157985687256e-01 -3.738844394683837891e-01 -3.806563019752502441e-01 -3.859272003173828125e-01 -3.925071060657501221e-01 -4.005356132984161377e-01 -4.079183638095855713e-01 -4.156501591205596924e-01 -4.247956871986389160e-01 -4.342029988765716553e-01 -4.430867433547973633e-01 -4.520577192306518555e-01 -4.601385891437530518e-01 -4.662646949291229248e-01 -4.700171649456024170e-01 -4.702964127063751221e-01 -4.678704142570495605e-01 -4.631056487560272217e-01 -4.561069011688232422e-01 -4.466297626495361328e-01 -4.342553615570068359e-01 -4.181634485721588135e-01 -3.983713984489440918e-01 -3.773576319217681885e-01 -3.555584847927093506e-01 -3.331135511398315430e-01 -3.103893399238586426e-01 -2.885203659534454346e-01 -2.679429352283477783e-01 -2.482032775878906250e-01 -2.284985035657882690e-01 -2.097362130880355835e-01 -1.938886195421218872e-01 -1.795594692230224609e-01 -1.673945337533950806e-01 -1.567829251289367676e-01 -1.464505791664123535e-01 -1.387711316347122192e-01 -1.315454691648483276e-01 -1.238834708929061890e-01 -1.176002845168113708e-01 -1.112472862005233765e-01 -1.058193147182464600e-01 -1.017177850008010864e-01 -9.815731644630432129e-02 -9.639453142881393433e-02 -9.567894786596298218e-02 -9.663888067007064819e-02 -1.001993492245674133e-01 -1.029046103358268738e-01 -1.059065759181976318e-01 -1.106015145778656006e-01 -1.147204935550689697e-01 -1.185951232910156250e-01 -1.208116933703422546e-01 -1.201310083270072937e-01 -1.176526471972465515e-01 -1.150521039962768555e-01 -1.127482727169990540e-01 -1.073901057243347168e-01 -1.001469939947128296e-01 -9.499827027320861816e-02 -9.162978827953338623e-02 -8.742354065179824829e-02 -8.349654823541641235e-02 -8.159413933753967285e-02 -7.923794537782669067e-02 -7.606144994497299194e-02 -7.288494706153869629e-02 -7.094763219356536865e-02 -7.080800831317901611e-02 -6.916739791631698608e-02 -6.628760695457458496e-02 -6.511823087930679321e-02 -6.621779501438140869e-02 -6.792821735143661499e-02 -6.862634420394897461e-02 -7.016223669052124023e-02 -7.206464558839797974e-02 -7.377506792545318604e-02 -7.541567832231521606e-02 -7.766715437173843384e-02 -8.206538110971450806e-02 -8.669050037860870361e-02 -9.077457338571548462e-02 -9.592329710721969604e-02 -1.021017581224441528e-01 -1.090481728315353394e-01 -1.166054457426071167e-01 -1.244245246052742004e-01 -1.320167034864425659e-01 -1.389107555150985718e-01 -1.467472761869430542e-01 -1.546885371208190918e-01 -1.607448309659957886e-01 -1.673247218132019043e-01 -1.753706783056259155e-01 -1.833817511796951294e-01 -1.907470375299453735e-01 -1.975189149379730225e-01 -2.043955028057098389e-01 -2.109753936529159546e-01 -2.146056890487670898e-01 -2.141868025064468384e-01 -2.095965892076492310e-01 -2.017251551151275635e-01 -1.928414255380630493e-01 -1.810255497694015503e-01 -1.651605069637298584e-01 -1.476548612117767334e-01 -1.291718184947967529e-01 -1.080707833170890808e-01 -8.559094369411468506e-02 -6.318091601133346558e-02 -4.017747938632965088e-02 -1.692969352006912231e-02 5.777040030807256699e-03 2.797762863337993622e-02 4.804891347885131836e-02 6.506587564945220947e-02 8.019787818193435669e-02 9.234537184238433838e-02 1.014036312699317932e-01 1.069712266325950623e-01 1.076693609356880188e-01 1.051211804151535034e-01 1.002866178750991821e-01 9.168214350938796997e-02 7.902850955724716187e-02 6.316346675157546997e-02 4.532619938254356384e-02 2.450442314147949219e-02 8.726646192371845245e-04 -2.261946722865104675e-02 -4.513421282172203064e-02 -6.691592186689376831e-02 -8.683013170957565308e-02 -1.034631207585334778e-01 -1.181238815188407898e-01 -1.300968378782272339e-01 -1.393819898366928101e-01 -1.469392627477645874e-01 -1.509709805250167847e-01 -1.532399058341979980e-01 -1.532224565744400024e-01 -1.497492492198944092e-01 -1.451764851808547974e-01 -1.398357748985290527e-01 -1.338842064142227173e-01 -1.263967454433441162e-01 -1.173559352755546570e-01 -1.092576086521148682e-01 -1.021715775132179260e-01 -9.487609565258026123e-02 -8.779006451368331909e-02 -8.112290501594543457e-02 -7.431612163782119751e-02 -6.806784123182296753e-02 -6.363470107316970825e-02 -5.962044745683670044e-02 -5.703736096620559692e-02 -5.630432069301605225e-02 -5.504768341779708862e-02 -5.359905958175659180e-02 -5.331980809569358826e-02 -5.415756627917289734e-02 -5.607742816209793091e-02 -5.937610194087028503e-02 -6.356488913297653198e-02 -6.778858602046966553e-02 -7.140141725540161133e-02 -7.476990669965744019e-02 -7.771950960159301758e-02 -8.145451545715332031e-02 -8.548622578382492065e-02 -8.902924507856369019e-02 -9.236282110214233398e-02 -9.529497474431991577e-02 -9.744173288345336914e-02 -9.800023585557937622e-02 -9.854128956794738770e-02 -9.908234328031539917e-02 -9.772098809480667114e-02 -9.337511658668518066e-02 -8.751080930233001709e-02 -8.101818710565567017e-02 -7.394959777593612671e-02 -6.633996218442916870e-02 -5.756095796823501587e-02 -4.893903061747550964e-02 -3.974114730954170227e-02 -2.843141369521617889e-02 -1.562069635838270187e-02 -4.712388850748538971e-03 3.804817795753479004e-03 1.296779606491327286e-02 2.206096239387989044e-02 3.080506063997745514e-02 3.846705704927444458e-02 4.506440088152885437e-02 5.216789245605468750e-02 5.757841095328330994e-02 6.073745712637901306e-02 6.391395628452301025e-02 6.805038452148437500e-02 7.099999487400054932e-02 7.155849784612655640e-02 7.147122919559478760e-02 7.080800831317901611e-02 6.927211582660675049e-02 6.644468754529953003e-02 6.213372200727462769e-02 5.626941472291946411e-02 4.852015152573585510e-02 4.000294581055641174e-02 3.085742145776748657e-02 2.113593742251396179e-02 1.117010693997144699e-02 1.448623253963887691e-03 -7.871435023844242096e-03 -1.703441329300403595e-02 -2.801253460347652435e-02 -4.007275775074958801e-02 -5.064945295453071594e-02 -6.190682947635650635e-02 -7.311183959245681763e-02 -8.115781098604202271e-02 -8.695230633020401001e-02 -9.278170019388198853e-02 -9.862855821847915649e-02 -1.035329326987266541e-01 -1.048942878842353821e-01 -1.032362282276153564e-01 -1.000422760844230652e-01 -9.400343149900436401e-02 -8.555603772401809692e-02 -7.517132908105850220e-02 -6.335545331239700317e-02 -5.003859102725982666e-02 -3.546509146690368652e-02 -2.005383372306823730e-02 -4.625122528523206711e-03 1.110029406845569611e-02 2.666863054037094116e-02 4.026474431157112122e-02 5.337216705083847046e-02 6.660176068544387817e-02 7.798130810260772705e-02 8.607963472604751587e-02 9.190903604030609131e-02 9.522516280412673950e-02 9.436995536088943481e-02 8.958774805068969727e-02 8.229227364063262939e-02 7.363544404506683350e-02 6.159266829490661621e-02 4.752531647682189941e-02 3.328342735767364502e-02 1.801179721951484680e-02 2.967059612274169922e-03 -1.261873077601194382e-02 -2.717477641999721527e-02 -4.003785178065299988e-02 -5.475097894668579102e-02 -7.019714266061782837e-02 -8.375835418701171875e-02 -9.684831649065017700e-02 -1.094321459531784058e-01 -1.214923709630966187e-01 -1.349314004182815552e-01 -1.486147791147232056e-01 -1.617571115493774414e-01 -1.749867051839828491e-01 -1.873261928558349609e-01 -1.983392089605331421e-01 -2.088286429643630981e-01 -2.175203859806060791e-01 -2.223025858402252197e-01 -2.261597663164138794e-01 -2.289872020483016968e-01 -2.298249602317810059e-01 -2.304707318544387817e-01 -2.307499796152114868e-01 -2.311688512563705444e-01 -2.319717109203338623e-01 -2.326174825429916382e-01 -2.338217645883560181e-01 -2.362128645181655884e-01 -2.390751987695693970e-01 -2.424436807632446289e-01 -2.454107403755187988e-01 -2.503849267959594727e-01 -2.596875429153442383e-01 -2.700896859169006348e-01 -2.800206243991851807e-01 -2.906845808029174805e-01 -3.035476505756378174e-01 -3.173008561134338379e-01 -3.317347168922424316e-01 -3.489785790443420410e-01 -3.673568964004516602e-01 -3.855781257152557373e-01 -4.059286713600158691e-01 -4.287401437759399414e-01 -4.525289535522460938e-01 -4.770683050155639648e-01 -5.034576654434204102e-01 -5.315575003623962402e-01 -5.597270727157592773e-01 -5.895023941993713379e-01 -6.215117573738098145e-01 -6.563135981559753418e-01 -6.944665312767028809e-01 -7.374714016914367676e-01 -7.874751091003417969e-01 -8.428718447685241699e-01 -9.039234519004821777e-01 -9.694954752922058105e-01 -1.037545919418334961e+00 -1.109418511390686035e+00 -1.185078501701354980e+00 -1.262920260429382324e+00 -1.342891216278076172e+00 -1.423106551170349121e+00 -1.502152562141418457e+00 -1.581983923912048340e+00 -1.660890221595764160e+00 -1.737824320793151855e+00 -1.813641428947448730e+00 -1.887119770050048828e+00 -1.959638237953186035e+00 -2.031458616256713867e+00 -2.100154638290405273e+00 -2.166930913925170898e+00 -2.234824180603027344e+00 -2.300972223281860352e+00 -2.365462064743041992e+00 -2.432430505752563477e+00 -2.499154329299926758e+00 -2.563557147979736328e+00 -2.626703023910522461e+00 -2.689953804016113281e+00 -2.753588438034057617e+00 -2.817677021026611328e+00 -2.881957530975341797e+00 -2.945051193237304688e+00 -3.007359266281127930e+00 -3.069021940231323242e+00 -3.128834247589111328e+00 -3.185697078704833984e+00 -3.240709781646728516e+00 -3.291202306747436523e+00 -3.334800481796264648e+00 -3.374018192291259766e+00 -3.408593177795410156e+00 -3.436553239822387695e+00 -3.458038330078125000e+00 -3.475317001342773438e+00 -3.487063169479370117e+00 -3.492805242538452148e+00 -3.494829893112182617e+00 -3.495021820068359375e+00 -3.492892503738403320e+00 -3.488860845565795898e+00 -3.485649347305297852e+00 -3.482438087463378906e+00 -3.477987289428710938e+00 -3.472384929656982422e+00 -3.464094638824462891e+00 -3.451894760131835938e+00 -3.434615850448608398e+00 -3.411158800125122070e+00 -3.381418228149414062e+00 -3.343422412872314453e+00 -3.298933982849121094e+00 -3.250186920166015625e+00 -3.196902036666870117e+00 -3.140161514282226562e+00 -3.081099510192871094e+00 -3.020745992660522461e+00 -2.960828781127929688e+00 -2.902046203613281250e+00 -2.842757463455200195e+00 -2.783276557922363281e+00 -2.724650859832763672e+00 -2.665763616561889648e+00 -2.608324766159057617e+00 -2.553067684173583984e+00 -2.497426509857177734e+00 -2.442588329315185547e+00 -2.389338254928588867e+00 -2.339247226715087891e+00 -2.293606996536254883e+00 -2.250095844268798828e+00 -2.209656715393066406e+00 -2.174261331558227539e+00 -2.143438816070556641e+00 -2.117311239242553711e+00 -2.096908330917358398e+00 -2.080380201339721680e+00 -2.067028284072875977e+00 -2.057498931884765625e+00 -2.050133466720581055e+00 -2.045560836791992188e+00 -2.043082475662231445e+00 -2.039539337158203125e+00 -2.034617662429809570e+00 -2.025995731353759766e+00 -2.009222984313964844e+00 -1.983461976051330566e+00 -1.948345899581909180e+00 -1.901553630828857422e+00 -1.842421889305114746e+00 -1.769728899002075195e+00 -1.686179995536804199e+00 -1.594079017639160156e+00 -1.493146657943725586e+00 -1.385477304458618164e+00 -1.272833704948425293e+00 -1.155634880065917969e+00 -1.033758521080017090e+00 -9.087056517601013184e-01 -7.811046242713928223e-01 -6.511998176574707031e-01 -5.194274187088012695e-01 -4.058065116405487061e-01 -2.765474319458007812e-01 -1.396437883377075195e-01 -1.921607553958892822e-02 1.162738353013992310e-01 2.803173363208770752e-01 4.534714519977569580e-01 5.851914286613464355e-01 6.987774968147277832e-01 8.371821045875549316e-01 9.626363515853881836e-01 1.078107357025146484e+00 1.188220143318176270e+00 1.290182232856750488e+00 1.386925935745239258e+00 1.465134143829345703e+00 1.546204686164855957e+00 1.634431004524230957e+00 1.712656736373901367e+00 1.774790406227111816e+00 1.836068868637084961e+00 1.893525123596191406e+00 1.947211503982543945e+00 1.996202826499938965e+00 2.039818763732910156e+00 2.078407764434814453e+00 2.112424373626708984e+00 2.140785932540893555e+00 2.163073778152465820e+00 2.179392576217651367e+00 2.191714763641357422e+00 2.198312044143676758e+00 2.195327520370483398e+00 2.184628725051879883e+00 2.159129381179809570e+00 2.125392198562622070e+00 2.088932275772094727e+00 2.038422346115112305e+00 1.962640166282653809e+00 1.883803725242614746e+00 1.810988545417785645e+00 1.725170731544494629e+00 1.631533741950988770e+00 1.530287265777587891e+00 1.421535730361938477e+00 1.306867599487304688e+00 1.187906026840209961e+00 1.065942406654357910e+00 9.424428939819335938e-01 8.180009126663208008e-01 6.947457790374755859e-01 5.558699369430541992e-01 4.289670288562774658e-01 3.283662497997283936e-01 2.227214723825454712e-01 1.175304725766181946e-01 1.853539608418941498e-02 -7.508406043052673340e-02 -1.640260368585586548e-01 -2.576629519462585449e-01 -3.390302062034606934e-01 -4.002389013767242432e-01 -4.598768055438995361e-01 -5.169839859008789062e-01 -5.692566037178039551e-01 -6.167470216751098633e-01 -6.613227128982543945e-01 -7.031407952308654785e-01 -7.438418865203857422e-01 -7.834433913230895996e-01 -8.213344812393188477e-01 -8.585448861122131348e-01 -8.948477506637573242e-01 -9.279217720031738281e-01 -9.574876427650451660e-01 -9.853081703186035156e-01 -1.012727260589599609e+00 -1.038401126861572266e+00 -1.065593361854553223e+00 -1.097794651985168457e+00 -1.132055401802062988e+00 -1.169039011001586914e+00 -1.210926890373229980e+00 -1.256706833839416504e+00 -1.303115129470825195e+00 -1.352612733840942383e+00 -1.404658436775207520e+00 -1.456756472587585449e+00 -1.511123538017272949e+00 -1.566380620002746582e+00 -1.622650027275085449e+00 -1.679338335990905762e+00 -1.735555410385131836e+00 -1.790620565414428711e+00 -1.843032717704772949e+00 -1.892146348953247070e+00 -1.938641905784606934e+00 -1.981245398521423340e+00 -2.018787384033203125e+00 -2.054270029067993164e+00 -2.086384057998657227e+00 -2.114291906356811523e+00 -2.140175104141235352e+00 -2.163021326065063477e+00 -2.181783676147460938e+00 -2.198905467987060547e+00 -2.214386463165283203e+00 -2.227319478988647461e+00 -2.238890886306762695e+00 -2.248018980026245117e+00 -2.254581451416015625e+00 -2.256937503814697266e+00 -2.253796100616455078e+00 -2.245261430740356445e+00 -2.229466199874877930e+00 -2.208208084106445312e+00 -2.181242704391479492e+00 -2.146912097930908203e+00 -2.106420516967773438e+00 -2.059645652770996094e+00 -2.006500244140625000e+00 -1.949218630790710449e+00 -1.889912366867065430e+00 -1.827569127082824707e+00 -1.762119293212890625e+00 -1.694749593734741211e+00 -1.627240300178527832e+00 -1.559678554534912109e+00 -1.491139531135559082e+00 -1.421273946762084961e+00 -1.348947525024414062e+00 -1.274369597434997559e+00 -1.198255777359008789e+00 -1.120239615440368652e+00 -1.040495514869689941e+00 -9.613273739814758301e-01 -8.827002644538879395e-01 -8.039858937263488770e-01 -7.264932990074157715e-01 -6.507459878921508789e-01 -5.760459303855895996e-01 -5.008222460746765137e-01 -4.244291782379150391e-01 -3.466223776340484619e-01 -2.669655680656433105e-01 -1.831024885177612305e-01 -9.529497474431991577e-02 -5.899212788790464401e-03 8.506734669208526611e-02 1.770287454128265381e-01 2.697057425975799561e-01 3.629761338233947754e-01 4.580790996551513672e-01 5.555033683776855469e-01 6.529102325439453125e-01 7.471754550933837891e-01 8.404632806777954102e-01 9.346238374710083008e-01 1.028190970420837402e+00 1.123084425926208496e+00 1.219164848327636719e+00 1.315402269363403320e+00 1.412337899208068848e+00 1.511140942573547363e+00 1.611636996269226074e+00 1.712848663330078125e+00 1.812105536460876465e+00 1.909023642539978027e+00 2.005278587341308594e+00 2.099386692047119141e+00 2.191662311553955078e+00 2.283204793930053711e+00 2.373804807662963867e+00 2.464038372039794922e+00 2.554097414016723633e+00 2.643475770950317383e+00 2.732888936996459961e+00 2.823576211929321289e+00 2.914141416549682617e+00 3.005614042282104492e+00 3.096824884414672852e+00 3.186656951904296875e+00 3.277832984924316406e+00 3.367979288101196289e+00 3.457375049591064453e+00 3.546805620193481445e+00 3.634019851684570312e+00 3.718441486358642578e+00 3.799843549728393555e+00 3.877161741256713867e+00 3.950622558593750000e+00 4.019021987915039062e+00 4.082848548889160156e+00 4.143551349639892578e+00 4.200780391693115234e+00 4.256893157958984375e+00 4.314139842987060547e+00 4.372486114501953125e+00 4.431582927703857422e+00 4.492250442504882812e+00 4.554820537567138672e+00 4.619746685028076172e+00 4.686575412750244141e+00 4.752933025360107422e+00 4.819063663482666016e+00 4.884809970855712891e+00 4.949771404266357422e+00 5.014400959014892578e+00 5.076377391815185547e+00 5.137900352478027344e+00 5.199248790740966797e+00 5.257053852081298828e+00 5.310251712799072266e+00 5.357462882995605469e+00 5.398774623870849609e+00 5.434850692749023438e+00 5.464364051818847656e+00 5.488694190979003906e+00 5.509009361267089844e+00 5.524229049682617188e+00 5.534526348114013672e+00 5.541245937347412109e+00 5.543968677520751953e+00 5.541298389434814453e+00 5.535468578338623047e+00 5.525852203369140625e+00 5.512779712677001953e+00 5.499567508697509766e+00 5.485342979431152344e+00 5.470088958740234375e+00 5.455043792724609375e+00 5.438184261322021484e+00 5.416175365447998047e+00 5.390798568725585938e+00 5.364059925079345703e+00 5.333603858947753906e+00 5.299744606018066406e+00 5.265763282775878906e+00 5.232671737670898438e+00 5.199318408966064453e+00 5.165528774261474609e+00 5.129068851470947266e+00 5.086116313934326172e+00 5.034873485565185547e+00 4.974869251251220703e+00 4.905614376068115234e+00 4.827249050140380859e+00 4.737591743469238281e+00 4.637008190155029297e+00 4.528832912445068359e+00 4.412837982177734375e+00 4.287662982940673828e+00 4.154319763183593750e+00 4.015461444854736328e+00 3.871175289154052734e+00 3.723450422286987305e+00 3.575865507125854492e+00 3.430270195007324219e+00 3.289875745773315430e+00 3.156986474990844727e+00 3.032492160797119141e+00 2.919324874877929688e+00 2.821499347686767578e+00 2.740324020385742188e+00 2.672238588333129883e+00 2.614869832992553711e+00 2.566890716552734375e+00 2.527166843414306641e+00 2.492993354797363281e+00 2.461734533309936523e+00 2.429742574691772461e+00 2.395272493362426758e+00 2.358498334884643555e+00 2.316401004791259766e+00 2.268002986907958984e+00 2.212012767791748047e+00 2.149128675460815430e+00 2.080292940139770508e+00 2.003027200698852539e+00 1.917924880981445312e+00 1.826469659805297852e+00 1.728940606117248535e+00 1.626123309135437012e+00 1.520199179649353027e+00 1.410470366477966309e+00 1.296378254890441895e+00 1.176700949668884277e+00 1.051595807075500488e+00 9.265080094337463379e-01 8.039335608482360840e-01 6.839596033096313477e-01 5.669527649879455566e-01 4.533492624759674072e-01 3.414562046527862549e-01 2.312037646770477295e-01 1.254193633794784546e-01 2.584832534193992615e-02 -6.768386811017990112e-02 -1.543743759393692017e-01 -2.332283407449722290e-01 -3.028844296932220459e-01 -3.608991801738739014e-01 -4.078834354877471924e-01 -4.440466761589050293e-01 -4.704535007476806641e-01 -4.887794554233551025e-01 -4.987452924251556396e-01 -5.012410879135131836e-01 -4.978377223014831543e-01 -4.894950389862060547e-01 -4.775919020175933838e-01 -4.638910591602325439e-01 -4.482354521751403809e-01 -4.301713109016418457e-01 -4.108330607414245605e-01 -3.931703269481658936e-01 -3.768165707588195801e-01 -3.616496622562408447e-01 -3.501130342483520508e-01 -3.422590792179107666e-01 -3.381051719188690186e-01 -3.380004763603210449e-01 -3.436378836631774902e-01 -3.541447520256042480e-01 -3.678804934024810791e-01 -3.867300450801849365e-01 -4.098731279373168945e-01 -4.350756704807281494e-01 -4.620584547519683838e-01 -4.926191866397857666e-01 -5.261993408203125000e-01 -5.591336488723754883e-01 -5.921029448509216309e-01 -6.250896453857421875e-01 -6.568197607994079590e-01 -6.874153614044189453e-01 -7.159689664840698242e-01 -7.421140074729919434e-01 -7.656933665275573730e-01 -7.872831225395202637e-01 -8.064991831779479980e-01 -8.212646842002868652e-01 -8.335866928100585938e-01 -8.458563685417175293e-01 -8.568519353866577148e-01 -8.670097589492797852e-01 -8.761901855468750000e-01 -8.843408823013305664e-01 -8.927184343338012695e-01 -8.999091982841491699e-01 -9.053720831871032715e-01 -9.094735980033874512e-01 -9.114633202552795410e-01 -9.125977754592895508e-01 -9.124231934547424316e-01 -9.088802337646484375e-01 -9.039583802223205566e-01 -8.991237878799438477e-01 -8.933642506599426270e-01 -8.872381448745727539e-01 -8.815832734107971191e-01 -8.748637437820434570e-01 -8.661370873451232910e-01 -8.575326204299926758e-01 -8.486489057540893555e-01 -8.381071090698242188e-01 -8.259072303771972656e-01 -8.136899471282958984e-01 -8.014551997184753418e-01 -7.882779240608215332e-01 -7.746992707252502441e-01 -7.600210905075073242e-01 -7.445749044418334961e-01 -7.278721332550048828e-01 -7.093890905380249023e-01 -6.879913210868835449e-01 -6.653892993927001953e-01 -6.426127552986145020e-01 -6.175498366355895996e-01 -5.912652015686035156e-01 -5.635144710540771484e-01 -5.354844927787780762e-01 -5.083096623420715332e-01 -4.808207452297210693e-01 -4.535412490367889404e-01 -4.266457259654998779e-01 -3.992964327335357666e-01 -3.720518350601196289e-01 -3.451912105083465576e-01 -3.178419172763824463e-01 -2.918713986873626709e-01 -2.677335143089294434e-01 -2.440144866704940796e-01 -2.207841426134109497e-01 -1.980774104595184326e-01 -1.765225976705551147e-01 -1.560673415660858154e-01 -1.360658705234527588e-01 -1.165530905127525330e-01 -9.915215522050857544e-02 -8.386307209730148315e-02 -7.068583369255065918e-02 -5.996951460838317871e-02 -4.960225895047187805e-02 -3.970624133944511414e-02 -3.220132365822792053e-02 -2.755874954164028168e-02 -2.378883771598339081e-02 -2.129301615059375763e-02 -2.124065719544887543e-02 -2.214822731912136078e-02 -2.284635975956916809e-02 -2.375393174588680267e-02 -2.823942713439464569e-02 -3.574434295296669006e-02 -4.384266957640647888e-02 -5.345943570137023926e-02 -6.462953984737396240e-02 -7.485716789960861206e-02 -8.344419300556182861e-02 -9.292133152484893799e-02 -1.030965968966484070e-01 -1.119803264737129211e-01 -1.203229948878288269e-01 -1.281420737504959106e-01 -1.338492929935455322e-01 -1.402721107006072998e-01 -1.476373970508575439e-01 -1.515643894672393799e-01 -1.537984162569046021e-01 -1.572367101907730103e-01 -1.602212190628051758e-01 -1.611113399267196655e-01 -1.614778637886047363e-01 -1.622458100318908691e-01 -1.616174876689910889e-01 -1.597848981618881226e-01 -1.584060788154602051e-01 -1.578475832939147949e-01 -1.588773280382156372e-01 -1.605702936649322510e-01 -1.615651249885559082e-01 -1.638689637184143066e-01 -1.670105606317520142e-01 -1.701870560646057129e-01 -1.730668544769287109e-01 -1.745503842830657959e-01 -1.757895648479461670e-01 -1.772381812334060669e-01 -1.778141409158706665e-01 -1.777443289756774902e-01 -1.764527857303619385e-01 -1.740267723798751831e-01 -1.708328276872634888e-01 -1.666963994503021240e-01 -1.621759980916976929e-01 -1.577952206134796143e-01 -1.544441878795623779e-01 -1.511804163455963135e-01 -1.476548612117767334e-01 -1.455779075622558594e-01 -1.434660702943801880e-01 -1.410400569438934326e-01 -1.406735330820083618e-01 -1.411622315645217896e-01 -1.423141509294509888e-01 -1.446703374385833740e-01 -1.484751552343368530e-01 -1.519134640693664551e-01 -1.558404415845870972e-01 -1.605877429246902466e-01 -1.644274741411209106e-01 -1.672374457120895386e-01 -1.674468815326690674e-01 -1.665742248296737671e-01 -1.655968427658081055e-01 -1.642529368400573730e-01 -1.633802652359008789e-01 -1.624028831720352173e-01 -1.610589772462844849e-01 -1.598721593618392944e-01 -1.568701863288879395e-01 -1.518611013889312744e-01 -1.457175314426422119e-01 -1.372177898883819580e-01 -1.277581006288528442e-01 -1.188569217920303345e-01 -1.104967966675758362e-01 -1.014210805296897888e-01 -9.108873456716537476e-02 -8.183848857879638672e-02 -7.396705448627471924e-02 -6.761405616998672485e-02 -6.187192350625991821e-02 -5.543165653944015503e-02 -4.900884628295898438e-02 -4.230678081512451172e-02 -3.420845419168472290e-02 -2.490584924817085266e-02 -1.733111962676048279e-02 -1.047197543084621429e-02 -3.246312495321035385e-03 3.455751808360219002e-03 1.092576142400503159e-02 1.870992965996265411e-02 2.597049996256828308e-02 3.303908184170722961e-02 4.096287861466407776e-02 5.049237608909606934e-02 6.099925562739372253e-02 7.065092772245407104e-02 7.836528122425079346e-02 8.623671531677246094e-02 9.543460607528686523e-02 1.026602685451507568e-01 1.071806699037551880e-01 1.102699041366577148e-01 1.118581518530845642e-01 1.093448773026466370e-01 1.029569730162620544e-01 9.688322991132736206e-02 9.124581515789031982e-02 8.422958850860595703e-02 7.567747682332992554e-02 6.810274720191955566e-02 6.122614815831184387e-02 5.496041849255561829e-02 4.893903061747550964e-02 4.300491139292716980e-02 3.965387865900993347e-02 3.701843321323394775e-02 3.501130640506744385e-02 3.387684002518653870e-02 3.183480724692344666e-02 2.974040992558002472e-02 2.857103943824768066e-02 2.967059798538684845e-02 3.391174599528312683e-02 3.846705704927444458e-02 4.159119725227355957e-02 4.539601504802703857e-02 5.071926862001419067e-02 5.635667964816093445e-02 6.150540336966514587e-02 6.642723083496093750e-02 7.222172617912292480e-02 7.710864394903182983e-02 8.068656921386718750e-02 8.370599150657653809e-02 8.620180934667587280e-02 9.005898982286453247e-02 9.416051208972930908e-02 9.740682691335678101e-02 9.871581941843032837e-02 9.768607467412948608e-02 9.599310904741287231e-02 9.531243145465850830e-02 9.440486133098602295e-02 9.150761365890502930e-02 8.874998986721038818e-02 8.573057502508163452e-02 8.229227364063262939e-02 7.867944240570068359e-02 7.468263804912567139e-02 7.117452472448348999e-02 6.878342479467391968e-02 6.592108309268951416e-02 6.255260109901428223e-02 5.991715192794799805e-02 5.757841095328330994e-02 5.632177367806434631e-02 5.611233413219451904e-02 5.539675056934356689e-02 5.352924764156341553e-02 5.340707674622535706e-02 5.429719388484954834e-02 5.529202893376350403e-02 5.696754530072212219e-02 5.859070271253585815e-02 6.178465485572814941e-02 6.654940545558929443e-02 7.070329040288925171e-02 7.365289330482482910e-02 7.705628871917724609e-02 8.129743486642837524e-02 8.553858846426010132e-02 8.946557343006134033e-02 9.328784793615341187e-02 9.672614932060241699e-02 9.939649701118469238e-02 1.033234894275665283e-01 1.080707833170890808e-01 1.122246682643890381e-01 1.167450696229934692e-01 1.201659217476844788e-01 1.215621829032897949e-01 1.227664574980735779e-01 1.229409947991371155e-01 1.211083978414535522e-01 1.162563785910606384e-01 1.092401593923568726e-01 1.019621342420578003e-01 9.426523000001907349e-02 8.576548099517822266e-02 7.536331564188003540e-02 6.291911751031875610e-02 4.965461790561676025e-02 3.698352724313735962e-02 2.394591644406318665e-02 9.791296906769275665e-03 -3.525565145537257195e-03 -1.525417715311050415e-02 -2.666863054037094116e-02 -3.731513768434524536e-02 -4.605923965573310852e-02 -5.246459692716598511e-02 -5.885250121355056763e-02 -6.461209058761596680e-02 -6.822492182254791260e-02 -7.157595455646514893e-02 -7.452555745840072632e-02 -7.572983950376510620e-02 -7.653268426656723022e-02 -7.780677825212478638e-02 -7.770206034183502197e-02 -7.764969766139984131e-02 -7.604399323463439941e-02 -7.129669934511184692e-02 -6.810274720191955566e-02 -6.522295624017715454e-02 -6.120869517326354980e-02 -5.799729004502296448e-02 -5.543165653944015503e-02 -5.153957381844520569e-02 -4.712389037013053894e-02 -4.279547184705734253e-02 -3.881612420082092285e-02 -3.405137360095977783e-02 -2.864085324108600616e-02 -2.611012570559978485e-02 -2.382374368607997894e-02 -2.005383372306823730e-02 -1.504473853856325150e-02 -1.017526909708976746e-02 -5.654866807162761688e-03 -2.234021434560418129e-03 -2.268928074045106769e-04 2.478367416188120842e-03 5.480333697050809860e-03 8.587019518017768860e-03 1.176351867616176605e-02 1.494001876562833786e-02 1.780235767364501953e-02 2.024581842124462128e-02 2.343977242708206177e-02 2.726204320788383484e-02 3.008947707712650299e-02 3.124139271676540375e-02 3.202679008245468140e-02 3.328342735767364502e-02 3.443534672260284424e-02 3.394665569067001343e-02 3.218387067317962646e-02 2.988003753125667572e-02 2.705260366201400757e-02 2.368411794304847717e-02 1.916371472179889679e-02 1.321214251220226288e-02 6.370451766997575760e-03 -4.886921960860490799e-04 -9.285151958465576172e-03 -1.855284906923770905e-02 -2.738421596586704254e-02 -3.728023171424865723e-02 -4.604178667068481445e-02 -5.403539165854454041e-02 -6.265731900930404663e-02 -6.995279341936111450e-02 -7.545058429241180420e-02 -7.988371700048446655e-02 -8.169886469841003418e-02 -8.243189752101898193e-02 -8.304276317358016968e-02 -8.140215277671813965e-02 -7.883652299642562866e-02 -7.496189326047897339e-02 -6.927211582660675049e-02 -6.349507719278335571e-02 -5.672319978475570679e-02 -4.984660446643829346e-02 -4.326671361923217773e-02 -3.586651757359504700e-02 -2.684316411614418030e-02 -1.717403903603553772e-02 -9.773843921720981598e-03 -4.241149872541427612e-03 2.740166848525404930e-03 1.158898603171110153e-02 1.897172816097736359e-02 2.670353837311267853e-02 3.522074595093727112e-02 4.122467711567878723e-02 4.649557173252105713e-02 5.274384841322898865e-02 5.939355492591857910e-02 6.494370102882385254e-02 6.752678751945495605e-02 6.857398897409439087e-02 6.962118297815322876e-02 6.880088150501251221e-02 6.625270098447799683e-02 6.300638616085052490e-02 5.820672959089279175e-02 5.089380219578742981e-02 4.159119725227355957e-02 3.056071512401103973e-02 1.848303712904453278e-02 6.318091880530118942e-03 -7.155850064009428024e-03 -2.178170904517173767e-02 -3.626793995499610901e-02 -4.974188283085823059e-02 -6.248278543353080750e-02 -7.429866492748260498e-02 -8.541641384363174438e-02 -9.625490754842758179e-02 -1.041437983512878418e-01 -1.102000921964645386e-01 -1.170766875147819519e-01 -1.230282559990882874e-01 -1.276708394289016724e-01 -1.324006766080856323e-01 -1.368512660264968872e-01 -1.411796808242797852e-01 -1.451590359210968018e-01 -1.492954641580581665e-01 -1.544616371393203735e-01 -1.600292325019836426e-01 -1.641831248998641968e-01 -1.658935397863388062e-01 -1.687907874584197998e-01 -1.734333634376525879e-01 -1.772207319736480713e-01 -1.819156706333160400e-01 -1.873087286949157715e-01 -1.923352777957916260e-01 -1.978679746389389038e-01 -2.032610476016998291e-01 -2.092475295066833496e-01 -2.167349904775619507e-01 -2.270498871803283691e-01 -2.394417226314544678e-01 -2.530203759670257568e-01 -2.670702934265136719e-01 -2.825688123703002930e-01 -3.002489805221557617e-01 -3.184876739978790283e-01 -3.375815749168395996e-01 -3.576703369617462158e-01 -3.775321543216705322e-01 -3.953868746757507324e-01 -4.105538129806518555e-01 -4.239928424358367920e-01 -4.373446106910705566e-01 -4.481481909751892090e-01 -4.566479325294494629e-01 -4.632627367973327637e-01 -4.672246277332305908e-01 -4.701044261455535889e-01 -4.699997007846832275e-01 -4.661774337291717529e-01 -4.589343369007110596e-01 -4.484100043773651123e-01 -4.343426227569580078e-01 -4.153709113597869873e-01 -3.912329971790313721e-01 -3.643549382686614990e-01 -3.351032137870788574e-01 -3.036349415779113770e-01 -2.715732455253601074e-01 -2.389530241489410400e-01 -2.067342549562454224e-01 -1.753008663654327393e-01 -1.448448747396469116e-01 -1.166578084230422974e-01 -9.098401665687561035e-02 -6.663667410612106323e-02 -4.569271951913833618e-02 -2.832669392228126526e-02 -1.146681327372789383e-02 1.064650830812752247e-03 8.377579972147941589e-03 1.324704941362142563e-02 1.427679322659969330e-02 9.965829551219940186e-03 1.274090376682579517e-03 -1.110029406845569611e-02 -2.717477641999721527e-02 -4.667010530829429626e-02 -7.038912922143936157e-02 -9.709266573190689087e-02 -1.271995902061462402e-01 -1.618792861700057983e-01 -1.984090358018875122e-01 -2.356718033552169800e-01 -2.757969200611114502e-01 -3.195697963237762451e-01 -3.677059710025787354e-01 -4.182332456111907959e-01 -4.703487753868103027e-01 -5.275606513023376465e-01 -5.887169837951660156e-01 -6.514965295791625977e-01 -7.164925336837768555e-01 -7.827277779579162598e-01 -8.500975370407104492e-01 -9.188634753227233887e-01 -9.853605031967163086e-01 -1.048419237136840820e+00 -1.109121799468994141e+00 -1.166647911071777344e+00 -1.221311569213867188e+00 -1.271350145339965820e+00 -1.316013216972351074e+00 -1.357237815856933594e+00 -1.392022252082824707e+00 -1.420366406440734863e+00 -1.443596720695495605e+00 -1.460945248603820801e+00 -1.473040461540222168e+00 -1.480178833007812500e+00 -1.482779383659362793e+00 -1.481627464294433594e+00 -1.477682948112487793e+00 -1.471330046653747559e+00 -1.461817979812622070e+00 -1.446581244468688965e+00 -1.426160931587219238e+00 -1.401447057723999023e+00 -1.372125506401062012e+00 -1.338737368583679199e+00 -1.301457166671752930e+00 -1.261995196342468262e+00 -1.219723343849182129e+00 -1.176631212234497070e+00 -1.136366367340087891e+00 -1.098841786384582520e+00 -1.063673496246337891e+00 -1.032309889793395996e+00 -1.005658745765686035e+00 -9.818698763847351074e-01 -9.623919725418090820e-01 -9.472076296806335449e-01 -9.343969225883483887e-01 -9.257226586341857910e-01 -9.221796393394470215e-01 -9.210625886917114258e-01 -9.212371110916137695e-01 -9.250943064689636230e-01 -9.317091107368469238e-01 -9.407150149345397949e-01 -9.526007175445556641e-01 -9.656383395195007324e-01 -9.782046675682067871e-01 -9.918357133865356445e-01 -1.007491350173950195e+00 -1.024595499038696289e+00 -1.042921543121337891e+00 -1.062050342559814453e+00 -1.082470655441284180e+00 -1.102454662322998047e+00 -1.120065093040466309e+00 -1.135441422462463379e+00 -1.148321866989135742e+00 -1.157676935195922852e+00 -1.164954900741577148e+00 -1.170749425888061523e+00 -1.175967931747436523e+00 -1.179022312164306641e+00 -1.180907249450683594e+00 -1.182617664337158203e+00 -1.181727528572082520e+00 -1.179790258407592773e+00 -1.176474094390869141e+00 -1.171028614044189453e+00 -1.164082288742065430e+00 -1.155565023422241211e+00 -1.145477056503295898e+00 -1.134411692619323730e+00 -1.122351408004760742e+00 -1.107638239860534668e+00 -1.089347243309020996e+00 -1.067391037940979004e+00 -1.041403055191040039e+00 -1.008416295051574707e+00 -9.665808081626892090e-01 -9.186191558837890625e-01 -8.650026321411132812e-01 -8.040382862091064453e-01 -7.375586628913879395e-01 -6.672568321228027344e-01 -5.925567150115966797e-01 -5.151164531707763672e-01 -4.362450540065765381e-01 -3.571118116378784180e-01 -2.804045975208282471e-01 -2.049714624881744385e-01 -1.329242736101150513e-01 -6.761405616998672485e-02 -9.162978269159793854e-03 4.145156964659690857e-02 8.257152885198593140e-02 1.132020577788352966e-01 1.341983675956726074e-01 1.487369537353515625e-01 1.568701863288879395e-01 1.573239713907241821e-01 1.505870074033737183e-01 1.348790377378463745e-01 1.098859310150146484e-01 7.508406043052673340e-02 3.092723339796066284e-02 -2.111848443746566772e-02 -8.049458265304565430e-02 -1.482308059930801392e-01 -2.241002768278121948e-01 -3.070557713508605957e-01 -3.979525268077850342e-01 -4.946088492870330811e-01 -5.942497253417968750e-01 -6.976255774497985840e-01 -8.062897324562072754e-01 -9.183922410011291504e-01 -1.031890988349914551e+00 -1.145319938659667969e+00 -1.257771492004394531e+00 -1.370781540870666504e+00 -1.482430338859558105e+00 -1.591007232666015625e+00 -1.698973298072814941e+00 -1.805089354515075684e+00 -1.907941579818725586e+00 -2.008210659027099609e+00 -2.106472730636596680e+00 -2.205485343933105469e+00 -2.304811954498291016e+00 -2.403964042663574219e+00 -2.504914045333862305e+00 -2.606928586959838867e+00 -2.709693431854248047e+00 -2.815600156784057617e+00 -2.922780752182006836e+00 -3.028914213180541992e+00 -3.134925365447998047e+00 -3.240884304046630859e+00 -3.345255136489868164e+00 -3.443918466567993164e+00 -3.533628463745117188e+00 -3.612133502960205078e+00 -3.676605939865112305e+00 -3.725562334060668945e+00 -3.756856203079223633e+00 -3.769597053527832031e+00 -3.764046907424926758e+00 -3.741584539413452148e+00 -3.703414201736450195e+00 -3.649675369262695312e+00 -3.582043886184692383e+00 -3.502736091613769531e+00 -3.412380456924438477e+00 -3.309318780899047852e+00 -3.193184614181518555e+00 -3.064169883728027344e+00 -2.923583507537841797e+00 -2.771670103073120117e+00 -2.608830928802490234e+00 -2.436165571212768555e+00 -2.254773378372192383e+00 -2.066993474960327148e+00 -1.873139739036560059e+00 -1.675550937652587891e+00 -1.476443767547607422e+00 -1.278296589851379395e+00 -1.084634900093078613e+00 -8.975355625152587891e-01 -7.165972590446472168e-01 -5.409822463989257812e-01 -3.697654604911804199e-01 -2.012713700532913208e-01 -3.609341010451316833e-02 1.280198991298675537e-01 2.923600971698760986e-01 4.583758115768432617e-01 6.278996467590332031e-01 7.972838282585144043e-01 9.643990993499755859e-01 1.131531834602355957e+00 1.299624562263488770e+00 1.466512918472290039e+00 1.632930040359497070e+00 1.799469351768493652e+00 1.965432763099670410e+00 2.132722616195678711e+00 2.300553321838378906e+00 2.468942642211914062e+00 2.638798236846923828e+00 2.808321952819824219e+00 2.979277133941650391e+00 3.153024435043334961e+00 3.327278137207031250e+00 3.499210596084594727e+00 3.669258117675781250e+00 3.840108394622802734e+00 4.010347843170166016e+00 4.176537990570068359e+00 4.337928771972656250e+00 4.492651939392089844e+00 4.639574050903320312e+00 4.777978420257568359e+00 4.905649185180664062e+00 5.021068096160888672e+00 5.125491142272949219e+00 5.220715999603271484e+00 5.306813240051269531e+00 5.386051177978515625e+00 5.461239814758300781e+00 5.534142494201660156e+00 5.602314949035644531e+00 5.662895202636718750e+00 5.715010643005371094e+00 5.756113529205322266e+00 5.784213066101074219e+00 5.799432277679443359e+00 5.802155017852783203e+00 5.795382976531982422e+00 5.784405231475830078e+00 5.768575191497802734e+00 5.745728492736816406e+00 5.718431472778320312e+00 5.688691139221191406e+00 5.657659053802490234e+00 5.624812126159667969e+00 5.591877937316894531e+00 5.561107635498046875e+00 5.533758163452148438e+00 5.509044647216796875e+00 5.485412597656250000e+00 5.462862968444824219e+00 5.440104007720947266e+00 5.415058612823486328e+00 5.385614871978759766e+00 5.349626064300537109e+00 5.304997920989990234e+00 5.250857830047607422e+00 5.186507701873779297e+00 5.112034320831298828e+00 5.026792526245117188e+00 4.933068275451660156e+00 4.830215930938720703e+00 4.717328071594238281e+00 4.597197055816650391e+00 4.470346927642822266e+00 4.336951255798339844e+00 4.195527076721191406e+00 4.045481204986572266e+00 3.889710664749145508e+00 3.730676174163818359e+00 3.567452907562255859e+00 3.401908397674560547e+00 3.236032485961914062e+00 3.070348262786865234e+00 2.906322240829467773e+00 2.744547605514526367e+00 2.586211442947387695e+00 2.433076143264770508e+00 2.287725210189819336e+00 2.150908946990966797e+00 2.023883819580078125e+00 1.907470345497131348e+00 1.801371812820434570e+00 1.707996606826782227e+00 1.624866604804992676e+00 1.549974560737609863e+00 1.482255816459655762e+00 1.417120099067687988e+00 1.353049039840698242e+00 1.287197828292846680e+00 1.214941143989562988e+00 1.135982394218444824e+00 1.051752805709838867e+00 9.622349143028259277e-01 8.680220246315002441e-01 7.722383737564086914e-01 6.770655512809753418e-01 5.827654600143432617e-01 4.885176420211791992e-01 3.942873179912567139e-01 2.994286715984344482e-01 2.033657580614089966e-01 1.068141534924507141e-01 8.813912980258464813e-03 -8.977973461151123047e-02 -1.883035749197006226e-01 -2.877524197101593018e-01 -3.900985419750213623e-01 -4.933173060417175293e-01 -5.968676805496215820e-01 -7.031058669090270996e-01 -8.097978830337524414e-01 -9.157218933105468750e-01 -1.020703434944152832e+00 -1.123712778091430664e+00 -1.225936770439147949e+00 -1.328788995742797852e+00 -1.432199716567993164e+00 -1.536151528358459473e+00 -1.639073610305786133e+00 -1.742833375930786133e+00 -1.849455595016479492e+00 -1.957578778266906738e+00 -2.069751024246215820e+00 -2.187072038650512695e+00 -2.307098388671875000e+00 -2.429829835891723633e+00 -2.555528640747070312e+00 -2.680878162384033203e+00 -2.803557157516479492e+00 -2.923251867294311523e+00 -3.041096687316894531e+00 -3.156916618347167969e+00 -3.270048856735229492e+00 -3.385833978652954102e+00 -3.505581140518188477e+00 -3.627230405807495117e+00 -3.752492666244506836e+00 -3.882397651672363281e+00 -4.013559341430664062e+00 -4.143655776977539062e+00 -4.270453929901123047e+00 -4.390567779541015625e+00 -4.501012325286865234e+00 -4.597109794616699219e+00 -4.680100440979003906e+00 -4.750489711761474609e+00 -4.804717063903808594e+00 -4.844772338867187500e+00 -4.874338150024414062e+00 -4.894583702087402344e+00 -4.907237529754638672e+00 -4.914916992187500000e+00 -4.918983459472656250e+00 -4.921269893646240234e+00 -4.925039768218994141e+00 -4.930991649627685547e+00 -4.937850475311279297e+00 -4.947886466979980469e+00 -4.963646411895751953e+00 -4.981745719909667969e+00 -5.001118659973144531e+00 -5.025413990020751953e+00 -5.056131362915039062e+00 -5.092940330505371094e+00 -5.135386943817138672e+00 -5.182650566101074219e+00 -5.232182979583740234e+00 -5.282971858978271484e+00 -5.332993030548095703e+00 -5.379558563232421875e+00 -5.423436164855957031e+00 -5.465289115905761719e+00 -5.503477096557617188e+00 -5.537650585174560547e+00 -5.566709995269775391e+00 -5.588631629943847656e+00 -5.602925777435302734e+00 -5.608109474182128906e+00 -5.603903293609619141e+00 -5.587357521057128906e+00 -5.558856010437011719e+00 -5.521366596221923828e+00 -5.473265171051025391e+00 -5.415512084960937500e+00 -5.350009918212890625e+00 -5.279167175292968750e+00 -5.206456661224365234e+00 -5.132978439331054688e+00 -5.056672573089599609e+00 -4.977941036224365234e+00 -4.899505615234375000e+00 -4.819272994995117188e+00 -4.736753940582275391e+00 -4.652977943420410156e+00 -4.568992614746093750e+00 -4.484623432159423828e+00 -4.397898197174072266e+00 -4.311137676239013672e+00 -4.228164672851562500e+00 -4.146727561950683594e+00 -4.065918922424316406e+00 -3.987885236740112305e+00 -3.911614418029785156e+00 -3.838904142379760742e+00 -3.770173072814941406e+00 -3.702733516693115234e+00 -3.637405872344970703e+00 -3.572304964065551758e+00 -3.504778146743774414e+00 -3.436884880065917969e+00 -3.368537902832031250e+00 -3.298096418380737305e+00 -3.224286317825317383e+00 -3.146898508071899414e+00 -3.065217018127441406e+00 -2.978299617767333984e+00 -2.884523153305053711e+00 -2.781653404235839844e+00 -2.669079542160034180e+00 -2.546540021896362305e+00 -2.415867328643798828e+00 -2.279347658157348633e+00 -2.138551950454711914e+00 -1.997599124908447266e+00 -1.858147382736206055e+00 -1.719009637832641602e+00 -1.584095716476440430e+00 -1.455936193466186523e+00 -1.334024906158447266e+00 -1.220630884170532227e+00 -1.117028117179870605e+00 -1.022780418395996094e+00 -9.481152296066284180e-01 -8.848993778228759766e-01 -8.096058964729309082e-01 -7.420442104339599609e-01 -6.914820075035095215e-01 -6.434505581855773926e-01 -5.926439762115478516e-01 -5.486093163490295410e-01 -5.174377560615539551e-01 -4.902106225490570068e-01 -4.680972993373870850e-01 -4.512025117874145508e-01 -4.402244091033935547e-01 -4.357388913631439209e-01 -4.361403286457061768e-01 -4.410272538661956787e-01 -4.518657326698303223e-01 -4.654269516468048096e-01 -4.778886139392852783e-01 -4.924272000789642334e-01 -5.062327384948730469e-01 -5.181707739830017090e-01 -5.287125706672668457e-01 -5.348910689353942871e-01 -5.386784076690673828e-01 -5.405284762382507324e-01 -5.400223135948181152e-01 -5.363397002220153809e-01 -5.297946929931640625e-01 -5.195496082305908203e-01 -5.037020444869995117e-01 -4.824264645576477051e-01 -4.570319056510925293e-01 -4.293335378170013428e-01 -3.997502028942108154e-01 -3.678281307220458984e-01 -3.352603018283843994e-01 -3.033731281757354736e-01 -2.711543440818786621e-01 -2.400351315736770630e-01 -2.097013145685195923e-01 -1.809382885694503784e-01 -1.547059863805770874e-01 -1.295208781957626343e-01 -1.034805700182914734e-01 -8.119271695613861084e-02 -6.424556672573089600e-02 -4.756022244691848755e-02 -3.286454826593399048e-02 -2.026327326893806458e-02 -9.442231617867946625e-03 9.250245057046413422e-04 1.336922217160463333e-02 2.631956525146961212e-02 4.012512043118476868e-02 5.520476400852203369e-02 6.860889494419097900e-02 8.194320648908615112e-02 9.747663885354995728e-02 1.135860309004783630e-01 1.283515095710754395e-01 1.454033851623535156e-01 1.615127623081207275e-01 1.756324768066406250e-01 1.918116807937622070e-01 2.065946161746978760e-01 2.211332172155380249e-01 2.346246093511581421e-01 2.461088746786117554e-01 2.580469250679016113e-01 2.689028680324554443e-01 2.783800065517425537e-01 2.866528630256652832e-01 2.925520837306976318e-01 2.974739074707031250e-01 3.016801476478576660e-01 3.059213161468505859e-01 3.089058101177215576e-01 3.079109787940979004e-01 3.034080266952514648e-01 2.965314388275146484e-01 2.886774539947509766e-01 2.797937393188476562e-01 2.698628008365631104e-01 2.598271667957305908e-01 2.506991028785705566e-01 2.425484061241149902e-01 2.354623675346374512e-01 2.303485572338104248e-01 2.270149737596511841e-01 2.250252962112426758e-01 2.235941290855407715e-01 2.230007201433181763e-01 2.224422097206115723e-01 2.193704396486282349e-01 2.146580368280410767e-01 2.092649787664413452e-01 2.020218670368194580e-01 1.918116807937622070e-01 1.797689050436019897e-01 1.657015532255172729e-01 1.489289402961730957e-01 1.317025423049926758e-01 1.133067756891250610e-01 9.320057928562164307e-02 7.396705448627471924e-02 5.351179465651512146e-02 3.193952515721321106e-02 1.083849463611841202e-02 -1.097812131047248840e-02 -3.218387067317962646e-02 -5.312782153487205505e-02 -7.585200667381286621e-02 -9.993755072355270386e-02 -1.233249679207801819e-01 -1.467298269271850586e-01 -1.704488545656204224e-01 -1.939933449029922485e-01 -2.181137949228286743e-01 -2.424436807632446289e-01 -2.668608427047729492e-01 -2.897421121597290039e-01 -3.110525906085968018e-01 -3.307747840881347656e-01 -3.470063507556915283e-01 -3.611958920955657959e-01 -3.729594051837921143e-01 -3.793298602104187012e-01 -3.812846243381500244e-01 -3.814591467380523682e-01 -3.783699274063110352e-01 -3.711093664169311523e-01 -3.605850338935852051e-01 -3.471459746360778809e-01 -3.306351602077484131e-01 -3.106511533260345459e-01 -2.895850241184234619e-01 -2.680651247501373291e-01 -2.441541105508804321e-01 -2.192657142877578735e-01 -1.949358284473419189e-01 -1.698728948831558228e-01 -1.442165523767471313e-01 -1.189267337322235107e-01 -9.253735840320587158e-02 -6.475171446800231934e-02 -3.639011457562446594e-02 -1.033234875649213791e-02 1.413716655224561691e-02 3.895574808120727539e-02 6.136577576398849487e-02 8.215264976024627686e-02 1.013512685894966125e-01 1.180017068982124329e-01 1.323657631874084473e-01 1.445132642984390259e-01 1.532573550939559937e-01 1.590169519186019897e-01 1.632580906152725220e-01 1.627694070339202881e-01 1.559451669454574585e-01 1.478119343519210815e-01 1.394343525171279907e-01 1.284562349319458008e-01 1.145285069942474365e-01 9.843657165765762329e-02 8.210028707981109619e-02 6.693337857723236084e-02 5.286602303385734558e-02 3.923500329256057739e-02 2.612757869064807892e-02 1.446877978742122650e-02 4.991641733795404434e-03 -3.263765713199973106e-03 -1.073377486318349838e-02 -1.851794309914112091e-02 -2.768092229962348938e-02 -3.583160787820816040e-02 -4.324925690889358521e-02 -5.162683874368667603e-02 -5.946336686611175537e-02 -6.770132482051849365e-02 -7.642796635627746582e-02 -8.313003182411193848e-02 -8.648106455802917480e-02 -8.848819136619567871e-02 -8.993681520223617554e-02 -9.019861370325088501e-02 -8.969247341156005859e-02 -8.820894360542297363e-02 -8.665559440851211548e-02 -8.351400494575500488e-02 -7.969173043966293335e-02 -7.656759768724441528e-02 -7.150614261627197266e-02 -6.503096967935562134e-02 -5.860815569758415222e-02 -5.126031860709190369e-02 -4.478514939546585083e-02 -3.806563094258308411e-02 -2.837905287742614746e-02 -1.905899494886398315e-02 -1.085594762116670609e-02 -2.146754879504442215e-03 7.068583276122808456e-03 1.617920212447643280e-02 2.305579930543899536e-02 2.741912193596363068e-02 3.204424679279327393e-02 3.612831607460975647e-02 3.874630853533744812e-02 4.138175770640373230e-02 4.372049868106842041e-02 4.562290757894515991e-02 5.017821490764617920e-02 5.520476400852203369e-02 5.850343778729438782e-02 6.173229590058326721e-02 6.431538611650466919e-02 6.663667410612106323e-02 6.820746511220932007e-02 6.948155909776687622e-02 7.031931728124618530e-02 7.065092772245407104e-02 7.141887396574020386e-02 7.298967242240905762e-02 7.426375895738601685e-02 7.635815441608428955e-02 7.911577820777893066e-02 8.211774379014968872e-02 8.524188399314880371e-02 8.683013170957565308e-02 8.779006451368331909e-02 9.101892262697219849e-02 9.548696130514144897e-02 9.700539708137512207e-02 9.824458509683609009e-02 1.012814566493034363e-01 1.040914356708526611e-01 1.071283072233200073e-01 1.108807697892189026e-01 1.149473860859870911e-01 1.191187202930450439e-01 1.233424171805381775e-01 1.278977245092391968e-01 1.322959512472152710e-01 1.362753063440322876e-01 1.388583928346633911e-01 1.392772793769836426e-01 1.378635615110397339e-01 1.350710242986679077e-01 1.307949721813201904e-01 1.246165111660957336e-01 1.176875531673431396e-01 1.101477295160293579e-01 1.010720133781433105e-01 9.073966741561889648e-02 7.864453643560409546e-02 6.583382189273834229e-02 5.241223797202110291e-02 3.748967126011848450e-02 2.319542504847049713e-02 9.808750823140144348e-03 -4.153883550316095352e-03 -1.930334232747554779e-02 -3.619812801480293274e-02 -5.445427075028419495e-02 -7.197737693786621094e-02 -8.920377492904663086e-02 -1.078962534666061401e-01 -1.271995902061462402e-01 -1.454557329416275024e-01 -1.626821458339691162e-01 -1.788438856601715088e-01 -1.939409822225570679e-01 -2.079734355211257935e-01 -2.222153246402740479e-01 -2.365444749593734741e-01 -2.489886730909347534e-01 -2.594257295131683350e-01 -2.674717009067535400e-01 -2.719921171665191650e-01 -2.735280096530914307e-01 -2.750988006591796875e-01 -2.770012021064758301e-01 -2.777691483497619629e-01 -2.752384245395660400e-01 -2.716954052448272705e-01 -2.696184515953063965e-01 -2.665641307830810547e-01 -2.624800801277160645e-01 -2.586054205894470215e-01 -2.557605504989624023e-01 -2.523920536041259766e-01 -2.478716522455215454e-01 -2.431941777467727661e-01 -2.384468764066696167e-01 -2.324080467224121094e-01 -2.233148813247680664e-01 -2.133141458034515381e-01 -2.038719058036804199e-01 -1.927716135978698730e-01 -1.803623288869857788e-01 -1.680403053760528564e-01 -1.557706296443939209e-01 -1.454208344221115112e-01 -1.355073601007461548e-01 -1.251750141382217407e-01 -1.159073188900947571e-01 -1.070934012532234192e-01 -1.000248193740844727e-01 -9.368927031755447388e-02 -8.669050037860870361e-02 -7.941248267889022827e-02 -7.171557843685150146e-02 -6.417575478553771973e-02 -5.667084082961082458e-02 -4.920083284378051758e-02 -4.365068301558494568e-02 -4.169591516256332397e-02 -4.248131439089775085e-02 -4.501204192638397217e-02 -4.982915148138999939e-02 -5.747369304299354553e-02 -6.688101589679718018e-02 -7.641051709651947021e-02 -8.501498401165008545e-02 -9.388125687837600708e-02 -1.031838655471801758e-01 -1.113869100809097290e-01 -1.188220158219337463e-01 -1.250004768371582031e-01 -1.310044080018997192e-01 -1.384918689727783203e-01 -1.459444314241409302e-01 -1.540427654981613159e-01 -1.623854339122772217e-01 -1.695761829614639282e-01 -1.756499409675598145e-01 -1.819156706333160400e-01 -1.885653734207153320e-01 -1.938013583421707153e-01 -1.975014507770538330e-01 -2.002765238285064697e-01 -2.020393162965774536e-01 -2.024407386779785156e-01 -2.016553431749343872e-01 -2.003812491893768311e-01 -1.992467939853668213e-01 -1.987755447626113892e-01 -1.992118805646896362e-01 -1.994038671255111694e-01 -2.004161626100540161e-01 -2.033483088016510010e-01 -2.061233818531036377e-01 -2.088460922241210938e-01 -2.121447771787643433e-01 -2.150769233703613281e-01 -2.181661576032638550e-01 -2.213077545166015625e-01 -2.244842499494552612e-01 -2.286206781864166260e-01 -2.331410795450210571e-01 -2.371902465820312500e-01 -2.413615882396697998e-01 -2.452711164951324463e-01 -2.493900954723358154e-01 -2.535963356494903564e-01 -2.571917176246643066e-01 -2.611885070800781250e-01 -2.662848830223083496e-01 -2.721491754055023193e-01 -2.786418199539184570e-01 -2.869670391082763672e-01 -2.960253059864044189e-01 -3.053977191448211670e-01 -3.167947232723236084e-01 -3.315252959728240967e-01 -3.476346731185913086e-01 -3.624001741409301758e-01 -3.781779408454895020e-01 -3.959802985191345215e-01 -4.136430323123931885e-01 -4.315501153469085693e-01 -4.492652118206024170e-01 -4.665788710117340088e-01 -4.853062629699707031e-01 -5.042780041694641113e-01 -5.227435827255249023e-01 -5.419421792030334473e-01 -5.595350861549377441e-01 -5.745972990989685059e-01 -5.889264345169067383e-01 -6.023305654525756836e-01 -6.150540113449096680e-01 -6.262241601943969727e-01 -6.358234286308288574e-01 -6.444628238677978516e-01 -6.511474251747131348e-01 -6.563833951950073242e-01 -6.607292890548706055e-01 -6.631203889846801758e-01 -6.637836098670959473e-01 -6.643770337104797363e-01 -6.636614203453063965e-01 -6.614797711372375488e-01 -6.587046980857849121e-01 -6.553536653518676758e-01 -6.517931818962097168e-01 -6.487563252449035645e-01 -6.462604999542236328e-01 -6.433458328247070312e-01 -6.402740478515625000e-01 -6.349158883094787598e-01 -6.267302632331848145e-01 -6.167818903923034668e-01 -6.064146757125854492e-01 -5.952445268630981445e-01 -5.809153914451599121e-01 -5.634097456932067871e-01 -5.417676568031311035e-01 -5.162160396575927734e-01 -4.875228106975555420e-01 -4.531049132347106934e-01 -4.110075831413269043e-01 -3.613529801368713379e-01 -3.026400804519653320e-01 -2.354972809553146362e-01 -1.620887219905853271e-01 -8.169886469841003418e-02 7.190756499767303467e-03 1.036725565791130066e-01 2.076418250799179077e-01 3.203551769256591797e-01 4.416730105876922607e-01 5.737595558166503906e-01 7.149567008018493652e-01 8.633270859718322754e-01 1.017788767814636230e+00 1.177573680877685547e+00 1.343920946121215820e+00 1.515486836433410645e+00 1.691695332527160645e+00 1.871045351028442383e+00 2.053275108337402344e+00 2.237599372863769531e+00 2.424052953720092773e+00 2.613264083862304688e+00 2.804866313934326172e+00 2.999330759048461914e+00 3.193062305450439453e+00 3.385869026184082031e+00 3.577034950256347656e+00 3.762161970138549805e+00 3.941372394561767578e+00 4.115643501281738281e+00 4.281589508056640625e+00 4.438459396362304688e+00 4.586899757385253906e+00 4.726875305175781250e+00 4.861178398132324219e+00 4.990961074829101562e+00 5.115455150604248047e+00 5.235569000244140625e+00 5.351371288299560547e+00 5.461012840270996094e+00 5.564668178558349609e+00 5.661778450012207031e+00 5.750231742858886719e+00 5.827270507812500000e+00 5.889875411987304688e+00 5.937139034271240234e+00 5.967106342315673828e+00 5.979934215545654297e+00 5.978852272033691406e+00 5.963249206542968750e+00 5.934171676635742188e+00 5.895826816558837891e+00 5.850238800048828125e+00 5.798524856567382812e+00 5.741818904876708984e+00 5.680226325988769531e+00 5.614113330841064453e+00 5.544910907745361328e+00 5.473195552825927734e+00 5.399804115295410156e+00 5.325104236602783203e+00 5.249566555023193359e+00 5.175581932067871094e+00 5.103168010711669922e+00 5.031696796417236328e+00 4.961586952209472656e+00 4.891372680664062500e+00 4.819238185882568359e+00 4.744433403015136719e+00 4.666312217712402344e+00 4.586847305297851562e+00 4.505270957946777344e+00 4.419348239898681641e+00 4.329760551452636719e+00 4.234587669372558594e+00 4.133986949920654297e+00 4.027068138122558594e+00 3.914407014846801758e+00 3.797539710998535156e+00 3.675471305847167969e+00 3.547835588455200195e+00 3.413794279098510742e+00 3.275913238525390625e+00 3.133302211761474609e+00 2.985612630844116211e+00 2.833646774291992188e+00 2.678661584854125977e+00 2.522471904754638672e+00 2.367661237716674805e+00 2.216899871826171875e+00 2.069052934646606445e+00 1.924906134605407715e+00 1.787321925163269043e+00 1.657783508300781250e+00 1.533079743385314941e+00 1.412564754486083984e+00 1.298175930976867676e+00 1.189110279083251953e+00 1.083482980728149414e+00 9.817826151847839355e-01 8.845154047012329102e-01 7.906166911125183105e-01 6.987425684928894043e-01 6.067462563514709473e-01 5.143659710884094238e-01 4.202752709388732910e-01 3.232698738574981689e-01 2.225294858217239380e-01 1.168323382735252380e-01 5.305801052600145340e-03 -1.129751652479171753e-01 -2.372076958417892456e-01 -3.638487756252288818e-01 -4.924097359180450439e-01 -6.249151229858398438e-01 -7.599686980247497559e-01 -8.957553505897521973e-01 -1.031192898750305176e+00 -1.165862441062927246e+00 -1.301177859306335449e+00 -1.435795068740844727e+00 -1.567602396011352539e+00 -1.697018504142761230e+00 -1.823240756988525391e+00 -1.945640683174133301e+00 -2.066469907760620117e+00 -2.184785604476928711e+00 -2.299872636795043945e+00 -2.413929939270019531e+00 -2.525386810302734375e+00 -2.632951259613037109e+00 -2.736065387725830078e+00 -2.835479259490966797e+00 -2.931507349014282227e+00 -3.023625850677490234e+00 -3.111939430236816406e+00 -3.196169137954711914e+00 -3.278129816055297852e+00 -3.357891321182250977e+00 -3.434231996536254883e+00 -3.507902383804321289e+00 -3.581782102584838867e+00 -3.654457569122314453e+00 -3.724131107330322266e+00 -3.792897224426269531e+00 -3.860336780548095703e+00 -3.925664424896240234e+00 -3.989194393157958984e+00 -4.051345348358154297e+00 -4.110739231109619141e+00 -4.166781425476074219e+00 -4.219909191131591797e+00 -4.270576477050781250e+00 -4.317386150360107422e+00 -4.358226776123046875e+00 -4.390637397766113281e+00 -4.413291931152343750e+00 -4.427568912506103516e+00 -4.433066368103027344e+00 -4.428982257843017578e+00 -4.412488937377929688e+00 -4.383359432220458984e+00 -4.342466354370117188e+00 -4.286371707916259766e+00 -4.215546131134033203e+00 -4.132119178771972656e+00 -4.036300659179687500e+00 -3.928474426269531250e+00 -3.809460401535034180e+00 -3.680218696594238281e+00 -3.539859294891357422e+00 -3.389307260513305664e+00 -3.230168104171752930e+00 -3.062162637710571289e+00 -2.883632898330688477e+00 -2.696690797805786133e+00 -2.504756927490234375e+00 -2.307011127471923828e+00 -2.105303287506103516e+00 -1.901675820350646973e+00 -1.696634531021118164e+00 -1.492605566978454590e+00 -1.290234684944152832e+00 -1.088858604431152344e+00 -8.894721269607543945e-01 -6.921626925468444824e-01 -4.975759088993072510e-01 -3.053802549839019775e-01 -1.154011711478233337e-01 7.049384713172912598e-02 2.263343036174774170e-01 3.702715933322906494e-01 5.626766681671142578e-01 7.470532655715942383e-01 9.007120728492736816e-01 1.092977523803710938e+00 1.298123478889465332e+00 1.456128239631652832e+00 1.592717647552490234e+00 1.743025422096252441e+00 1.920350909233093262e+00 2.083748579025268555e+00 2.216550588607788086e+00 2.356473684310913086e+00 2.516625165939331055e+00 2.663581848144531250e+00 2.783678054809570312e+00 2.910842657089233398e+00 3.039002180099487305e+00 3.163444280624389648e+00 3.283854484558105469e+00 3.402309894561767578e+00 3.516489267349243164e+00 3.643462181091308594e+00 3.759543895721435547e+00 3.852238416671752930e+00 3.948371171951293945e+00 4.056930541992187500e+00 4.154477119445800781e+00 4.231725215911865234e+00 4.311469554901123047e+00 4.402017116546630859e+00 4.484012603759765625e+00 4.546739578247070312e+00 4.610461711883544922e+00 4.673642635345458984e+00 4.735357284545898438e+00 4.795501708984375000e+00 4.853132247924804688e+00 4.908144950866699219e+00 4.960225582122802734e+00 5.009496212005615234e+00 5.057021617889404297e+00 5.103517055511474609e+00 5.157151222229003906e+00 5.206456661224365234e+00 5.245464801788330078e+00 5.285642147064208984e+00 5.329135894775390625e+00 5.366730213165283203e+00 5.393712997436523438e+00 5.421742916107177734e+00 5.449249744415283203e+00 5.471816539764404297e+00 5.491416454315185547e+00 5.508224010467529297e+00 5.522640705108642578e+00 5.536411285400390625e+00 5.547686100006103516e+00 5.555749416351318359e+00 5.564092159271240234e+00 5.573150634765625000e+00 5.580637931823730469e+00 5.587479591369628906e+00 5.593728065490722656e+00 5.597532749176025391e+00 5.600028514862060547e+00 5.603257179260253906e+00 5.607411384582519531e+00 5.613519668579101562e+00 5.622316360473632812e+00 5.635057449340820312e+00 5.651603221893310547e+00 5.673175334930419922e+00 5.700262546539306641e+00 5.730544090270996094e+00 5.763705253601074219e+00 5.799921035766601562e+00 5.837079048156738281e+00 5.873033046722412109e+00 5.906612873077392578e+00 5.937313556671142578e+00 5.966547489166259766e+00 5.993600368499755859e+00 6.019448757171630859e+00 6.043848514556884766e+00 6.064530372619628906e+00 6.078929424285888672e+00 6.085736274719238281e+00 6.083153247833251953e+00 6.071354866027832031e+00 6.051091194152832031e+00 6.021071910858154297e+00 5.984856128692626953e+00 5.942025661468505859e+00 5.890817642211914062e+00 5.835560798645019531e+00 5.778034687042236328e+00 5.716756343841552734e+00 5.654238224029541016e+00 5.590603828430175781e+00 5.523984432220458984e+00 5.454241275787353516e+00 5.378511428833007812e+00 5.296550750732421875e+00 5.209546089172363281e+00 5.116031169891357422e+00 5.016111373901367188e+00 4.911670684814453125e+00 4.804141044616699219e+00 4.696611404418945312e+00 4.589395523071289062e+00 4.481359958648681641e+00 4.376797199249267578e+00 4.277400493621826172e+00 4.183292388916015625e+00 4.095746517181396484e+00 4.015286922454833984e+00 3.940866231918334961e+00 3.872065305709838867e+00 3.806196451187133789e+00 3.739908933639526367e+00 3.672224998474121094e+00 3.597629785537719727e+00 3.512038707733154297e+00 3.416272640228271484e+00 3.308795213699340820e+00 3.188978433609008789e+00 3.057834386825561523e+00 2.913861989974975586e+00 2.757725000381469727e+00 2.589998722076416016e+00 2.410613775253295898e+00 2.220180988311767578e+00 2.019572734832763672e+00 1.810709238052368164e+00 1.594061613082885742e+00 1.372055649757385254e+00 1.148793220520019531e+00 9.266127347946166992e-01 7.102268338203430176e-01 5.031434893608093262e-01 3.049090206623077393e-01 1.175304725766181946e-01 -5.625196173787117004e-02 -2.169618755578994751e-01 -3.641280531883239746e-01 -4.985184073448181152e-01 -6.226636767387390137e-01 -7.375935912132263184e-01 -8.471828103065490723e-01 -9.546078443527221680e-01 -1.059886097908020020e+00 -1.166490793228149414e+00 -1.276813030242919922e+00 -1.390835404396057129e+00 -1.508592844009399414e+00 -1.630696058273315430e+00 -1.758366823196411133e+00 -1.893664836883544922e+00 -2.036484956741333008e+00 -2.184890508651733398e+00 -2.339037895202636719e+00 -2.497112274169921875e+00 -2.659620046615600586e+00 -2.827415943145751953e+00 -2.997655391693115234e+00 -3.166079521179199219e+00 -3.331536769866943359e+00 -3.493258953094482422e+00 -3.650303840637207031e+00 -3.800716161727905273e+00 -3.942751169204711914e+00 -4.080108642578125000e+00 -4.211462020874023438e+00 -4.335938930511474609e+00 -4.454795837402343750e+00 -4.565659046173095703e+00 -4.668563842773437500e+00 -4.766633987426757812e+00 -4.858315944671630859e+00 -4.942667484283447266e+00 -5.020544528961181641e+00 -5.092032909393310547e+00 -5.159629344940185547e+00 -5.224084377288818359e+00 -5.284089088439941406e+00 -5.339765071868896484e+00 -5.392089843750000000e+00 -5.439598083496093750e+00 -5.482602596282958984e+00 -5.522832393646240234e+00 -5.559728622436523438e+00 -5.593379020690917969e+00 -5.623154163360595703e+00 -5.648548603057861328e+00 -5.670871257781982422e+00 -5.691012382507324219e+00 -5.709931850433349609e+00 -5.727420330047607422e+00 -5.744018077850341797e+00 -5.762763023376464844e+00 -5.780809879302978516e+00 -5.795418262481689453e+00 -5.807356357574462891e+00 -5.814738750457763672e+00 -5.818386554718017578e+00 -5.819538593292236328e+00 -5.817496299743652344e+00 -5.812242984771728516e+00 -5.803463935852050781e+00 -5.790112495422363281e+00 -5.774264812469482422e+00 -5.756130695343017578e+00 -5.735186576843261719e+00 -5.712759494781494141e+00 -5.689441680908203125e+00 -5.665112018585205078e+00 -5.638164043426513672e+00 -5.608877182006835938e+00 -5.578020095825195312e+00 -5.544631958007812500e+00 -5.507369041442871094e+00 -5.465690612792968750e+00 -5.421568393707275391e+00 -5.375212669372558594e+00 -5.323515892028808594e+00 -5.267421245574951172e+00 -5.209563255310058594e+00 -5.151287078857421875e+00 -5.091578960418701172e+00 -5.028782367706298828e+00 -4.963122844696044922e+00 -4.896625995635986328e+00 -4.831053733825683594e+00 -4.763631820678710938e+00 -4.694534301757812500e+00 -4.626640796661376953e+00 -4.560178756713867188e+00 -4.493978500366210938e+00 -4.427900314331054688e+00 -4.363113880157470703e+00 -4.299513816833496094e+00 -4.237310409545898438e+00 -4.178544998168945312e+00 -4.121472835540771484e+00 -4.064156055450439453e+00 -4.007991313934326172e+00 -3.954846143722534180e+00 -3.905418634414672852e+00 -3.858800888061523438e+00 -3.815830707550048828e+00 -3.777817487716674805e+00 -3.744987964630126953e+00 -3.715840816497802734e+00 -3.689451456069946289e+00 -3.665138959884643555e+00 -3.640407800674438477e+00 -3.613931179046630859e+00 -3.585482120513916016e+00 -3.552739858627319336e+00 -3.516070604324340820e+00 -3.477463722229003906e+00 -3.435558557510375977e+00 -3.389132738113403320e+00 -3.339617729187011719e+00 -3.286646842956542969e+00 -3.229103565216064453e+00 -3.169378280639648438e+00 -3.107820510864257812e+00 -3.044883966445922852e+00 -2.981388807296752930e+00 -2.917352676391601562e+00 -2.853403806686401367e+00 -2.791392326354980469e+00 -2.731440305709838867e+00 -2.670720338821411133e+00 -2.611920118331909180e+00 -2.557692766189575195e+00 -2.507514476776123047e+00 -2.460582733154296875e+00 -2.417176246643066406e+00 -2.380245208740234375e+00 -2.350696802139282227e+00 -2.326680898666381836e+00 -2.308372497558593750e+00 -2.296835899353027344e+00 -2.290238380432128906e+00 -2.289435625076293945e+00 -2.293537139892578125e+00 -2.301827430725097656e+00 -2.316261291503906250e+00 -2.334761857986450195e+00 -2.354902982711791992e+00 -2.376998901367187500e+00 -2.402724981307983398e+00 -2.433076143264770508e+00 -2.466586589813232422e+00 -2.500428438186645508e+00 -2.535038471221923828e+00 -2.569316625595092773e+00 -2.599999427795410156e+00 -2.626388788223266602e+00 -2.648484706878662109e+00 -2.663162946701049805e+00 -2.669760227203369141e+00 -2.667404174804687500e+00 -2.653825521469116211e+00 -2.628710269927978516e+00 -2.591360092163085938e+00 -2.542054653167724609e+00 -2.481578826904296875e+00 -2.412463903427124023e+00 -2.335721731185913086e+00 -2.251143217086791992e+00 -2.161468029022216797e+00 -2.069419384002685547e+00 -1.973251819610595703e+00 -1.872860431671142578e+00 -1.770444512367248535e+00 -1.666579961776733398e+00 -1.561807870864868164e+00 -1.456965923309326172e+00 -1.352123975753784180e+00 -1.247892975807189941e+00 -1.147065281867980957e+00 -1.052363753318786621e+00 -9.645736813545227051e-01 -8.843408823013305664e-01 -8.112813830375671387e-01 -7.449239492416381836e-01 -6.860365867614746094e-01 -6.336592435836791992e-01 -5.880363583564758301e-01 -5.495692491531372070e-01 -5.175075531005859375e-01 -4.921479523181915283e-01 -4.720417559146881104e-01 -4.550073444843292236e-01 -4.427202045917510986e-01 -4.358087182044982910e-01 -4.323704242706298828e-01 -4.325624108314514160e-01 -4.367337226867675781e-01 -4.444306492805480957e-01 -4.548153579235076904e-01 -4.650429785251617432e-01 -4.764748811721801758e-01 -4.921653866767883301e-01 -5.096012353897094727e-01 -5.261818766593933105e-01 -5.430243015289306641e-01 -5.602855682373046875e-01 -5.752081871032714844e-01 -5.879141688346862793e-01 -5.971818566322326660e-01 -6.009691953659057617e-01 -5.993460416793823242e-01 -5.926789045333862305e-01 -5.795540213584899902e-01 -5.619087219238281250e-01 -5.411567687988281250e-01 -5.156575441360473633e-01 -4.882383942604064941e-01 -4.578173160552978516e-01 -4.233470559120178223e-01 -3.875329196453094482e-01 -3.524343371391296387e-01 -3.170041441917419434e-01 -2.808060348033905029e-01 -2.452362179756164551e-01 -2.105565220117568970e-01 -1.759117394685745239e-01 -1.403593719005584717e-01 -1.072504818439483643e-01 -7.737044245004653931e-02 -4.911356419324874878e-02 -2.340486459434032440e-02 -3.141592605970799923e-04 2.075196430087089539e-02 3.848451003432273865e-02 5.359905958175659180e-02 6.606071442365646362e-02 7.522369176149368286e-02 8.370599150657653809e-02 9.093165397644042969e-02 9.735446423292160034e-02 1.040739864110946655e-01 1.102699041366577148e-01 1.159596741199493408e-01 1.214225590229034424e-01 1.268156170845031738e-01 1.315280050039291382e-01 1.356469839811325073e-01 1.392249166965484619e-01 1.435184180736541748e-01 1.481086462736129761e-01 1.518785506486892700e-01 1.556135565042495728e-01 1.599768847227096558e-01 1.639736890792846680e-01 1.668534725904464722e-01 1.699252575635910034e-01 1.727526932954788208e-01 1.754754036664962769e-01 1.784773617982864380e-01 1.809731870889663696e-01 1.838704347610473633e-01 1.882162988185882568e-01 1.940806061029434204e-01 2.018298804759979248e-01 2.109928578138351440e-01 2.222851365804672241e-01 2.354100048542022705e-01 2.505420148372650146e-01 2.686934471130371094e-01 2.899689972400665283e-01 3.153635561466217041e-01 3.436902463436126709e-01 3.725754320621490479e-01 4.048465788364410400e-01 4.394564628601074219e-01 4.721639156341552734e-01 5.037893056869506836e-01 5.337042212486267090e-01 5.616644024848937988e-01 5.869193077087402344e-01 6.101496219635009766e-01 6.319139003753662109e-01 6.524564027786254883e-01 6.706078648567199707e-01 6.871361136436462402e-01 7.046068906784057617e-01 7.205591797828674316e-01 7.343123555183410645e-01 7.468438148498535156e-01 7.585724592208862305e-01 7.696727514266967773e-01 7.801796197891235352e-01 7.888713479042053223e-01 7.958875894546508789e-01 8.018915057182312012e-01 8.078256249427795410e-01 8.140215873718261719e-01 8.193797469139099121e-01 8.253487348556518555e-01 8.299913406372070312e-01 8.315621018409729004e-01 8.328362107276916504e-01 8.349305987358093262e-01 8.370424509048461914e-01 8.382292985916137695e-01 8.390146493911743164e-01 8.380721807479858398e-01 8.358032703399658203e-01 8.345640897750854492e-01 8.330979943275451660e-01 8.306196331977844238e-01 8.267624378204345703e-01 8.223642110824584961e-01 8.177216649055480957e-01 8.104785680770874023e-01 8.005825281143188477e-01 7.883477807044982910e-01 7.729365229606628418e-01 7.553086876869201660e-01 7.358307838439941406e-01 7.127401232719421387e-01 6.859841942787170410e-01 6.564707159996032715e-01 6.233094334602355957e-01 5.883504748344421387e-01 5.545434355735778809e-01 5.190085768699645996e-01 4.824438989162445068e-01 4.470486342906951904e-01 4.121246039867401123e-01 3.767642378807067871e-01 3.418576419353485107e-01 3.096388578414916992e-01 2.788687050342559814e-01 2.502278685569763184e-01 2.256361693143844604e-01 2.039417177438735962e-01 1.847081929445266724e-01 1.686686128377914429e-01 1.545663625001907349e-01 1.418778151273727417e-01 1.300793886184692383e-01 1.192932575941085815e-01 1.085769310593605042e-01 9.663888067007064819e-02 8.641125261783599854e-02 8.037241548299789429e-02 7.632324844598770142e-02 7.246606796979904175e-02 6.901031732559204102e-02 6.665412336587905884e-02 6.504841893911361694e-02 6.503096967935562134e-02 6.565928459167480469e-02 6.654940545558929443e-02 6.754424422979354858e-02 6.763150542974472046e-02 6.829473376274108887e-02 6.951646506786346436e-02 7.096508890390396118e-02 7.250097393989562988e-02 7.407177239656448364e-02 7.564257085323333740e-02 7.756242901086807251e-02 7.833037525415420532e-02 7.897614687681198120e-02 8.080874383449554443e-02 8.154178410768508911e-02 8.185594528913497925e-02 8.197811245918273926e-02 7.981390506029129028e-02 7.578219473361968994e-02 7.161086052656173706e-02 6.675884127616882324e-02 5.974261835217475891e-02 4.961971193552017212e-02 3.698352724313735962e-02 2.330014482140541077e-02 8.587019518017768860e-03 -6.859143730252981186e-03 -2.261946722865104675e-02 -3.913028165698051453e-02 -5.564109608530998230e-02 -7.246606796979904175e-02 -8.941321820020675659e-02 -1.035678386688232422e-01 -1.165879964828491211e-01 -1.304109990596771240e-01 -1.432915329933166504e-01 -1.551772207021713257e-01 -1.644274741411209106e-01 -1.710248142480850220e-01 -1.787740737199783325e-01 -1.857030391693115234e-01 -1.897871047258377075e-01 -1.911484599113464355e-01 -1.916895061731338501e-01 -1.916022449731826782e-01 -1.902932524681091309e-01 -1.888271719217300415e-01 -1.857030391693115234e-01 -1.815840601921081543e-01 -1.773778051137924194e-01 -1.740965992212295532e-01 -1.705535799264907837e-01 -1.672025471925735474e-01 -1.655270308256149292e-01 -1.651779562234878540e-01 -1.662775129079818726e-01 -1.692620366811752319e-01 -1.742536723613739014e-01 -1.813397109508514404e-01 -1.924400031566619873e-01 -2.045351415872573853e-01 -2.173458486795425415e-01 -2.323382347822189331e-01 -2.463357746601104736e-01 -2.596177160739898682e-01 -2.735280096530914307e-01 -2.880491316318511963e-01 -3.037396371364593506e-01 -3.214896619319915771e-01 -3.394316434860229492e-01 -3.574783504009246826e-01 -3.752457797527313232e-01 -3.928910791873931885e-01 -4.123689532279968262e-01 -4.313581287860870361e-01 -4.491779208183288574e-01 -4.684289097785949707e-01 -4.882733225822448730e-01 -5.076988339424133301e-01 -5.269846916198730469e-01 -5.433384180068969727e-01 -5.585228204727172852e-01 -5.726076364517211914e-01 -5.814913511276245117e-01 -5.854183435440063477e-01 -5.857499241828918457e-01 -5.830447077751159668e-01 -5.756444931030273438e-01 -5.644220113754272461e-01 -5.522745251655578613e-01 -5.378581285476684570e-01 -5.203175544738769531e-01 -5.008571147918701172e-01 -4.800004363059997559e-01 -4.579394757747650146e-01 -4.350756704807281494e-01 -4.115486443042755127e-01 -3.880914151668548584e-01 -3.652974069118499756e-01 -3.405486345291137695e-01 -3.146828711032867432e-01 -2.896373867988586426e-01 -2.639810442924499512e-01 -2.386912256479263306e-01 -2.148325741291046143e-01 -1.928065270185470581e-01 -1.731192022562026978e-01 -1.550026834011077881e-01 -1.403593719005584717e-01 -1.309345960617065430e-01 -1.248783096671104431e-01 -1.217890754342079163e-01 -1.217890754342079163e-01 -1.255938857793807983e-01 -1.324879378080368042e-01 -1.425585001707077026e-01 -1.561371535062789917e-01 -1.727003306150436401e-01 -1.917593181133270264e-01 -2.086715698242187500e-01 -2.253394573926925659e-01 -2.460216134786605835e-01 -2.711543440818786621e-01 -2.943323254585266113e-01 -3.141767084598541260e-01 -3.348937630653381348e-01 -3.575132489204406738e-01 -3.784048259258270264e-01 -3.970100581645965576e-01 -4.197342395782470703e-01 -4.488812386989593506e-01 -4.780980348587036133e-01 -5.076639056205749512e-01 -5.433733463287353516e-01 -5.812644362449645996e-01 -6.216339468955993652e-01 -6.648831963539123535e-01 -7.112216949462890625e-01 -7.610158920288085938e-01 -8.112639188766479492e-01 -8.613898158073425293e-01 -9.111491441726684570e-01 -9.579239487648010254e-01 -1.009463548660278320e+00 -1.056325674057006836e+00 -1.098457813262939453e+00 -1.138321161270141602e+00 -1.177276968955993652e+00 -1.216180324554443359e+00 -1.248730659484863281e+00 -1.282817006111145020e+00 -1.317845702171325684e+00 -1.355457544326782227e+00 -1.395076513290405273e+00 -1.435184240341186523e+00 -1.473616361618041992e+00 -1.510407924652099609e+00 -1.547792911529541016e+00 -1.584462285041809082e+00 -1.618967413902282715e+00 -1.651639938354492188e+00 -1.680402994155883789e+00 -1.704418778419494629e+00 -1.723355531692504883e+00 -1.732954859733581543e+00 -1.732745409011840820e+00 -1.723198413848876953e+00 -1.700055360794067383e+00 -1.652756929397583008e+00 -1.596574783325195312e+00 -1.536779880523681641e+00 -1.457210302352905273e+00 -1.360100150108337402e+00 -1.246409416198730469e+00 -1.117429614067077637e+00 -9.740158915519714355e-01 -8.177914619445800781e-01 -6.497337222099304199e-01 -4.679925739765167236e-01 -2.737723588943481445e-01 -6.686356663703918457e-02 1.527512222528457642e-01 3.819653093814849854e-01 6.195220947265625000e-01 8.645837306976318359e-01 1.115195631980895996e+00 1.368093729019165039e+00 1.621288657188415527e+00 1.873017549514770508e+00 2.120348215103149414e+00 2.361500263214111328e+00 2.593803644180297852e+00 2.814936876296997070e+00 3.024254083633422852e+00 3.221825361251831055e+00 3.409256219863891602e+00 3.588449239730834961e+00 3.760503768920898438e+00 3.926798820495605469e+00 4.087613582611083984e+00 4.244606018066406250e+00 4.399102210998535156e+00 4.550683975219726562e+00 4.699508666992187500e+00 4.844353199005126953e+00 4.986021518707275391e+00 5.125752925872802734e+00 5.265640735626220703e+00 5.406541347503662109e+00 5.549431324005126953e+00 5.693456172943115234e+00 5.836031913757324219e+00 5.977089405059814453e+00 6.115947723388671875e+00 6.253270149230957031e+00 6.387765407562255859e+00 6.516361236572265625e+00 6.637207984924316406e+00 6.748577117919921875e+00 6.847886562347412109e+00 6.936915874481201172e+00 7.018614768981933594e+00 7.092895984649658203e+00 7.162272930145263672e+00 7.228385925292968750e+00 7.287814140319824219e+00 7.339790344238281250e+00 7.386809349060058594e+00 7.428051471710205078e+00 7.461579322814941406e+00 7.486886501312255859e+00 7.503205299377441406e+00 7.509209156036376953e+00 7.504077911376953125e+00 7.489050865173339844e+00 7.465558528900146484e+00 7.432973384857177734e+00 7.391294956207275391e+00 7.340872287750244141e+00 7.282455921173095703e+00 7.216081142425537109e+00 7.139496326446533203e+00 7.055615425109863281e+00 6.965923309326171875e+00 6.867853164672851562e+00 6.765769004821777344e+00 6.660752296447753906e+00 6.548580169677734375e+00 6.430002212524414062e+00 6.305665016174316406e+00 6.176458358764648438e+00 6.042748928070068359e+00 5.904029846191406250e+00 5.762030124664306641e+00 5.620274543762207031e+00 5.482079029083251953e+00 5.349451541900634766e+00 5.224119663238525391e+00 5.106187820434570312e+00 4.993805885314941406e+00 4.885542869567871094e+00 4.781521320343017578e+00 4.678878784179687500e+00 4.574926853179931641e+00 4.470416545867919922e+00 4.364754199981689453e+00 4.258620738983154297e+00 4.153866291046142578e+00 4.050630092620849609e+00 3.949261188507080078e+00 3.852133512496948242e+00 3.760818004608154297e+00 3.673481702804565430e+00 3.590892791748046875e+00 3.508652925491333008e+00 3.423114299774169922e+00 3.335568428039550781e+00 3.245649099349975586e+00 3.154124021530151367e+00 3.063524007797241211e+00 2.972679615020751953e+00 2.881084680557250977e+00 2.788250684738159180e+00 2.692379713058471680e+00 2.595601320266723633e+00 2.496553897857666016e+00 2.392794132232666016e+00 2.284583568572998047e+00 2.170456647872924805e+00 2.048894405364990234e+00 1.923963665962219238e+00 1.796415090560913086e+00 1.663368582725524902e+00 1.527459740638732910e+00 1.387868404388427734e+00 1.243931055068969727e+00 1.097271084785461426e+00 9.479406476020812988e-01 7.962366342544555664e-01 6.413735747337341309e-01 4.823915362358093262e-01 3.194999694824218750e-01 1.540951132774353027e-01 -1.328195538371801376e-02 -1.817934960126876831e-01 -3.520154654979705811e-01 -5.232671499252319336e-01 -6.949203014373779297e-01 -8.689645528793334961e-01 -1.044282793998718262e+00 -1.220124721527099609e+00 -1.395861983299255371e+00 -1.571546792984008789e+00 -1.750076532363891602e+00 -1.930054903030395508e+00 -2.108741760253906250e+00 -2.287219047546386719e+00 -2.464352607727050781e+00 -2.638710975646972656e+00 -2.811638116836547852e+00 -2.981144428253173828e+00 -3.145153045654296875e+00 -3.305653572082519531e+00 -3.461895465850830078e+00 -3.613232851028442383e+00 -3.761638402938842773e+00 -3.906640291213989258e+00 -4.047732830047607422e+00 -4.182803630828857422e+00 -4.310701370239257812e+00 -4.433153629302978516e+00 -4.549916267395019531e+00 -4.661198616027832031e+00 -4.768675804138183594e+00 -4.872086524963378906e+00 -4.972250938415527344e+00 -5.068575859069824219e+00 -5.161130428314208984e+00 -5.250578880310058594e+00 -5.338124275207519531e+00 -5.422354221343994141e+00 -5.501469612121582031e+00 -5.580707550048828125e+00 -5.661254882812500000e+00 -5.740126132965087891e+00 -5.818299293518066406e+00 -5.898741722106933594e+00 -5.982622146606445312e+00 -6.069783687591552734e+00 -6.157347202301025391e+00 -6.246341228485107422e+00 -6.336853981018066406e+00 -6.425778865814208984e+00 -6.515314102172851562e+00 -6.606053829193115234e+00 -6.697596073150634766e+00 -6.791041374206542969e+00 -6.885568141937255859e+00 -6.981508731842041016e+00 -7.081778049468994141e+00 -7.185729980468750000e+00 -7.292753696441650391e+00 -7.404175281524658203e+00 -7.516766548156738281e+00 -7.631713867187500000e+00 -7.749209403991699219e+00 -7.864593029022216797e+00 -7.978476047515869141e+00 -8.089845657348632812e+00 -8.194844245910644531e+00 -8.292809486389160156e+00 -8.380983352661132812e+00 -8.457603454589843750e+00 -8.523507118225097656e+00 -8.576530456542968750e+00 -8.618313789367675781e+00 -8.649834632873535156e+00 -8.668352127075195312e+00 -8.674932479858398438e+00 -8.670988082885742188e+00 -8.655192375183105469e+00 -8.627285003662109375e+00 -8.587840080261230469e+00 -8.538010597229003906e+00 -8.479524612426757812e+00 -8.410899162292480469e+00 -8.332149505615234375e+00 -8.247693061828613281e+00 -8.158716201782226562e+00 -8.063158988952636719e+00 -7.959242343902587891e+00 -7.847803115844726562e+00 -7.730482101440429688e+00 -7.606022834777832031e+00 -7.474878787994384766e+00 -7.336264610290527344e+00 -7.187370777130126953e+00 -7.029540538787841797e+00 -6.864921092987060547e+00 -6.693110942840576172e+00 -6.513970375061035156e+00 -6.328057765960693359e+00 -6.137171268463134766e+00 -5.943945407867431641e+00 -5.748503684997558594e+00 -5.552154064178466797e+00 -5.356083869934082031e+00 -5.161375045776367188e+00 -4.970383644104003906e+00 -4.783423900604248047e+00 -4.599379062652587891e+00 -4.418091773986816406e+00 -4.242650985717773438e+00 -4.071189880371093750e+00 -3.901962757110595703e+00 -3.735859870910644531e+00 -3.573875904083251953e+00 -3.416394710540771484e+00 -3.262020349502563477e+00 -3.109548330307006836e+00 -2.958472728729248047e+00 -2.809857845306396484e+00 -2.662552118301391602e+00 -2.514862298965454102e+00 -2.366980552673339844e+00 -2.218418121337890625e+00 -2.067028284072875977e+00 -1.910088300704956055e+00 -1.748034477233886719e+00 -1.582332968711853027e+00 -1.409143924713134766e+00 -1.227856636047363281e+00 -1.038854837417602539e+00 -8.429242372512817383e-01 -6.416528224945068359e-01 -4.350407719612121582e-01 -2.262644767761230469e-01 -1.722639985382556915e-02 1.925272643566131592e-01 4.028918147087097168e-01 6.113190054893493652e-01 8.160985112190246582e-01 1.017509460449218750e+00 1.216599225997924805e+00 1.413472294807434082e+00 1.606296300888061523e+00 1.795891404151916504e+00 1.983217597007751465e+00 2.168379545211791992e+00 2.352005720138549805e+00 2.533746719360351562e+00 2.712835073471069336e+00 2.888956308364868164e+00 3.062598943710327148e+00 3.232698917388916016e+00 3.398540019989013672e+00 3.560087680816650391e+00 3.718336582183837891e+00 3.875241756439208984e+00 4.028429508209228516e+00 4.176956653594970703e+00 4.322639465332031250e+00 4.464953422546386719e+00 4.602101802825927734e+00 4.735270023345947266e+00 4.865855693817138672e+00 4.990978240966796875e+00 5.109783172607421875e+00 5.223787784576416016e+00 5.331422328948974609e+00 5.431744098663330078e+00 5.525607585906982422e+00 5.613048553466796875e+00 5.693456172943115234e+00 5.766288757324218750e+00 5.832227230072021484e+00 5.890940189361572266e+00 5.942305088043212891e+00 5.987840652465820312e+00 6.027512073516845703e+00 6.063239097595214844e+00 6.094515323638916016e+00 6.119857311248779297e+00 6.141220092773437500e+00 6.158446788787841797e+00 6.172409057617187500e+00 6.185970306396484375e+00 6.200963020324707031e+00 6.217805385589599609e+00 6.237283229827880859e+00 6.260356426239013672e+00 6.286483764648437500e+00 6.312262535095214844e+00 6.336330413818359375e+00 6.360014915466308594e+00 6.379440307617187500e+00 6.393036365509033203e+00 6.402356147766113281e+00 6.405829429626464844e+00 6.403455734252929688e+00 6.397766113281250000e+00 6.389441013336181641e+00 6.378166198730468750e+00 6.364098548889160156e+00 6.345755100250244141e+00 6.323135852813720703e+00 6.295943737030029297e+00 6.264039039611816406e+00 6.227684020996093750e+00 6.186389446258544922e+00 6.141481876373291016e+00 6.094148635864257812e+00 6.043970584869384766e+00 5.992291450500488281e+00 5.941572189331054688e+00 5.890311717987060547e+00 5.837882041931152344e+00 5.787511825561523438e+00 5.740492820739746094e+00 5.697051525115966797e+00 5.655686855316162109e+00 5.615806102752685547e+00 5.576222419738769531e+00 5.534229755401611328e+00 5.491241931915283203e+00 5.448812961578369141e+00 5.405668735504150391e+00 5.360010623931884766e+00 5.311124324798583984e+00 5.259026050567626953e+00 5.205618858337402344e+00 5.150117397308349609e+00 5.089327812194824219e+00 5.022917747497558594e+00 4.951376914978027344e+00 4.873011589050292969e+00 4.788729667663574219e+00 4.699491024017333984e+00 4.604772090911865234e+00 4.506876468658447266e+00 4.405804634094238281e+00 4.302149295806884766e+00 4.198738574981689453e+00 4.096025943756103516e+00 3.993941545486450195e+00 3.893358230590820312e+00 3.793699979782104492e+00 3.696642160415649414e+00 3.604104995727539062e+00 3.515302658081054688e+00 3.430863618850708008e+00 3.349461317062377930e+00 3.272143363952636719e+00 3.201527357101440430e+00 3.136164665222167969e+00 3.076421976089477539e+00 3.024323940277099609e+00 2.978491544723510742e+00 2.939012289047241211e+00 2.907788276672363281e+00 2.881503582000732422e+00 2.857226133346557617e+00 2.835357189178466797e+00 2.815407991409301758e+00 2.794027805328369141e+00 2.769540786743164062e+00 2.742226362228393555e+00 2.708995342254638672e+00 2.667072534561157227e+00 2.618447542190551758e+00 2.562981128692626953e+00 2.499363899230957031e+00 2.428346395492553711e+00 2.349876403808593750e+00 2.264896392822265625e+00 2.173179149627685547e+00 2.074306249618530273e+00 1.968713879585266113e+00 1.855965614318847656e+00 1.734961986541748047e+00 1.608373284339904785e+00 1.478555679321289062e+00 1.344287514686584473e+00 1.206615924835205078e+00 1.068508028984069824e+00 9.314996600151062012e-01 7.974409461021423340e-01 6.693337559700012207e-01 5.474225282669067383e-01 4.318293631076812744e-01 3.229208290576934814e-01 2.201907336711883545e-01 1.243896186351776123e-01 3.396410867571830750e-02 -5.239478498697280884e-02 -1.339540183544158936e-01 -2.125985622406005859e-01 -2.887996435165405273e-01 -3.595901727676391602e-01 -4.253367483615875244e-01 -4.865105152130126953e-01 -5.423436164855957031e-01 -5.931501388549804688e-01 -6.387730240821838379e-01 -6.810274720191955566e-01 -7.212573289871215820e-01 -7.581535577774047852e-01 -7.895869612693786621e-01 -8.169013261795043945e-01 -8.419119119644165039e-01 -8.640776276588439941e-01 -8.832064270973205566e-01 -8.998219370841979980e-01 -9.141685366630554199e-01 -9.266301989555358887e-01 -9.383413791656494141e-01 -9.494067430496215820e-01 -9.608735442161560059e-01 -9.740508198738098145e-01 -9.904743432998657227e-01 -1.008835196495056152e+00 -1.029866456985473633e+00 -1.055173754692077637e+00 -1.082191348075866699e+00 -1.108353853225708008e+00 -1.132875800132751465e+00 -1.156751871109008789e+00 -1.179406285285949707e+00 -1.198098659515380859e+00 -1.213283061981201172e+00 -1.226408004760742188e+00 -1.236495971679687500e+00 -1.244384884834289551e+00 -1.249481201171875000e+00 -1.249987363815307617e+00 -1.246095299720764160e+00 -1.238188982009887695e+00 -1.225500345230102539e+00 -1.210560321807861328e+00 -1.193735361099243164e+00 -1.172686696052551270e+00 -1.149595975875854492e+00 -1.125684976577758789e+00 -1.099225759506225586e+00 -1.070776939392089844e+00 -1.040565252304077148e+00 -1.009341359138488770e+00 -9.789377450942993164e-01 -9.485864639282226562e-01 -9.182351827621459961e-01 -8.894721269607543945e-01 -8.613374233245849609e-01 -8.334819674491882324e-01 -8.076161742210388184e-01 -7.822565436363220215e-01 -7.577347159385681152e-01 -7.360751628875732422e-01 -7.152533531188964844e-01 -6.938381791114807129e-01 -6.747093796730041504e-01 -6.599788069725036621e-01 -6.486167311668395996e-01 -6.392617225646972656e-01 -6.322978734970092773e-01 -6.288246512413024902e-01 -6.277251243591308594e-01 -6.279171109199523926e-01 -6.289293766021728516e-01 -6.306223869323730469e-01 -6.338163018226623535e-01 -6.367135643959045410e-01 -6.388254165649414062e-01 -6.412688493728637695e-01 -6.432061791419982910e-01 -6.446373462677001953e-01 -6.452133059501647949e-01 -6.429269313812255859e-01 -6.378829479217529297e-01 -6.314252018928527832e-01 -6.212150454521179199e-01 -6.082123517990112305e-01 -5.937784910202026367e-01 -5.771629214286804199e-01 -5.590289831161499023e-01 -5.377708673477172852e-01 -5.130220651626586914e-01 -4.862138330936431885e-01 -4.582536518573760986e-01 -4.307821691036224365e-01 -4.044451415538787842e-01 -3.788935244083404541e-01 -3.549126982688903809e-01 -3.325375914573669434e-01 -3.114190995693206787e-01 -2.927266359329223633e-01 -2.756572961807250977e-01 -2.601762413978576660e-01 -2.472607940435409546e-01 -2.369458973407745361e-01 -2.286381274461746216e-01 -2.211506664752960205e-01 -2.146405875682830811e-01 -2.100852876901626587e-01 -2.082352340221405029e-01 -2.081130594015121460e-01 -2.080781459808349609e-01 -2.083748579025268555e-01 -2.091253548860549927e-01 -2.100503742694854736e-01 -2.139075547456741333e-01 -2.195798754692077637e-01 -2.253569066524505615e-01 -2.311863154172897339e-01 -2.354449182748794556e-01 -2.403492927551269531e-01 -2.461263239383697510e-01 -2.513099610805511475e-01 -2.565808594226837158e-01 -2.612583339214324951e-01 -2.650457024574279785e-01 -2.678556740283966064e-01 -2.683792710304260254e-01 -2.673146128654479980e-01 -2.653074860572814941e-01 -2.606998383998870850e-01 -2.541024982929229736e-01 -2.472957074642181396e-01 -2.385341525077819824e-01 -2.273989468812942505e-01 -2.162288427352905273e-01 -2.050587385892868042e-01 -1.935744732618331909e-01 -1.828930526971817017e-01 -1.722290962934494019e-01 -1.603259444236755371e-01 -1.497841626405715942e-01 -1.401324868202209473e-01 -1.280024498701095581e-01 -1.110727563500404358e-01 -9.470156580209732056e-02 -7.888887822628021240e-02 -5.982988700270652771e-02 -3.754203021526336670e-02 -1.680752076208591461e-02 -4.712388908956199884e-04 2.005383372306823730e-02 4.199262335896492004e-02 5.754350498318672180e-02 6.986553221940994263e-02 8.403760194778442383e-02 9.676105529069900513e-02 1.057145893573760986e-01 1.128355339169502258e-01 1.182635128498077393e-01 1.217367127537727356e-01 1.234645918011665344e-01 1.241627261042594910e-01 1.244594305753707886e-01 1.239358261227607727e-01 1.205673441290855408e-01 1.166752576828002930e-01 1.128878965973854065e-01 1.066047102212905884e-01 9.646435081958770752e-02 8.477064222097396851e-02 7.368779927492141724e-02 6.223843991756439209e-02 5.031784251332283020e-02 3.789109736680984497e-02 2.588323317468166351e-02 1.406735368072986603e-02 3.246312495321035385e-03 -4.607669077813625336e-03 -1.096066739410161972e-02 -1.607448235154151917e-02 -1.911135576665401459e-02 -2.066469751298427582e-02 -1.939060725271701813e-02 -1.572541706264019012e-02 -9.808750823140144348e-03 -3.298672381788492203e-03 3.752457909286022186e-03 1.324704941362142563e-02 2.375393174588680267e-02 3.466223925352096558e-02 4.604178667068481445e-02 5.792747810482978821e-02 7.002261281013488770e-02 8.032005280256271362e-02 8.861036598682403564e-02 9.672614932060241699e-02 1.047546640038490295e-01 1.127657219767570496e-01 1.213876456022262573e-01 1.293114423751831055e-01 1.353851854801177979e-01 1.406909972429275513e-01 1.476024985313415527e-01 1.541823893785476685e-01 1.590867638587951660e-01 1.632930040359497070e-01 1.650034338235855103e-01 1.650557816028594971e-01 1.650906950235366821e-01 1.628915816545486450e-01 1.588424146175384521e-01 1.568701863288879395e-01 1.557531803846359253e-01 1.521403491497039795e-01 1.462585926055908203e-01 1.416509151458740234e-01 1.381951719522476196e-01 1.333256959915161133e-01 1.288052946329116821e-01 1.234994977712631226e-01 1.169196069240570068e-01 1.120326817035675049e-01 1.091005280613899231e-01 1.063254550099372864e-01 1.045626774430274963e-01 1.041612476110458374e-01 1.040041670203208923e-01 1.067792400717735291e-01 1.107411384582519531e-01 1.139350906014442444e-01 1.187172979116439819e-01 1.247561350464820862e-01 1.329068243503570557e-01 1.428377479314804077e-01 1.503601074218750000e-01 1.565734893083572388e-01 1.632057428359985352e-01 1.678134053945541382e-01 1.715658605098724365e-01 1.746900081634521484e-01 1.762607991695404053e-01 1.781632155179977417e-01 1.798910796642303467e-01 1.824916303157806396e-01 1.848129183053970337e-01 1.860695481300354004e-01 1.887922585010528564e-01 1.895776689052581787e-01 1.861219108104705811e-01 1.802925169467926025e-01 1.722290962934494019e-01 1.626472324132919312e-01 1.508488059043884277e-01 1.368861794471740723e-01 1.233249679207801819e-01 1.099033802747726440e-01 9.717993438243865967e-02 8.600982278585433960e-02 7.703883200883865356e-02 6.991788744926452637e-02 6.386159360408782959e-02 5.886995419859886169e-02 5.462880432605743408e-02 5.133013427257537842e-02 4.967207089066505432e-02 4.899139329791069031e-02 4.934045672416687012e-02 5.265658348798751831e-02 5.778785049915313721e-02 6.365215778350830078e-02 7.014477998018264771e-02 7.752752304077148438e-02 8.621926605701446533e-02 9.574875980615615845e-02 1.056273281574249268e-01 1.150171980261802673e-01 1.232551485300064087e-01 1.310218721628189087e-01 1.382998824119567871e-01 1.440943777561187744e-01 1.480213701725006104e-01 1.496270745992660522e-01 1.496619880199432373e-01 1.493478268384933472e-01 1.476373970508575439e-01 1.441118419170379639e-01 1.388758420944213867e-01 1.301317512989044189e-01 1.193107068538665771e-01 1.076344549655914307e-01 9.499827027320861816e-02 8.227481693029403687e-02 6.857398897409439087e-02 5.447172746062278748e-02 3.989822790026664734e-02 2.291617356240749359e-02 4.328416660428047180e-03 -1.459095254540443420e-02 -3.270747140049934387e-02 -4.954989627003669739e-02 -6.620033830404281616e-02 -8.274605870246887207e-02 -9.707520902156829834e-02 -1.070061326026916504e-01 -1.132544130086898804e-01 -1.170592308044433594e-01 -1.192408949136734009e-01 -1.198168545961380005e-01 -1.168847009539604187e-01 -1.103222593665122986e-01 -1.022937446832656860e-01 -9.365436434745788574e-02 -8.445648103952407837e-02 -7.440338283777236938e-02 -6.400122493505477905e-02 -5.377359315752983093e-02 -4.359832406044006348e-02 -3.473205119371414185e-02 -2.827433310449123383e-02 -2.186897583305835724e-02 -1.768018491566181183e-02 -1.691224053502082825e-02 -1.630137488245964050e-02 -1.762782596051692963e-02 -2.068215236067771912e-02 -2.413790300488471985e-02 -2.902482450008392334e-02 -3.480186685919761658e-02 -4.092797264456748962e-02 -4.752531647682189941e-02 -5.337216705083847046e-02 -5.859070271253585815e-02 -6.513568758964538574e-02 -7.222172617912292480e-02 -7.857472449541091919e-02 -8.431685715913772583e-02 -8.759807795286178589e-02 -9.084438532590866089e-02 -9.625490754842758179e-02 -1.003564298152923584e-01 -1.023461073637008667e-01 -1.031489595770835876e-01 -1.047372072935104370e-01 -1.069712266325950623e-01 -1.081929579377174377e-01 -1.093099713325500488e-01 -1.097812131047248840e-01 -1.102699041366577148e-01 -1.107935011386871338e-01 -1.103746220469474792e-01 -1.086292937397956848e-01 -1.053829789161682129e-01 -1.015432551503181458e-01 -9.808750450611114502e-02 -9.604547172784805298e-02 -9.395107626914978027e-02 -9.121090918779373169e-02 -8.787732571363449097e-02 -8.463101834058761597e-02 -8.236208558082580566e-02 -8.018042892217636108e-02 -7.866198569536209106e-02 -7.646287232637405396e-02 -7.272786647081375122e-02 -6.836454570293426514e-02 -6.407103687524795532e-02 -5.948081985116004944e-02 -5.382595211267471313e-02 -4.867723211646080017e-02 -4.310963302850723267e-02 -3.768165782094001770e-02 -3.516838327050209045e-02 -3.445279970765113831e-02 -3.480186685919761658e-02 -3.556980937719345093e-02 -3.651228919625282288e-02 -3.846705704927444458e-02 -4.085815697908401489e-02 -4.403465613722801208e-02 -4.689699783921241760e-02 -4.869468510150909424e-02 -5.133013427257537842e-02 -5.333726108074188232e-02 -5.574581772089004517e-02 -6.019640713930130005e-02 -6.421066075563430786e-02 -6.901031732559204102e-02 -7.473500072956085205e-02 -7.991862297058105469e-02 -8.550368249416351318e-02 -8.997172117233276367e-02 -9.368927031755447388e-02 -9.711012244224548340e-02 -9.943141043186187744e-02 -1.019621342420578003e-01 -1.045801267027854919e-01 -1.065872535109519958e-01 -1.077217236161231995e-01 -1.069188714027404785e-01 -1.059589385986328125e-01 -1.055575162172317505e-01 -1.054004356265068054e-01 -1.062905490398406982e-01 -1.066570729017257690e-01 -1.080533340573310852e-01 -1.121025010943412781e-01 -1.175304725766181946e-01 -1.244768798351287842e-01 -1.323657631874084473e-01 -1.399928629398345947e-01 -1.484577059745788574e-01 -1.582140922546386719e-01 -1.666091233491897583e-01 -1.735031753778457642e-01 -1.791405975818634033e-01 -1.849176287651062012e-01 -1.910437345504760742e-01 -1.941853314638137817e-01 -1.960877478122711182e-01 -1.971698403358459473e-01 -1.950929015874862671e-01 -1.910960972309112549e-01 -1.862964481115341187e-01 -1.796118319034576416e-01 -1.712168008089065552e-01 -1.614778637886047363e-01 -1.509011685848236084e-01 -1.396437883377075195e-01 -1.268505305051803589e-01 -1.153313592076301575e-01 -1.049640998244285583e-01 -9.410814940929412842e-02 -8.339183032512664795e-02 -7.143632322549819946e-02 -5.932373926043510437e-02 -4.871213808655738831e-02 -3.902556374669075012e-02 -3.097959421575069427e-02 -2.579596638679504395e-02 -2.179916203022003174e-02 -1.923352852463722229e-02 -2.007128670811653137e-02 -2.326523885130882263e-02 -2.802998758852481842e-02 -3.534291684627532959e-02 -4.399975016713142395e-02 -5.478588491678237915e-02 -6.831218302249908447e-02 -8.267624676227569580e-02 -9.798278659582138062e-02 -1.136907488107681274e-01 -1.292241811752319336e-01 -1.459793448448181152e-01 -1.647765338420867920e-01 -1.838006228208541870e-01 -2.019520401954650879e-01 -2.197718620300292969e-01 -2.371204346418380737e-01 -2.530203759670257568e-01 -2.680127620697021484e-01 -2.838952541351318359e-01 -2.992017865180969238e-01 -3.111223876476287842e-01 -3.210183978080749512e-01 -3.282091617584228516e-01 -3.314380347728729248e-01 -3.327644765377044678e-01 -3.304606378078460693e-01 -3.254166245460510254e-01 -3.198839426040649414e-01 -3.129026293754577637e-01 -3.031287789344787598e-01 -2.915572524070739746e-01 -2.783276438713073730e-01 -2.634749114513397217e-01 -2.476447671651840210e-01 -2.304707318544387817e-01 -2.121273130178451538e-01 -1.926494389772415161e-01 -1.739918738603591919e-01 -1.575683206319808960e-01 -1.420348882675170898e-01 -1.271995902061462402e-01 -1.129577085375785828e-01 -9.862855821847915649e-02 -8.742354065179824829e-02 -7.908086478710174561e-02 -7.285004109144210815e-02 -7.030186057090759277e-02 -6.927211582660675049e-02 -7.012733072042465210e-02 -7.393214851617813110e-02 -7.958701252937316895e-02 -8.726646006107330322e-02 -9.700539708137512207e-02 -1.082453206181526184e-01 -1.197470426559448242e-01 -1.307426095008850098e-01 -1.405862718820571899e-01 -1.487020552158355713e-01 -1.545314490795135498e-01 -1.581617295742034912e-01 -1.612160652875900269e-01 -1.627868562936782837e-01 -1.608844548463821411e-01 -1.572890728712081909e-01 -1.526639461517333984e-01 -1.457175314426422119e-01 -1.372177898883819580e-01 -1.268156170845031738e-01 -1.137431040406227112e-01 -9.894271194934844971e-02 -8.346164226531982422e-02 -6.925466656684875488e-02 -5.654866620898246765e-02 -4.473278671503067017e-02 -3.392919898033142090e-02 -2.321287989616394043e-02 -1.380555424839258194e-02 -8.080874569714069366e-03 -4.485496319830417633e-03 -2.391101093962788582e-03 -2.495820866897702217e-03 -5.375613924115896225e-03 -1.158898603171110153e-02 -1.918116770684719086e-02 -2.731440216302871704e-02 -3.536036983132362366e-02 -4.431391134858131409e-02 -5.427974089980125427e-02 -6.339035928249359131e-02 -7.244861871004104614e-02 -8.119271695613861084e-02 -9.012880176305770874e-02 -1.000597253441810608e-01 -1.101128235459327698e-01 -1.208291426301002502e-01 -1.321388781070709229e-01 -1.449496001005172729e-01 -1.583711802959442139e-01 -1.714087873697280884e-01 -1.852317899465560913e-01 -2.003288865089416504e-01 -2.165779024362564087e-01 -2.326698452234268188e-01 -2.483603507280349731e-01 -2.629687488079071045e-01 -2.764776051044464111e-01 -2.882934808731079102e-01 -2.984687685966491699e-01 -3.082949519157409668e-01 -3.182782530784606934e-01 -3.286629617214202881e-01 -3.373197913169860840e-01 -3.430444598197937012e-01 -3.482106328010559082e-01 -3.534815311431884766e-01 -3.568849265575408936e-01 -3.585779070854187012e-01 -3.602184951305389404e-01 -3.621558248996734619e-01 -3.645120263099670410e-01 -3.667460381984710693e-01 -3.666936755180358887e-01 -3.641629517078399658e-01 -3.599567115306854248e-01 -3.541622161865234375e-01 -3.461162447929382324e-01 -3.368310928344726562e-01 -3.270572423934936523e-01 -3.155206143856048584e-01 -3.013485372066497803e-01 -2.842094004154205322e-01 -2.652376890182495117e-01 -2.461612373590469360e-01 -2.267182618379592896e-01 -2.064899057149887085e-01 -1.856332123279571533e-01 -1.645147353410720825e-01 -1.436056941747665405e-01 -1.230980753898620605e-01 -1.030791476368904114e-01 -8.450884371995925903e-02 -6.843435764312744141e-02 -5.272639542818069458e-02 -3.686135262250900269e-02 -2.441715635359287262e-02 -1.713913306593894958e-02 -1.322959549725055695e-02 -1.699950732290744781e-02 -4.125958308577537537e-02 -9.532988071441650391e-02 -1.792104095220565796e-01 -2.777342498302459717e-01 -3.705508410930633545e-01 -4.430692791938781738e-01 -4.956211447715759277e-01 -5.460436940193176270e-01 -6.034999489784240723e-01 -6.578320264816284180e-01 -6.966656446456909180e-01 -7.131066322326660156e-01 -7.068583369255065918e-01 -6.863158345222473145e-01 -6.602929830551147461e-01 -6.386334300041198730e-01 -6.254038214683532715e-01 -6.171833276748657227e-01 -6.110048890113830566e-01 -6.056292653083801270e-01 -5.990319252014160156e-01 -5.881410241127014160e-01 -5.732883214950561523e-01 -5.574581623077392578e-01 -5.434431433677673340e-01 -5.307895541191101074e-01 -5.186944007873535156e-01 -5.074719190597534180e-01 -4.959527552127838135e-01 -4.839972555637359619e-01 -4.709247350692749023e-01 -4.555134773254394531e-01 -4.391248524188995361e-01 -4.214097559452056885e-01 -4.031535983085632324e-01 -3.868871331214904785e-01 -3.736400902271270752e-01 -3.628714084625244141e-01 -3.528183102607727051e-01 -3.417703807353973389e-01 -3.300243020057678223e-01 -3.186098635196685791e-01 -3.070208728313446045e-01 -2.950479090213775635e-01 -2.816437780857086182e-01 -2.660928964614868164e-01 -2.518684566020965576e-01 -2.378709167242050171e-01 -2.227040082216262817e-01 -2.073800265789031982e-01 -1.926145404577255249e-01 -1.780934035778045654e-01 -1.630137562751770020e-01 -1.486845910549163818e-01 -1.349488645792007446e-01 -1.243197992444038391e-01 -1.146157681941986084e-01 -1.043532341718673706e-01 -9.639453142881393433e-02 -8.936085551977157593e-02 -8.271115273237228394e-02 -7.621853053569793701e-02 -6.757915019989013672e-02 -5.806710571050643921e-02 -4.850269854068756104e-02 -3.705333918333053589e-02 -2.448697015643119812e-02 -1.054178830236196518e-02 3.961897455155849457e-03 1.680752076208591461e-02 2.677335031330585480e-02 3.178244456648826599e-02 3.382448107004165649e-02 3.495894372463226318e-02 3.385938704013824463e-02 3.118903376162052155e-02 2.789036184549331665e-02 2.309070527553558350e-02 1.829105056822299957e-02 1.570796407759189606e-02 1.370083447545766830e-02 1.256637088954448700e-02 1.336922217160463333e-02 1.495747175067663193e-02 1.750565320253372192e-02 1.947787404060363770e-02 1.870992965996265411e-02 1.682497374713420868e-02 1.541125681251287460e-02 1.548107061535120010e-02 1.708677411079406738e-02 1.867502368986606598e-02 2.218313515186309814e-02 2.960078418254852295e-02 3.797836601734161377e-02 4.675737023353576660e-02 5.759586393833160400e-02 6.925466656684875488e-02 8.094836771488189697e-02 9.171704947948455811e-02 1.017701476812362671e-01 1.121897622942924500e-01 1.224173903465270996e-01 1.319468915462493896e-01 1.421396136283874512e-01 1.519658118486404419e-01 1.597674340009689331e-01 1.676563322544097900e-01 1.737300753593444824e-01 1.780759394168853760e-01 1.833293884992599487e-01 1.883035749197006226e-01 1.934871971607208252e-01 1.990722566843032837e-01 2.048143893480300903e-01 2.106263339519500732e-01 2.151990979909896851e-01 2.180090695619583130e-01 2.201034724712371826e-01 2.215870022773742676e-01 2.202954590320587158e-01 2.162986546754837036e-01 2.118306159973144531e-01 2.046398520469665527e-01 1.950929015874862671e-01 1.870992928743362427e-01 1.803623288869857788e-01 1.722639948129653931e-01 1.623330712318420410e-01 1.538856774568557739e-01 1.453859210014343262e-01 1.362404078245162964e-01 1.306378990411758423e-01 1.258207857608795166e-01 1.203928142786026001e-01 1.140747219324111938e-01 1.067792400717735291e-01 1.006356850266456604e-01 9.403833746910095215e-02 8.567821234464645386e-02 7.721336930990219116e-02 6.935938447713851929e-02 6.016149744391441345e-02 5.073672160506248474e-02 4.248131439089775085e-02 3.691371530294418335e-02 3.558726236224174500e-02 3.569198399782180786e-02 3.413863852620124817e-02 3.099704720079898834e-02 2.654645778238773346e-02 2.190388180315494537e-02 1.685987971723079681e-02 1.132718659937381744e-02 6.876597180962562561e-03 2.844886621460318565e-03 -1.605702913366258144e-03 -5.969026125967502594e-03 -8.360126987099647522e-03 -1.123992074280977249e-02 -1.651081442832946777e-02 -2.148500271141529083e-02 -2.700024284422397614e-02 -3.239331021904945374e-02 -3.553490340709686279e-02 -3.902556374669075012e-02 -4.391248524188995361e-02 -4.843288660049438477e-02 -5.153957381844520569e-02 -5.469861999154090881e-02 -5.881759524345397949e-02 -6.208136305212974548e-02 -6.372196972370147705e-02 -6.438519805669784546e-02 -6.370452046394348145e-02 -6.122614815831184387e-02 -5.831145122647285461e-02 -5.461135134100914001e-02 -5.120795965194702148e-02 -4.824090003967285156e-02 -4.482005536556243896e-02 -4.122467711567878723e-02 -3.818780556321144104e-02 -3.504621237516403198e-02 -3.125884756445884705e-02 -2.717477641999721527e-02 -2.172934822738170624e-02 -1.635373570024967194e-02 -1.069886796176433563e-02 -4.607669077813625336e-03 2.583087189123034477e-03 9.616764262318611145e-03 1.406735368072986603e-02 1.839577034115791321e-02 2.237512171268463135e-02 2.462659589946269989e-02 2.617993950843811035e-02 2.743657492101192474e-02 2.731440216302871704e-02 2.441715635359287262e-02 2.008873969316482544e-02 1.675515994429588318e-02 1.507964450865983963e-02 1.312487572431564331e-02 9.494591504335403442e-03 5.183627828955650330e-03 8.901178953237831593e-04 -3.979350905865430832e-03 -8.499753661453723907e-03 -1.129228062927722931e-02 -1.274090353399515152e-02 -1.396263390779495239e-02 -1.541125681251287460e-02 -1.535889692604541779e-02 -1.439896598458290100e-02 -1.368338149040937424e-02 -1.371828746050596237e-02 -1.467821933329105377e-02 -1.474803220480680466e-02 -1.352630183100700378e-02 -1.270599663257598877e-02 -1.174606569111347198e-02 -9.459684602916240692e-03 -5.672320257872343063e-03 5.759586347267031670e-04 7.225662935525178909e-03 1.246165111660957336e-02 1.837831735610961914e-02 2.520255371928215027e-02 3.209660574793815613e-02 3.930481523275375366e-02 4.604178667068481445e-02 5.194099992513656616e-02 5.749114602804183960e-02 6.321582198143005371e-02 6.902777403593063354e-02 7.454301416873931885e-02 7.932521402835845947e-02 8.283332735300064087e-02 8.491026610136032104e-02 8.731882274150848389e-02 8.925613760948181152e-02 8.909905701875686646e-02 8.840092271566390991e-02 8.747590333223342896e-02 8.648106455802917480e-02 8.511970937252044678e-02 8.110544830560684204e-02 7.283259183168411255e-02 6.379178166389465332e-02 5.632177367806434631e-02 4.759512841701507568e-02 3.645992651581764221e-02 2.499311417341232300e-02 1.495747175067663193e-02 5.515240598469972610e-03 -5.585053469985723495e-03 -1.893682219088077545e-02 -3.164282068610191345e-02 -4.216715320944786072e-02 -5.150466784834861755e-02 -5.846852809190750122e-02 -6.445500999689102173e-02 -6.909758597612380981e-02 -7.068583369255065918e-02 -7.005751878023147583e-02 -6.791076064109802246e-02 -6.387905031442642212e-02 -6.003932654857635498e-02 -5.688028037548065186e-02 -5.181882530450820923e-02 -4.754276946187019348e-02 -4.422664269804954529e-02 -4.035201296210289001e-02 -3.719296678900718689e-02 -3.560471534729003906e-02 -3.462733328342437744e-02 -3.518583625555038452e-02 -3.982841223478317261e-02 -4.928809776902198792e-02 -6.072000414133071899e-02 -6.757915019989013672e-02 -6.754424422979354858e-02 -6.120869517326354980e-02 -5.136504024267196655e-02 -4.073598608374595642e-02 -3.167772665619850159e-02 -2.734930999577045441e-02 -2.717477641999721527e-02 -2.961823716759681702e-02 -3.471459820866584778e-02 -4.310963302850723267e-02 -5.188863724470138550e-02 -5.862560868263244629e-02 -6.483898311853408813e-02 -7.209955155849456787e-02 -8.011060953140258789e-02 -8.651597052812576294e-02 -9.260717034339904785e-02 -9.950122237205505371e-02 -1.057844087481498718e-01 -1.111774742603302002e-01 -1.155757009983062744e-01 -1.195899620652198792e-01 -1.227839142084121704e-01 -1.247212290763854980e-01 -1.261523962020874023e-01 -1.264141947031021118e-01 -1.246165111660957336e-01 -1.223126724362373352e-01 -1.201135590672492981e-01 -1.179668009281158447e-01 -1.164483651518821716e-01 -1.145634129643440247e-01 -1.119105145335197449e-01 -1.092576086521148682e-01 -1.050164625048637390e-01 -9.759881347417831421e-02 -8.859290927648544312e-02 -7.892379164695739746e-02 -6.805038452148437500e-02 -5.667084082961082458e-02 -4.509930685162544250e-02 -3.186971321702003479e-02 -1.670280098915100098e-02 1.919862115755677223e-04 1.811651699244976044e-02 3.645992651581764221e-02 5.529202893376350403e-02 7.274532318115234375e-02 8.710937947034835815e-02 9.800023585557937622e-02 1.059065759181976318e-01 1.110203936696052551e-01 1.124690175056457520e-01 1.121199503540992737e-01 1.107062324881553650e-01 1.069886833429336548e-01 1.019970402121543884e-01 9.711012244224548340e-02 9.072221070528030396e-02 8.084364980459213257e-02 6.894050538539886475e-02 5.525712296366691589e-02 4.085815697908401489e-02 2.614503167569637299e-02 1.101302728056907654e-02 -3.665191354230046272e-03 -1.815142482519149780e-02 -3.227113932371139526e-02 -4.495968297123908997e-02
-2.905798554420471191e-01 -2.937912642955780029e-01 -2.948559224605560303e-01 -2.969852387905120850e-01 -2.969852387905120850e-01 -2.905973196029663086e-01 -2.820801138877868652e-01 -2.703689634799957275e-01 -2.543991804122924805e-01 -2.384294271469116211e-01 -2.192657142877578735e-01 -1.947787404060363770e-01 -1.671152710914611816e-01 -1.351583003997802734e-01 -1.032187715172767639e-01 -6.702063977718353271e-02 -2.977531775832176208e-02 8.552113547921180725e-03 4.794419556856155396e-02 8.520697057247161865e-02 1.171464994549751282e-01 1.458920687437057495e-01 1.735729873180389404e-01 1.938013583421707153e-01 2.055125236511230469e-01 2.119004279375076294e-01 2.108357697725296021e-01 2.044304162263870239e-01 1.905899494886398315e-01 1.682497411966323853e-01 1.405513584613800049e-01 1.419127136468887329e-01 1.097812131047248840e-01 7.145377993583679199e-02 2.713987044990062714e-02 -2.277654595673084259e-02 -7.749261707067489624e-02 -1.370258033275604248e-01 -1.997529268264770508e-01 -2.622182667255401611e-01 -3.223797678947448730e-01 -3.799930810928344727e-01 -4.347091615200042725e-01 -4.863185286521911621e-01 -5.344896316528320312e-01 -5.777563452720642090e-01 -6.162059307098388672e-01 -6.501700282096862793e-01 -6.803991794586181641e-01 -7.072248458862304688e-01 -7.304552197456359863e-01 -7.496887445449829102e-01 -7.647858262062072754e-01 -7.766191363334655762e-01 -7.830070853233337402e-01 -7.777187228202819824e-01 -7.610508203506469727e-01 -7.460409998893737793e-01 -7.402639389038085938e-01 -7.388502359390258789e-01 -7.408049702644348145e-01 -7.479084730148315430e-01 -7.574380040168762207e-01 -7.666707634925842285e-01 -7.751705050468444824e-01 -7.833735942840576172e-01 -7.914369702339172363e-01 -8.013504743576049805e-01 -8.132710456848144531e-01 -8.260119557380676270e-01 -8.425751328468322754e-01 -8.638332486152648926e-01 -8.898386359214782715e-01 -9.199979305267333984e-01 -9.521643519401550293e-01 -9.867218732833862305e-01 -1.023199319839477539e+00 -1.058873772621154785e+00 -1.091389298439025879e+00 -1.120396614074707031e+00 -1.145162820816040039e+00 -1.165967226028442383e+00 -1.183909177780151367e+00 -1.200681805610656738e+00 -1.218868136405944824e+00 -1.239218711853027344e+00 -1.259796142578125000e+00 -1.280495762825012207e+00 -1.301858544349670410e+00 -1.322540640830993652e+00 -1.344863414764404297e+00 -1.369716882705688477e+00 -1.398462533950805664e+00 -1.433840394020080566e+00 -1.474436640739440918e+00 -1.516848206520080566e+00 -1.558718681335449219e+00 -1.601025462150573730e+00 -1.642546772956848145e+00 -1.680909156799316406e+00 -1.714210033416748047e+00 -1.738173365592956543e+00 -1.749186396598815918e+00 -1.744526386260986328e+00 -1.722744703292846680e+00 -1.687035202980041504e+00 -1.641883611679077148e+00 -1.587219834327697754e+00 -1.525505065917968750e+00 -1.461870312690734863e+00 -1.399998426437377930e+00 -1.339767098426818848e+00 -1.278645634651184082e+00 -1.218082785606384277e+00 -1.159980773925781250e+00 -1.103501915931701660e+00 -1.047686219215393066e+00 -9.930923581123352051e-01 -9.402437806129455566e-01 -8.893848657608032227e-01 -8.418421149253845215e-01 -7.969347834587097168e-01 -7.556053996086120605e-01 -7.211176753044128418e-01 -6.938033103942871094e-01 -6.738541722297668457e-01 -6.613227128982543945e-01 -6.536956429481506348e-01 -6.490007042884826660e-01 -6.477265954017639160e-01 -6.491053700447082520e-01 -6.521946191787719727e-01 -6.588094234466552734e-01 -6.709743738174438477e-01 -6.876073479652404785e-01 -7.066838145256042480e-01 -7.286574840545654297e-01 -7.543312907218933105e-01 -7.846651077270507812e-01 -8.225736618041992188e-01 -8.705353140830993652e-01 -9.285500645637512207e-01 -9.963561296463012695e-01 -1.069101452827453613e+00 -1.141637325286865234e+00 -1.213771820068359375e+00 -1.281961798667907715e+00 -1.343798756599426270e+00 -1.398654460906982422e+00 -1.445586442947387695e+00 -1.485851168632507324e+00 -1.518017530441284180e+00 -1.538682222366333008e+00 -1.547094702720642090e+00 -1.542312502861022949e+00 -1.523323416709899902e+00 -1.490668296813964844e+00 -1.445795893669128418e+00 -1.390922665596008301e+00 -1.328492283821105957e+00 -1.262065052986145020e+00 -1.193665623664855957e+00 -1.123206615447998047e+00 -1.050339102745056152e+00 -9.739635586738586426e-01 -8.930151462554931641e-01 -8.218581080436706543e-01 -7.531270384788513184e-01 -6.711838245391845703e-01 -5.715255141258239746e-01 -4.801575243473052979e-01 -4.085466563701629639e-01 -3.342654705047607422e-01 -2.636319696903228760e-01 -2.004685103893280029e-01 -1.450892239809036255e-01 -1.007753089070320129e-01 -6.979571282863616943e-02 -4.740314185619354248e-02 -3.260274976491928101e-02 -2.342231757938861847e-02 -1.431170012801885605e-02 -2.722713630646467209e-03 7.976154796779155731e-03 1.675515994429588318e-02 2.885029278695583344e-02 5.335471406579017639e-02 8.541641384363174438e-02 1.256113499402999878e-01 1.880592256784439087e-01 2.728298604488372803e-01 3.808657526969909668e-01 5.141739845275878906e-01 6.716550588607788086e-01 8.487536311149597168e-01 1.071091055870056152e+00 1.285330295562744141e+00 1.469427585601806641e+00 1.673474073410034180e+00 1.886875391006469727e+00 2.106315612792968750e+00 2.327274322509765625e+00 2.544410705566406250e+00 2.754007339477539062e+00 2.953899860382080078e+00 3.140056848526000977e+00 3.308620691299438477e+00 3.471616983413696289e+00 3.601731300354003906e+00 3.687514066696166992e+00 3.758095264434814453e+00 3.811450004577636719e+00 3.845798015594482422e+00 3.861663103103637695e+00 3.862448453903198242e+00 3.849829912185668945e+00 3.822899341583251953e+00 3.779754877090454102e+00 3.716416835784912109e+00 3.634141921997070312e+00 3.533419132232666016e+00 3.415085792541503906e+00 3.283906698226928711e+00 3.140231370925903320e+00 2.981685638427734375e+00 2.810468673706054688e+00 2.629041910171508789e+00 2.436496973037719727e+00 2.234719514846801758e+00 2.024110794067382812e+00 1.805508255958557129e+00 1.581739544868469238e+00 1.356190681457519531e+00 1.131496906280517578e+00 9.080948233604431152e-01 6.877470016479492188e-01 4.705407619476318359e-01 2.577502131462097168e-01 5.340707674622535706e-02 -1.405513584613800049e-01 -3.233397006988525391e-01 -4.927588105201721191e-01 -6.428396701812744141e-01 -7.686430215835571289e-01 -8.791921734809875488e-01 -9.816255569458007812e-01 -1.068473100662231445e+00 -1.137588143348693848e+00 -1.192862749099731445e+00 -1.233057618141174316e+00 -1.253827095031738281e+00 -1.251540660858154297e+00 -1.224732398986816406e+00 -1.175950527191162109e+00 -1.110326051712036133e+00 -1.034369349479675293e+00 -9.542064070701599121e-01 -8.742353916168212891e-01 -7.990640997886657715e-01 -7.312231659889221191e-01 -6.698399186134338379e-01 -6.186494231224060059e-01 -5.798158049583435059e-01 -5.457121133804321289e-01 -5.103691816329956055e-01 -4.754625856876373291e-01 -4.457745552062988281e-01 -4.245513379573822021e-01 -4.130670726299285889e-01 -4.131194353103637695e-01 -4.283038079738616943e-01 -4.635245501995086670e-01 -5.217312574386596680e-01 -6.019291281700134277e-01 -7.027393579483032227e-01 -8.207934498786926270e-01 -9.502968788146972656e-01 -1.087916135787963867e+00 -1.231678843498229980e+00 -1.378251552581787109e+00 -1.526622056961059570e+00 -1.676022171974182129e+00 -1.822053909301757812e+00 -1.961051940917968750e+00 -2.089595556259155273e+00 -2.204717397689819336e+00 -2.305562496185302734e+00 -2.392375230789184570e+00 -2.464334964752197266e+00 -2.521389961242675781e+00 -2.564185380935668945e+00 -2.592669248580932617e+00 -2.606142997741699219e+00 -2.601221323013305664e+00 -2.576158285140991211e+00 -2.531565189361572266e+00 -2.467633724212646484e+00 -2.387331247329711914e+00 -2.294043302536010742e+00 -2.192936420440673828e+00 -2.086122274398803711e+00 -1.972256898880004883e+00 -1.851096153259277344e+00 -1.721924424171447754e+00 -1.585387229919433594e+00 -1.442374944686889648e+00 -1.295470595359802246e+00 -1.149177193641662598e+00 -1.006618618965148926e+00 -8.671668171882629395e-01 -7.298966646194458008e-01 -5.957506895065307617e-01 -4.650778770446777344e-01 -3.402344882488250732e-01 -2.262819409370422363e-01 -1.259255111217498779e-01 -4.277801886200904846e-02 1.881464943289756775e-02 5.873033031821250916e-02 7.529350370168685913e-02 6.593853980302810669e-02 3.057816810905933380e-02 -2.989749051630496979e-02 -1.129053458571434021e-01 -2.167698889970779419e-01 -3.392221927642822266e-01 -4.752357006072998047e-01 -6.211975812911987305e-01 -7.727620005607604980e-01 -9.272759556770324707e-01 -1.082959294319152832e+00 -1.235344052314758301e+00 -1.381323337554931641e+00 -1.519972324371337891e+00 -1.649650335311889648e+00 -1.768402457237243652e+00 -1.875129342079162598e+00 -1.966549754142761230e+00 -2.040062904357910156e+00 -2.094604492187500000e+00 -2.129755496978759766e+00 -2.144049644470214844e+00 -2.137557029724121094e+00 -2.113139867782592773e+00 -2.073538303375244141e+00 -2.023325204849243164e+00 -1.964996337890625000e+00 -1.898656368255615234e+00 -1.825247883796691895e+00 -1.747388720512390137e+00 -1.666772007942199707e+00 -1.584724068641662598e+00 -1.502711057662963867e+00 -1.421972155570983887e+00 -1.344933271408081055e+00 -1.272222876548767090e+00 -1.204102635383605957e+00 -1.139769792556762695e+00 -1.079172015190124512e+00 -1.022326588630676270e+00 -9.688671827316284180e-01 -9.206088185310363770e-01 -8.779180645942687988e-01 -8.403411507606506348e-01 -8.054694533348083496e-01 -7.723430991172790527e-01 -7.424455881118774414e-01 -7.144854068756103516e-01 -6.870139241218566895e-01 -6.619335412979125977e-01 -6.397329568862915039e-01 -6.202900409698486328e-01 -6.041631698608398438e-01 -5.890835523605346680e-01 -5.737769603729248047e-01 -5.580864548683166504e-01 -5.409647822380065918e-01 -5.226388573646545410e-01 -5.031784176826477051e-01 -4.823217391967773438e-01 -4.599291682243347168e-01 -4.360007047653198242e-01 -4.107806980609893799e-01 -3.853687047958374023e-01 -3.589269518852233887e-01 -3.298497796058654785e-01 -2.962347269058227539e-01 -2.576280534267425537e-01 -2.153910845518112183e-01 -1.685289889574050903e-01 -1.172512173652648926e-01 -6.387905031442642212e-02 -1.026253588497638702e-02 4.152138158679008484e-02 8.848819136619567871e-02 1.306553483009338379e-01 1.699078083038330078e-01 2.073625624179840088e-01 2.443809956312179565e-01 2.802824378013610840e-01 3.141418099403381348e-01 3.446676135063171387e-01 3.697130978107452393e-01 3.896796703338623047e-01 4.057192504405975342e-01 4.176049232482910156e-01 4.249702095985412598e-01 4.282688796520233154e-01 4.290019273757934570e-01 4.292811751365661621e-01 4.313057661056518555e-01 4.365417361259460449e-01 4.471882581710815430e-01 4.638386964797973633e-01 4.845033884048461914e-01 5.083795189857482910e-01 5.364094972610473633e-01 5.677032470703125000e-01 5.996951460838317871e-01 6.329262256622314453e-01 6.688450574874877930e-01 7.080975174903869629e-01 7.486938834190368652e-01 7.876321673393249512e-01 8.252614736557006836e-01 8.614072203636169434e-01 8.947430253028869629e-01 9.259844422340393066e-01 9.560738801956176758e-01 9.847322106361389160e-01 1.010912179946899414e+00 1.035137295722961426e+00 1.057634592056274414e+00 1.077828049659729004e+00 1.096468210220336914e+00 1.111320972442626953e+00 1.120204687118530273e+00 1.125074148178100586e+00 1.127692103385925293e+00 1.128128409385681152e+00 1.129262924194335938e+00 1.131601691246032715e+00 1.132875800132751465e+00 1.136244297027587891e+00 1.143609523773193359e+00 1.154482960700988770e+00 1.172494769096374512e+00 1.200350165367126465e+00 1.238503098487854004e+00 1.287180304527282715e+00 1.343292713165283203e+00 1.407800078392028809e+00 1.482360482215881348e+00 1.561615943908691406e+00 1.642180323600769043e+00 1.722011685371398926e+00 1.798998117446899414e+00 1.871376872062683105e+00 1.937140941619873047e+00 1.995155692100524902e+00 2.046224117279052734e+00 2.090380907058715820e+00 2.128237009048461914e+00 2.160054445266723633e+00 2.183424234390258789e+00 2.196409702301025391e+00 2.197282314300537109e+00 2.186583280563354492e+00 2.162969112396240234e+00 2.126212358474731445e+00 2.076540470123291016e+00 2.014965057373046875e+00 1.941609025001525879e+00 1.856192588806152344e+00 1.763026833534240723e+00 1.661989808082580566e+00 1.552679777145385742e+00 1.437156438827514648e+00 1.316589117050170898e+00 1.193333983421325684e+00 1.069310903549194336e+00 9.443278312683105469e-01 8.205490708351135254e-01 6.994581222534179688e-01 5.800950527191162109e-01 4.649033546447753906e-01 3.561518788337707520e-01 2.569648325443267822e-01 1.686162650585174561e-01 8.941321820020675659e-02 2.213077433407306671e-02 -3.143338114023208618e-02 -7.375761121511459351e-02 -1.067792400717735291e-01 -1.299921274185180664e-01 -1.441816538572311401e-01 -1.509011685848236084e-01 -1.485973298549652100e-01 -1.366069167852401733e-01 -1.168847009539604187e-01 -9.245008975267410278e-02 -6.482152640819549561e-02 -3.527310490608215332e-02 -8.412486873567104340e-03 1.260127685964107513e-02 2.811725437641143799e-02 3.726277872920036316e-02 3.846705704927444458e-02 3.263765573501586914e-02 2.049016579985618591e-02 2.914699725806713104e-03 -2.000147290527820587e-02 -5.017821490764617920e-02 -8.738863468170166016e-02 -1.309520602226257324e-01 -1.789835095405578613e-01 -2.282017916440963745e-01 -2.775946259498596191e-01 -3.267256319522857666e-01 -3.745127618312835693e-01 -4.217413663864135742e-01 -4.687430858612060547e-01 -5.153259038925170898e-01 -5.623800158500671387e-01 -6.105859875679016113e-01 -6.611307263374328613e-01 -7.135953307151794434e-01 -7.668278813362121582e-01 -8.187863230705261230e-01 -8.689819574356079102e-01 -9.159313440322875977e-01 -9.596518278121948242e-01 -1.002394914627075195e+00 -1.042205929756164551e+00 -1.078281879425048828e+00 -1.111914396286010742e+00 -1.143277883529663086e+00 -1.169614911079406738e+00 -1.190436720848083496e+00 -1.207122087478637695e+00 -1.221171975135803223e+00 -1.233214735984802246e+00 -1.243145704269409180e+00 -1.253198742866516113e+00 -1.262658476829528809e+00 -1.271873831748962402e+00 -1.281298518180847168e+00 -1.287983179092407227e+00 -1.290391683578491211e+00 -1.287267565727233887e+00 -1.277458786964416504e+00 -1.262745738029479980e+00 -1.244454622268676758e+00 -1.224365949630737305e+00 -1.203579068183898926e+00 -1.180593013763427734e+00 -1.153872013092041016e+00 -1.122805237770080566e+00 -1.087427377700805664e+00 -1.047145128250122070e+00 -1.003599166870117188e+00 -9.574701786041259766e-01 -9.083915352821350098e-01 -8.577944040298461914e-01 -8.056265115737915039e-01 -7.528303265571594238e-01 -7.035596966743469238e-01 -6.610957980155944824e-01 -6.255085468292236328e-01 -5.961869955062866211e-01 -5.744751095771789551e-01 -5.615247488021850586e-01 -5.578246712684631348e-01 -5.638984441757202148e-01 -5.789955258369445801e-01 -6.018767952919006348e-01 -6.329610943794250488e-01 -6.718295812606811523e-01 -7.182553410530090332e-01 -7.718718647956848145e-01 -8.296946287155151367e-01 -8.910952806472778320e-01 -9.552361369132995605e-01 -1.020162343978881836e+00 -1.084146142005920410e+00 -1.144918560981750488e+00 -1.203421950340270996e+00 -1.259761214256286621e+00 -1.312993764877319336e+00 -1.363067269325256348e+00 -1.409004330635070801e+00 -1.449181795120239258e+00 -1.482569932937622070e+00 -1.509744763374328613e+00 -1.529327273368835449e+00 -1.538874268531799316e+00 -1.538961529731750488e+00 -1.529850840568542480e+00 -1.513828754425048828e+00 -1.494368314743041992e+00 -1.471609234809875488e+00 -1.448152065277099609e+00 -1.423438191413879395e+00 -1.396664857864379883e+00 -1.368704676628112793e+00 -1.338405728340148926e+00 -1.307443618774414062e+00 -1.277476310729980469e+00 -1.248538732528686523e+00 -1.221311569213867188e+00 -1.195690155029296875e+00 -1.171377778053283691e+00 -1.148548841476440430e+00 -1.127884149551391602e+00 -1.110326051712036133e+00 -1.095281362533569336e+00 -1.081912159919738770e+00 -1.069520354270935059e+00 -1.056901574134826660e+00 -1.043864011764526367e+00 -1.030669331550598145e+00 -1.017404794692993164e+00 -1.004436969757080078e+00 -9.918880462646484375e-01 -9.804736375808715820e-01 -9.707870483398437500e-01 -9.630377888679504395e-01 -9.567371606826782227e-01 -9.526007175445556641e-01 -9.512218832969665527e-01 -9.516058564186096191e-01 -9.527228474617004395e-01 -9.528450369834899902e-01 -9.519549012184143066e-01 -9.512742757797241211e-01 -9.510124325752258301e-01 -9.512044191360473633e-01 -9.538224339485168457e-01 -9.589886069297790527e-01 -9.654986858367919922e-01 -9.735271930694580078e-01 -9.805783033370971680e-01 -9.844006299972534180e-01 -9.849939942359924316e-01 -9.820967912673950195e-01 -9.761800765991210938e-01 -9.680817723274230957e-01 -9.572083950042724609e-01 -9.436296820640563965e-01 -9.276948571205139160e-01 -9.098401069641113281e-01 -8.915316462516784668e-01 -8.720712065696716309e-01 -8.502720594406127930e-01 -8.262388706207275391e-01 -8.003730773925781250e-01 -7.731110453605651855e-01 -7.440164089202880859e-01 -7.132288217544555664e-01 -6.814463734626770020e-01 -6.495766639709472656e-01 -6.163979172706604004e-01 -5.823814868927001953e-01 -5.492725372314453125e-01 -5.178042650222778320e-01 -4.895299375057220459e-01 -4.650778770446777344e-01 -4.437674283981323242e-01 -4.240452051162719727e-01 -4.049687385559082031e-01 -3.861540853977203369e-01 -3.668158352375030518e-01 -3.460115194320678711e-01 -3.264812827110290527e-01 -3.090803623199462891e-01 -2.928313314914703369e-01 -2.783276438713073730e-01 -2.664245069026947021e-01 -2.584308981895446777e-01 -2.545388042926788330e-01 -2.542246580123901367e-01 -2.563016116619110107e-01 -2.609267234802246094e-01 -2.681872844696044922e-01 -2.777691483497619629e-01 -2.908242046833038330e-01 -3.074921071529388428e-01 -3.259576857089996338e-01 -3.435855209827423096e-01 -3.602184951305389404e-01 -3.761533498764038086e-01 -3.902032673358917236e-01 -4.006577730178833008e-01 -4.068188071250915527e-01 -4.077438116073608398e-01 -4.030663371086120605e-01 -3.961199223995208740e-01 -3.857177495956420898e-01 -3.707428276538848877e-01 -3.523470759391784668e-01 -3.306526243686676025e-01 -3.066543340682983398e-01 -2.814343273639678955e-01 -2.560223340988159180e-01 -2.298773080110549927e-01 -2.031563222408294678e-01 -1.758593767881393433e-01 -1.477072089910507202e-01 -1.201484650373458862e-01 -9.283406287431716919e-02 -6.560692936182022095e-02 -3.906046971678733826e-02 -1.310742273926734924e-02 1.164134591817855835e-02 3.560471534729003906e-02 5.862560868263244629e-02 7.998844236135482788e-02 9.972811490297317505e-02 1.169196069240570068e-01 1.305506229400634766e-01 1.414589285850524902e-01 1.509535312652587891e-01 1.595579981803894043e-01 1.662077009677886963e-01 1.711295396089553833e-01 1.750216186046600342e-01 1.766098737716674805e-01 1.747249066829681396e-01 1.704837679862976074e-01 1.653001308441162109e-01 1.584409922361373901e-01 1.499761492013931274e-01 1.399055868387222290e-01 1.275835633277893066e-01 1.121548563241958618e-01 9.293878078460693359e-02 7.028441131114959717e-02 4.433136433362960815e-02 1.703441329300403595e-02 -1.110029406845569611e-02 -4.054399952292442322e-02 -7.147122919559478760e-02 -1.033234894275665283e-01 -1.348965018987655640e-01 -1.673247218132019043e-01 -2.004161626100540161e-01 -2.334552407264709473e-01 -2.642602920532226562e-01 -2.925869822502136230e-01 -3.179989755153656006e-01 -3.406533598899841309e-01 -3.612482547760009766e-01 -3.781430423259735107e-01 -3.919660449028015137e-01 -4.026474654674530029e-01 -4.095065891742706299e-01 -4.132590591907501221e-01 -4.154058098793029785e-01 -4.159817695617675781e-01 -4.139921069145202637e-01 -4.090877175331115723e-01 -4.014082849025726318e-01 -3.929085135459899902e-01 -3.837804496288299561e-01 -3.724881708621978760e-01 -3.580892086029052734e-01 -3.415085673332214355e-01 -3.240203857421875000e-01 -3.058689534664154053e-01 -2.861641943454742432e-01 -2.642428576946258545e-01 -2.411346882581710815e-01 -2.175203859806060791e-01 -1.940107941627502441e-01 -1.708677262067794800e-01 -1.478817462921142578e-01 -1.246339604258537292e-01 -1.015956178307533264e-01 -7.895869761705398560e-02 -5.649630725383758545e-02 -3.504621237516403198e-02 -1.588249579071998596e-02 -1.151917269453406334e-03 1.019272301346063614e-02 1.956514082849025726e-02 2.399827726185321808e-02 2.391101047396659851e-02 2.040289901196956635e-02 1.329940930008888245e-02 3.769911127164959908e-03 -1.082104165107011795e-02 -2.748893573880195618e-02 -4.375540465116500854e-02 -6.267477571964263916e-02 -8.553858846426010132e-02 -1.090481728315353394e-01 -1.268156170845031738e-01 -1.413193047046661377e-01 -1.579522937536239624e-01 -1.726130694150924683e-01 -1.829977780580520630e-01 -1.932253986597061157e-01 -2.024232894182205200e-01 -2.080781459808349609e-01 -2.116386294364929199e-01 -2.143438905477523804e-01 -2.138726413249969482e-01 -2.111499309539794922e-01 -2.075196504592895508e-01 -2.019345909357070923e-01 -1.943075060844421387e-01 -1.864535212516784668e-01 -1.791580468416213989e-01 -1.724036186933517456e-01 -1.658586412668228149e-01 -1.584758907556533813e-01 -1.494700014591217041e-01 -1.394867151975631714e-01 -1.297303289175033569e-01 -1.178795397281646729e-01 -1.067443341016769409e-01 -9.810495376586914062e-02 -9.016370773315429688e-02 -8.220500499010086060e-02 -7.548549026250839233e-02 -7.148868590593338013e-02 -6.766641139984130859e-02 -6.389650702476501465e-02 -6.108652427792549133e-02 -5.869542434811592102e-02 -5.708971992135047913e-02 -5.705481395125389099e-02 -5.799729004502296448e-02 -6.058037653565406799e-02 -6.511823087930679321e-02 -7.105235010385513306e-02 -7.757988572120666504e-02 -8.402015268802642822e-02 -9.107127785682678223e-02 -9.803514182567596436e-02 -1.049815565347671509e-01 -1.119105145335197449e-01 -1.175653785467147827e-01 -1.230282559990882874e-01 -1.293463557958602905e-01 -1.350884884595870972e-01 -1.396263390779495239e-01 -1.446354389190673828e-01 -1.498190611600875854e-01 -1.522625237703323364e-01 -1.516691148281097412e-01 -1.501681208610534668e-01 -1.486147791147232056e-01 -1.463982164859771729e-01 -1.432915329933166504e-01 -1.407608091831207275e-01 -1.394169032573699951e-01 -1.376017630100250244e-01 -1.346521526575088501e-01 -1.312487572431564331e-01 -1.257509738206863403e-01 -1.175304725766181946e-01 -1.078613474965095520e-01 -9.793042391538619995e-02 -8.724901080131530762e-02 -7.597418129444122314e-02 -6.506587564945220947e-02 -5.462880432605743408e-02 -4.501204192638397217e-02 -3.762929886579513550e-02 -3.209660574793815613e-02 -2.700024284422397614e-02 -2.272418700158596039e-02 -1.939060725271701813e-02 -1.710422709584236145e-02 -1.521927118301391602e-02 -1.445132587105035782e-02 -1.570796407759189606e-02 -1.780235767364501953e-02 -2.087413705885410309e-02 -2.527236752212047577e-02 -2.991494350135326385e-02 -3.368485346436500549e-02 -3.649483621120452881e-02 -3.888593614101409912e-02 -4.113740846514701843e-02 -4.330161958932876587e-02 -4.513421282172203064e-02 -4.619886353611946106e-02 -4.726351425051689148e-02 -4.832816496491432190e-02 -4.780456796288490295e-02 -4.571017250418663025e-02 -4.263839498162269592e-02 -3.886848315596580505e-02 -3.544763848185539246e-02 -3.214896470308303833e-02 -2.954842336475849152e-02 -2.816961333155632019e-02 -2.698278985917568207e-02 -2.555162087082862854e-02 -2.338741160929203033e-02 -1.904154196381568909e-02 -1.315978262573480606e-02 -6.667157635092735291e-03 1.954768784344196320e-03 1.209513191133737564e-02 2.286381274461746216e-02 3.291691094636917114e-02 4.143411666154861450e-02 5.057964101433753967e-02 6.092944368720054626e-02 7.208209484815597534e-02 8.452629297971725464e-02 9.841911494731903076e-02 1.132369637489318848e-01 1.284213215112686157e-01 1.443736404180526733e-01 1.603433936834335327e-01 1.766273230314254761e-01 1.943075060844421387e-01 2.128603607416152954e-01 2.324080467224121094e-01 2.539454102516174316e-01 2.772280871868133545e-01 3.015405237674713135e-01 3.281742632389068604e-01 3.582637310028076172e-01 3.922801911830902100e-01 4.288623034954071045e-01 4.677482247352600098e-01 5.088158249855041504e-01 5.514193177223205566e-01 5.965360999107360840e-01 6.436250805854797363e-01 6.921452283859252930e-01 7.428295612335205078e-01 7.944040298461914062e-01 8.453676700592041016e-01 8.961043953895568848e-01 9.454797506332397461e-01 9.927258491516113281e-01 1.035940170288085938e+00 1.072801470756530762e+00 1.101040959358215332e+00 1.120117425918579102e+00 1.130728960037231445e+00 1.131898403167724609e+00 1.124794840812683105e+00 1.109907269477844238e+00 1.087113261222839355e+00 1.057006239891052246e+00 1.020755767822265625e+00 9.813811779022216797e-01 9.394758343696594238e-01 8.946382999420166016e-01 8.492423295974731445e-01 8.055217862129211426e-01 7.649952769279479980e-01 7.289193272590637207e-01 6.975208520889282227e-01 6.708347201347351074e-01 6.476742029190063477e-01 6.297147870063781738e-01 6.186319589614868164e-01 6.118949651718139648e-01 6.082123517990112305e-01 6.067113280296325684e-01 6.057863235473632812e-01 6.044598817825317383e-01 6.023480296134948730e-01 5.986479520797729492e-01 5.933595895767211914e-01 5.861513614654541016e-01 5.772153139114379883e-01 5.685235261917114258e-01 5.605822801589965820e-01 5.516636967658996582e-01 5.410869717597961426e-01 5.295154452323913574e-01 5.162858366966247559e-01 5.030038952827453613e-01 4.881336688995361328e-01 4.707152843475341797e-01 4.525813162326812744e-01 4.328940212726593018e-01 4.128750860691070557e-01 3.952647149562835693e-01 3.805166780948638916e-01 3.688404262065887451e-01 3.609166443347930908e-01 3.573910593986511230e-01 3.587873280048370361e-01 3.653497695922851562e-01 3.768689334392547607e-01 3.916518688201904297e-01 4.109377562999725342e-01 4.348662495613098145e-01 4.619886577129364014e-01 4.928984344005584717e-01 5.297946929931640625e-01 5.732184648513793945e-01 6.224542260169982910e-01 6.762802004814147949e-01 7.319561839103698730e-01 7.902851104736328125e-01 8.531693220138549805e-01 9.182177186012268066e-01 9.844704270362854004e-01 1.052782654762268066e+00 1.122264146804809570e+00 1.194101929664611816e+00 1.268784523010253906e+00 1.343379974365234375e+00 1.417626261711120605e+00 1.491087079048156738e+00 1.562017321586608887e+00 1.628776192665100098e+00 1.689094781875610352e+00 1.742990493774414062e+00 1.789555907249450684e+00 1.826190352439880371e+00 1.853714227676391602e+00 1.874082207679748535e+00 1.887102365493774414e+00 1.894293069839477539e+00 1.896596908569335938e+00 1.893420457839965820e+00 1.884885787963867188e+00 1.871289610862731934e+00 1.852509856224060059e+00 1.828459262847900391e+00 1.799085378646850586e+00 1.763463258743286133e+00 1.722447991371154785e+00 1.677348613739013672e+00 1.628688931465148926e+00 1.578894615173339844e+00 1.531788229942321777e+00 1.487997889518737793e+00 1.446493983268737793e+00 1.408149123191833496e+00 1.373277425765991211e+00 1.343310117721557617e+00 1.319102406501770020e+00 1.302940607070922852e+00 1.297006487846374512e+00 1.301526904106140137e+00 1.316624045372009277e+00 1.340133666992187500e+00 1.371479749679565430e+00 1.410749673843383789e+00 1.456721544265747070e+00 1.507318735122680664e+00 1.561057329177856445e+00 1.616070151329040527e+00 1.672234892845153809e+00 1.729813218116760254e+00 1.787985086441040039e+00 1.846697926521301270e+00 1.906894326210021973e+00 1.969272494316101074e+00 2.033169031143188477e+00 2.100207090377807617e+00 2.170107364654541016e+00 2.242434024810791016e+00 2.317343473434448242e+00 2.392951011657714844e+00 2.466027975082397461e+00 2.534916162490844727e+00 2.601779699325561523e+00 2.664664030075073242e+00 2.721840858459472656e+00 2.775090932846069336e+00 2.826438426971435547e+00 2.874487400054931641e+00 2.916445255279541016e+00 2.954685449600219727e+00 2.989172935485839844e+00 3.019000768661499023e+00 3.044081211090087891e+00 3.063454151153564453e+00 3.076072931289672852e+00 3.080261707305908203e+00 3.075968265533447266e+00 3.062215089797973633e+00 3.038321495056152344e+00 3.006172657012939453e+00 2.968159198760986328e+00 2.926795005798339844e+00 2.881556034088134766e+00 2.830313205718994141e+00 2.774741888046264648e+00 2.714545488357543945e+00 2.648397445678710938e+00 2.577903747558593750e+00 2.504704475402832031e+00 2.431034088134765625e+00 2.360016822814941406e+00 2.294165372848510742e+00 2.234859228134155273e+00 2.185466289520263672e+00 2.147365808486938477e+00 2.117032051086425781e+00 2.093941211700439453e+00 2.078547477722167969e+00 2.070082664489746094e+00 2.068843364715576172e+00 2.074009656906127930e+00 2.084952831268310547e+00 2.101411342620849609e+00 2.121988773345947266e+00 2.147104024887084961e+00 2.175936937332153320e+00 2.206619739532470703e+00 2.237424850463867188e+00 2.266048192977905273e+00 2.291285753250122070e+00 2.311967849731445312e+00 2.327641010284423828e+00 2.337816238403320312e+00 2.342895030975341797e+00 2.343383789062500000e+00 2.338863372802734375e+00 2.330695152282714844e+00 2.321375131607055664e+00 2.311897993087768555e+00 2.302368640899658203e+00 2.292175769805908203e+00 2.279818773269653320e+00 2.263744354248046875e+00 2.243934869766235352e+00 2.222624540328979492e+00 2.200371503829956055e+00 2.176792144775390625e+00 2.152671575546264648e+00 2.128341674804687500e+00 2.105181217193603516e+00 2.083434343338012695e+00 2.062909364700317383e+00 2.044775485992431641e+00 2.027287244796752930e+00 2.008490085601806641e+00 1.989169239997863770e+00 1.968033313751220703e+00 1.942394375801086426e+00 1.914277076721191406e+00 1.885793328285217285e+00 1.855564236640930176e+00 1.824654459953308105e+00 1.793116331100463867e+00 1.761665582656860352e+00 1.730232119560241699e+00 1.699130415916442871e+00 1.669756531715393066e+00 1.642634034156799316e+00 1.618339061737060547e+00 1.597412586212158203e+00 1.580046534538269043e+00 1.565089106559753418e+00 1.554582238197326660e+00 1.548735380172729492e+00 1.546658396720886230e+00 1.547705650329589844e+00 1.550672650337219238e+00 1.554076075553894043e+00 1.555158138275146484e+00 1.553063750267028809e+00 1.548107028007507324e+00 1.540095925331115723e+00 1.528000831604003906e+00 1.512013673782348633e+00 1.493216395378112793e+00 1.471347451210021973e+00 1.446982622146606445e+00 1.418132424354553223e+00 1.383347988128662109e+00 1.343920946121215820e+00 1.299799084663391113e+00 1.250894904136657715e+00 1.197208642959594727e+00 1.140014171600341797e+00 1.081702709197998047e+00 1.022291660308837891e+00 9.608560800552368164e-01 8.983035087585449219e-01 8.352622389793395996e-01 7.707897424697875977e-01 7.063521742820739746e-01 6.422462463378906250e-01 5.776341557502746582e-01 5.150466561317443848e-01 4.554785788059234619e-01 3.990346193313598633e-01 3.463780283927917480e-01 2.965489029884338379e-01 2.494250088930130005e-01 2.075196504592895508e-01 1.712168008089065552e-01 1.403419226408004761e-01 1.148252114653587341e-01 9.466665983200073242e-02 8.140215277671813965e-02 7.473500072956085205e-02 7.487462460994720459e-02 8.250171691179275513e-02 9.665632992982864380e-02 1.185078546404838562e-01 1.495048999786376953e-01 1.895776689052581787e-01 2.390403002500534058e-01 2.957809567451477051e-01 3.577052354812622070e-01 4.229979813098907471e-01 4.899662733078002930e-01 5.570043921470642090e-01 6.224891543388366699e-01 6.854431629180908203e-01 7.451508641242980957e-01 8.019787669181823730e-01 8.544608354568481445e-01 9.017068743705749512e-01 9.439787864685058594e-01 9.810670018196105957e-01 1.014786839485168457e+00 1.045242786407470703e+00 1.069939136505126953e+00 1.088841080665588379e+00 1.102524518966674805e+00 1.111251115798950195e+00 1.117656469345092773e+00 1.122787714004516602e+00 1.126452922821044922e+00 1.130153059959411621e+00 1.134184718132019043e+00 1.137081980705261230e+00 1.137326359748840332e+00 1.134568691253662109e+00 1.128721833229064941e+00 1.118756055831909180e+00 1.103344798088073730e+00 1.084442853927612305e+00 1.061282396316528320e+00 1.035451531410217285e+00 1.010406017303466797e+00 9.847496747970581055e-01 9.588315486907958984e-01 9.328261017799377441e-01 9.077108502388000488e-01 8.848644495010375977e-01 8.626289963722229004e-01 8.406378030776977539e-01 8.222071528434753418e-01 8.074591159820556641e-01 7.945087552070617676e-01 7.844905853271484375e-01 7.775790691375732422e-01 7.738265991210937500e-01 7.729190587997436523e-01 7.728667259216308594e-01 7.737917304039001465e-01 7.760606408119201660e-01 7.792022228240966797e-01 7.826929092407226562e-01 7.859915494918823242e-01 7.882953882217407227e-01 7.876496315002441406e-01 7.832863330841064453e-01 7.751879692077636719e-01 7.643320560455322266e-01 7.507534027099609375e-01 7.341727614402770996e-01 7.151137590408325195e-01 6.931574940681457520e-01 6.674836874008178711e-01 6.381098031997680664e-01 6.065717339515686035e-01 5.744751095771789551e-01 5.424832105636596680e-01 5.101946592330932617e-01 4.806462228298187256e-01 4.553563892841339111e-01 4.324402213096618652e-01 4.133288860321044922e-01 3.989124596118927002e-01 3.883183002471923828e-01 3.814766108989715576e-01 3.777416050434112549e-01 3.752807080745697021e-01 3.739717006683349609e-01 3.750014305114746094e-01 3.785793781280517578e-01 3.847752809524536133e-01 3.932924866676330566e-01 4.037120938301086426e-01 4.145680665969848633e-01 4.246734976768493652e-01 4.338364899158477783e-01 4.397880733013153076e-01 4.418824613094329834e-01 4.402069449424743652e-01 4.341681003570556641e-01 4.244466125965118408e-01 4.116533696651458740e-01 3.954043388366699219e-01 3.758392035961151123e-01 3.527310490608215332e-01 3.259576857089996338e-01 2.967583239078521729e-01 2.668783068656921387e-01 2.357765287160873413e-01 2.025978118181228638e-01 1.679530292749404907e-01 1.326973885297775269e-01 9.782570600509643555e-02 6.216862797737121582e-02 2.619739249348640442e-02 -8.953538723289966583e-03 -4.345869645476341248e-02 -7.740534842014312744e-02 -1.085769310593605042e-01 -1.357866227626800537e-01 -1.601165086030960083e-01 -1.820029318332672119e-01 -1.994387656450271606e-01 -2.112721055746078491e-01 -2.186199426651000977e-01 -2.212902903556823730e-01 -2.189166545867919922e-01 -2.122494876384735107e-01 -2.025978118181228638e-01 -1.892111450433731079e-01 -1.727003306150436401e-01 -1.546187251806259155e-01 -1.349488645792007446e-01 -1.140049099922180176e-01 -9.316567331552505493e-02 -7.206464558839797974e-02 -5.052728205919265747e-02 -2.881538495421409607e-02 -6.736970972269773483e-03 1.455604564398527145e-02 3.584906086325645447e-02 5.714207887649536133e-02 7.749261707067489624e-02 9.618509560823440552e-02 1.113694608211517334e-01 1.235518604516983032e-01 1.338842064142227173e-01 1.415462046861648560e-01 1.484577059745788574e-01 1.534842550754547119e-01 1.536413282155990601e-01 1.505346447229385376e-01 1.442340016365051270e-01 1.340936422348022461e-01 1.211258471012115479e-01 1.063778176903724670e-01 9.089674800634384155e-02 7.513642311096191406e-02 5.672319978475570679e-02 3.628539666533470154e-02 1.628392189741134644e-02 -4.136430099606513977e-03 -2.446951530873775482e-02 -4.345869645476341248e-02 -6.035348400473594666e-02 -7.417649030685424805e-02 -8.452629297971725464e-02 -9.128072112798690796e-02 -9.464920312166213989e-02 -9.475392103195190430e-02 -9.164723753929138184e-02 -8.532914519309997559e-02 -7.613126188516616821e-02 -6.513568758964538574e-02 -5.276130139827728271e-02 -3.951425477862358093e-02 -2.654645778238773346e-02 -1.495747175067663193e-02 -4.869468510150909424e-03 5.201081279665231705e-03 1.404990069568157196e-02 2.113593742251396179e-02 2.874557301402091980e-02 3.593632951378822327e-02 4.139921069145202637e-02 4.488986730575561523e-02 4.630358517169952393e-02 4.687954485416412354e-02 4.553563892841339111e-02 4.214970022439956665e-02 3.951425477862358093e-02 3.780383244156837463e-02 3.616322204470634460e-02 3.549999743700027466e-02 3.616322204470634460e-02 3.612831607460975647e-02 3.485422581434249878e-02 3.274237737059593201e-02 2.937389165163040161e-02 2.452187612652778625e-02 1.970476657152175903e-02 1.490511186420917511e-02 1.041961554437875748e-02 7.661995477974414825e-03 5.585053469985723495e-03 3.787364577874541283e-03 2.111848443746566772e-03 8.028514566831290722e-04 2.617993741296231747e-04 9.948377264663577080e-04 1.919862115755677223e-03 1.675516134127974510e-03 9.424777817912399769e-04 3.141592605970799923e-04 6.981316983001306653e-05 -6.457717972807586193e-04 -2.844886621460318565e-03 -5.305801052600145340e-03 -6.318091880530118942e-03 -6.091198883950710297e-03 -5.375613924115896225e-03 -4.764748737215995789e-03 -4.834562074393033981e-03 -5.480333697050809860e-03 -6.073745898902416229e-03 -5.986479111015796661e-03 -5.009094718843698502e-03 -3.351032268255949020e-03 -1.727875904180109501e-03 1.745329209370538592e-04 2.216568216681480408e-03 3.996803890913724899e-03 5.358160939067602158e-03 9.372417815029621124e-03 1.480039209127426147e-02 1.890191622078418732e-02 2.373647689819335938e-02 2.727949619293212891e-02 2.935643866658210754e-02 3.019419685006141663e-02 3.085742145776748657e-02 2.986258268356323242e-02 2.630211226642131805e-02 2.422516979277133942e-02 2.336995862424373627e-02 2.176425606012344360e-02 1.858775690197944641e-02 1.350884791463613510e-02 5.759586580097675323e-03 -4.014257341623306274e-03 -1.525417715311050415e-02 -2.898991852998733521e-02 -4.340633749961853027e-02 -5.811946466565132141e-02 -7.452555745840072632e-02 -8.972737938165664673e-02 -1.012814566493034363e-01 -1.103920713067054749e-01 -1.182111501693725586e-01 -1.236042156815528870e-01 -1.261174976825714111e-01 -1.261873096227645874e-01 -1.252797394990921021e-01 -1.226966455578804016e-01 -1.181762441992759705e-01 -1.128529906272888184e-01 -1.065872535109519958e-01 -1.008800268173217773e-01 -9.351474046707153320e-02 -8.325220644474029541e-02 -7.307693362236022949e-02 -6.262241303920745850e-02 -5.237733200192451477e-02 -4.220206290483474731e-02 -3.049090132117271423e-02 -1.750565320253372192e-02 -4.642575979232788086e-03 8.133234456181526184e-03 1.998401992022991180e-02 2.858849242329597473e-02 3.619812801480293274e-02 4.307472705841064453e-02 4.841543361544609070e-02 5.311036854982376099e-02 5.564109608530998230e-02 5.541420355439186096e-02 5.373868718743324280e-02 4.832816496491432190e-02 3.981095924973487854e-02 2.972295694053173065e-02 1.771509274840354919e-02 5.253441166132688522e-03 -9.267698042094707489e-03 -2.591813914477825165e-02 -4.342379048466682434e-02 -6.033603101968765259e-02 -7.543312758207321167e-02 -8.819148689508438110e-02 -9.908234328031539917e-02 -1.076169982552528381e-01 -1.132893189787864685e-01 -1.171814054250717163e-01 -1.184554994106292725e-01 -1.170766875147819519e-01 -1.130449771881103516e-01 -1.066745221614837646e-01 -9.838420897722244263e-02 -8.902924507856369019e-02 -7.890633493661880493e-02 -6.846926361322402954e-02 -5.791002511978149414e-02 -4.539601504802703857e-02 -3.115412779152393341e-02 -1.682497374713420868e-02 -2.478367416188120842e-03 1.218239776790142059e-02 2.762856148183345795e-02 4.370304569602012634e-02 5.780530348420143127e-02 7.019714266061782837e-02 8.122762292623519897e-02 8.981464058160781860e-02 9.648180007934570312e-02 1.010720133781433105e-01 1.048419252038002014e-01 1.070061326026916504e-01 1.063080057501792908e-01 1.044405028223991394e-01 1.014734432101249695e-01 9.679596126079559326e-02 9.016370773315429688e-02 8.145451545715332031e-02 6.970845162868499756e-02 5.672319978475570679e-02 4.386012256145477295e-02 2.916445210576057434e-02 1.370083447545766830e-02 -1.727875904180109501e-03 -1.652826741337776184e-02 -2.982767671346664429e-02 -4.281292483210563660e-02 -5.503023043274879456e-02 -6.538003683090209961e-02 -7.559020817279815674e-02 -8.541641384363174438e-02 -9.290387481451034546e-02 -9.909979254007339478e-02 -1.044579520821571350e-01 -1.079137101769447327e-01 -1.099382862448692322e-01 -1.107760444283485413e-01 -1.107935011386871338e-01 -1.098510250449180603e-01 -1.075820922851562500e-01 -1.050688177347183228e-01 -1.037423685193061829e-01 -1.022413894534111023e-01 -1.003738865256309509e-01 -9.740682691335678101e-02 -9.147270768880844116e-02 -8.400269597768783569e-02 -7.590436935424804688e-02 -6.756169348955154419e-02 -6.005677953362464905e-02 -5.352924764156341553e-02 -4.803146049380302429e-02 -4.391248524188995361e-02 -4.033455997705459595e-02 -3.824016451835632324e-02 -3.803072497248649597e-02 -3.951425477862358093e-02 -4.359832406044006348e-02 -4.935790970921516418e-02 -5.550146847963333130e-02 -6.178465485572814941e-02 -6.812020391225814819e-02 -7.449065148830413818e-02 -8.150687813758850098e-02 -8.782497048377990723e-02 -9.356710314750671387e-02 -9.969320893287658691e-02 -1.059589385986328125e-01 -1.141968891024589539e-01 -1.241801753640174866e-01 -1.355073601007461548e-01 -1.495921760797500610e-01 -1.676214188337326050e-01 -1.882337629795074463e-01 -2.105041593313217163e-01 -2.353401929140090942e-01 -2.621833682060241699e-01 -2.901609838008880615e-01 -3.198490440845489502e-01 -3.518234789371490479e-01 -3.853512406349182129e-01 -4.201531112194061279e-01 -4.561069011688232422e-01 -4.934569299221038818e-01 -5.313829183578491211e-01 -5.708099007606506348e-01 -6.140068173408508301e-01 -6.596820950508117676e-01 -7.060555219650268555e-01 -7.527081370353698730e-01 -7.982088923454284668e-01 -8.410392403602600098e-01 -8.805709481239318848e-01 -9.159138798713684082e-01 -9.460731744766235352e-01 -9.706648588180541992e-01 -9.910852313041687012e-01 -1.008241772651672363e+00 -1.021541237831115723e+00 -1.031053304672241211e+00 -1.038715243339538574e+00 -1.045312643051147461e+00 -1.050827860832214355e+00 -1.056552529335021973e+00 -1.065820217132568359e+00 -1.080009698867797852e+00 -1.099993705749511719e+00 -1.128634572029113770e+00 -1.164919972419738770e+00 -1.208413600921630859e+00 -1.259900808334350586e+00 -1.317461729049682617e+00 -1.381305932998657227e+00 -1.453998923301696777e+00 -1.532189607620239258e+00 -1.615162611007690430e+00 -1.704174399375915527e+00 -1.796589612960815430e+00 -1.891971826553344727e+00 -1.990443229675292969e+00 -2.090502977371215820e+00 -2.190580129623413086e+00 -2.290971517562866211e+00 -2.389600038528442383e+00 -2.485610723495483398e+00 -2.578985691070556641e+00 -2.668748140335083008e+00 -2.754530906677246094e+00 -2.833332538604736328e+00 -2.903599500656127930e+00 -2.965960264205932617e+00 -3.020711183547973633e+00 -3.066979885101318359e+00 -3.103492021560668945e+00 -3.129410266876220703e+00 -3.144995927810668945e+00 -3.149778127670288086e+00 -3.145083189010620117e+00 -3.134017944335937500e+00 -3.115639686584472656e+00 -3.090471982955932617e+00 -3.060661792755126953e+00 -3.025475978851318359e+00 -2.984338521957397461e+00 -2.937912702560424805e+00 -2.886826992034912109e+00 -2.831308126449584961e+00 -2.771774768829345703e+00 -2.709676027297973633e+00 -2.645255804061889648e+00 -2.577676773071289062e+00 -2.506921052932739258e+00 -2.432988882064819336e+00 -2.356177091598510742e+00 -2.279155731201171875e+00 -2.204856872558593750e+00 -2.134851932525634766e+00 -2.068791151046752930e+00 -2.005610227584838867e+00 -1.949270963668823242e+00 -1.900768280029296875e+00 -1.859246850013732910e+00 -1.825614333152770996e+00 -1.799626469612121582e+00 -1.782103300094604492e+00 -1.772434234619140625e+00 -1.770392179489135742e+00 -1.776518225669860840e+00 -1.788787961006164551e+00 -1.808929085731506348e+00 -1.837971329689025879e+00 -1.874413847923278809e+00 -1.917959809303283691e+00 -1.966305375099182129e+00 -2.019764900207519531e+00 -2.078128576278686523e+00 -2.139145374298095703e+00 -2.200266838073730469e+00 -2.261457920074462891e+00 -2.322335004806518555e+00 -2.378377676010131836e+00 -2.428328990936279297e+00 -2.471071958541870117e+00 -2.503936529159545898e+00 -2.528371095657348633e+00 -2.544306039810180664e+00 -2.550484418869018555e+00 -2.547936439514160156e+00 -2.537743568420410156e+00 -2.521302700042724609e+00 -2.499136924743652344e+00 -2.471490859985351562e+00 -2.440022706985473633e+00 -2.405447721481323242e+00 -2.369598627090454102e+00 -2.332580089569091797e+00 -2.295107841491699219e+00 -2.259032011032104492e+00 -2.222868680953979492e+00 -2.186373949050903320e+00 -2.150681972503662109e+00 -2.115653276443481445e+00 -2.081182956695556641e+00 -2.047271251678466797e+00 -2.011683940887451172e+00 -1.974159359931945801e+00 -1.934575319290161133e+00 -1.893211007118225098e+00 -1.853016018867492676e+00 -1.811093211174011230e+00 -1.766255736351013184e+00 -1.719899773597717285e+00 -1.671676397323608398e+00 -1.622074127197265625e+00 -1.569993495941162109e+00 -1.513759016990661621e+00 -1.452986598014831543e+00 -1.389124989509582520e+00 -1.323029398918151855e+00 -1.256986141204833984e+00 -1.191606044769287109e+00 -1.125213742256164551e+00 -1.058734178543090820e+00 -9.928479790687561035e-01 -9.294227361679077148e-01 -8.698197603225708008e-01 -8.130616545677185059e-01 -7.602828741073608398e-01 -7.126004695892333984e-01 -6.676233410835266113e-01 -6.237457394599914551e-01 -5.822069048881530762e-01 -5.438445806503295898e-01 -5.102295279502868652e-01 -4.791975915431976318e-01 -4.479387402534484863e-01 -4.197516739368438721e-01 -3.972194790840148926e-01 -3.795393109321594238e-01 -3.660129904747009277e-01 -3.573561608791351318e-01 -3.522598147392272949e-01 -3.482804596424102783e-01 -3.441440165042877197e-01 -3.389953076839447021e-01 -3.312111198902130127e-01 -3.207740485668182373e-01 -3.102148175239562988e-01 -2.999348342418670654e-01 -2.900562584400177002e-01 -2.819404900074005127e-01 -2.738945186138153076e-01 -2.643126547336578369e-01 -2.531425654888153076e-01 -2.381850779056549072e-01 -2.175727486610412598e-01 -1.902583390474319458e-01 -1.548281610012054443e-01 -1.110552996397018433e-01 -6.072000414133071899e-02 -3.612831467762589455e-03 6.159266829490661621e-02 1.351757496595382690e-01 2.165779024362564087e-01 3.033731281757354736e-01 3.964515328407287598e-01 4.959003925323486328e-01 5.991889834403991699e-01 7.056191563606262207e-01 8.123984336853027344e-01 9.186714887619018555e-01 1.024735212326049805e+00 1.128198266029357910e+00 1.227455139160156250e+00 1.324355840682983398e+00 1.418394207954406738e+00 1.509081482887268066e+00 1.596173405647277832e+00 1.676126956939697266e+00 1.748767495155334473e+00 1.814007997512817383e+00 1.871481657028198242e+00 1.922340512275695801e+00 1.967352628707885742e+00 2.009031057357788086e+00 2.051878929138183594e+00 2.098042726516723633e+00 2.147453069686889648e+00 2.199446439743041992e+00 2.251544475555419922e+00 2.302735090255737305e+00 2.352284908294677734e+00 2.398972511291503906e+00 2.445450544357299805e+00 2.493394851684570312e+00 2.541949987411499023e+00 2.593280076980590820e+00 2.648589372634887695e+00 2.707703828811645508e+00 2.773764610290527344e+00 2.845462560653686523e+00 2.915363073348999023e+00 2.977915763854980469e+00 3.029245853424072266e+00 3.070034027099609375e+00 3.102095842361450195e+00 3.124313831329345703e+00 3.139027118682861328e+00 3.149132490158081055e+00 3.157335519790649414e+00 3.167318820953369141e+00 3.178942680358886719e+00 3.193149566650390625e+00 3.212505340576171875e+00 3.234897851943969727e+00 3.260118007659912109e+00 3.288374900817871094e+00 3.320070028305053711e+00 3.357280492782592773e+00 3.398313045501708984e+00 3.441841602325439453e+00 3.487342357635498047e+00 3.531743526458740234e+00 3.571275234222412109e+00 3.603790760040283203e+00 3.626165866851806641e+00 3.636864662170410156e+00 3.638365745544433594e+00 3.632990121841430664e+00 3.622587919235229492e+00 3.606688022613525391e+00 3.583789348602294922e+00 3.553001642227172852e+00 3.512387752532958984e+00 3.461755752563476562e+00 3.404229879379272461e+00 3.341345548629760742e+00 3.273452281951904297e+00 3.204162597656250000e+00 3.135868072509765625e+00 3.069248676300048828e+00 3.004880905151367188e+00 2.941752433776855469e+00 2.877856016159057617e+00 2.811760425567626953e+00 2.742243766784667969e+00 2.670074462890625000e+00 2.596822977066040039e+00 2.519033670425415039e+00 2.435292720794677734e+00 2.345966815948486328e+00 2.248368024826049805e+00 2.142042636871337891e+00 2.027426719665527344e+00 1.905009388923645020e+00 1.777216434478759766e+00 1.646613478660583496e+00 1.516115188598632812e+00 1.386297583580017090e+00 1.256113409996032715e+00 1.128320455551147461e+00 1.005292177200317383e+00 8.879711627960205078e-01 7.761479020118713379e-01 6.684436202049255371e-01 5.636889934539794922e-01 4.613777995109558105e-01 3.616671264171600342e-01 2.655169367790222168e-01 1.749343574047088623e-01 8.976228535175323486e-02 1.027998887002468109e-02 -6.181956082582473755e-02 -1.259080469608306885e-01 -1.797689050436019897e-01 -2.228436321020126343e-01 -2.561445236206054688e-01 -2.779262363910675049e-01 -2.861467301845550537e-01 -2.831796705722808838e-01 -2.718699276447296143e-01 -2.511703372001647949e-01 -2.203478217124938965e-01 -1.803274154663085938e-01 -1.315280050039291382e-01 -7.189010828733444214e-02 1.291543594561517239e-03 8.695230633020401001e-02 1.827359646558761597e-01 2.873859107494354248e-01 3.975336551666259766e-01 5.086413025856018066e-01 6.166946291923522949e-01 7.193723320960998535e-01 8.157843351364135742e-01 9.042725563049316406e-01 9.841562509536743164e-01 1.055191159248352051e+00 1.115980982780456543e+00 1.165652990341186523e+00 1.204189896583557129e+00 1.232185006141662598e+00 1.249882578849792480e+00 1.258679151535034180e+00 1.260040402412414551e+00 1.256497383117675781e+00 1.249690651893615723e+00 1.239655017852783203e+00 1.226093769073486328e+00 1.207645654678344727e+00 1.185287952423095703e+00 1.159142971038818359e+00 1.128931283950805664e+00 1.095490813255310059e+00 1.058838844299316406e+00 1.019289731979370117e+00 9.776287078857421875e-01 9.357408285140991211e-01 8.937482237815856934e-01 8.510923385620117188e-01 8.065864443778991699e-01 7.591134905815124512e-01 7.107504010200500488e-01 6.654940247535705566e-01 6.281439661979675293e-01 6.025225520133972168e-01 5.882981419563293457e-01 5.834635496139526367e-01 5.906368494033813477e-01 6.134483218193054199e-01 6.543064713478088379e-01 7.138571143150329590e-01 7.898662090301513672e-01 8.798204660415649414e-01 9.811542630195617676e-01 1.091843128204345703e+00 1.210124015808105469e+00 1.332768321037292480e+00 1.455273032188415527e+00 1.570813775062561035e+00 1.673700928688049316e+00 1.760722994804382324e+00 1.828965425491333008e+00 1.876316189765930176e+00 1.902845263481140137e+00 1.909233093261718750e+00 1.894153475761413574e+00 1.859927535057067871e+00 1.811267733573913574e+00 1.751368045806884766e+00 1.682165741920471191e+00 1.604132056236267090e+00 1.518401503562927246e+00 1.426038742065429688e+00 1.327846527099609375e+00 1.226652264595031738e+00 1.127377986907958984e+00 1.031419754028320312e+00 9.396328926086425781e-01 8.555604219436645508e-01 7.793593406677246094e-01 7.120419740676879883e-01 6.568720936775207520e-01 6.145304441452026367e-01 5.843536853790283203e-01 5.651201605796813965e-01 5.563411712646484375e-01 5.590813159942626953e-01 5.728344917297363281e-01 5.951572656631469727e-01 6.241297125816345215e-01 6.564357876777648926e-01 6.894748806953430176e-01 7.212224006652832031e-01 7.486764192581176758e-01 7.730935811996459961e-01 7.953465580940246582e-01 8.138819336891174316e-01 8.296248316764831543e-01 8.439365029335021973e-01 8.563807010650634766e-01 8.665035963058471680e-01 8.740957975387573242e-01 8.796982765197753906e-01 8.842012286186218262e-01 8.879188299179077148e-01 8.916537761688232422e-01 8.947430253028869629e-01 8.953713774681091309e-01 8.927882909774780273e-01 8.857371211051940918e-01 8.727693557739257812e-01 8.551764488220214844e-01 8.334994316101074219e-01 8.123635053634643555e-01 7.917686104774475098e-01 7.675958275794982910e-01 7.372445464134216309e-01 7.087956666946411133e-01 6.833313107490539551e-01 6.593853831291198730e-01 6.389126777648925781e-01 6.185795664787292480e-01 6.039886474609375000e-01 5.933246612548828125e-01 5.842314958572387695e-01 5.786464810371398926e-01 5.760633945465087891e-01 5.746845602989196777e-01 5.760284662246704102e-01 5.784544944763183594e-01 5.797634720802307129e-01 5.803045034408569336e-01 5.795714855194091797e-01 5.795889496803283691e-01 5.802347064018249512e-01 5.792224407196044922e-01 5.750336050987243652e-01 5.682792067527770996e-01 5.588893294334411621e-01 5.493947267532348633e-01 5.426926612854003906e-01 5.367934703826904297e-01 5.331457257270812988e-01 5.326046943664550781e-01 5.345943570137023926e-01 5.426577925682067871e-01 5.541420578956604004e-01 5.686107873916625977e-01 5.909160971641540527e-01 6.195569634437561035e-01 6.529974937438964844e-01 6.899635791778564453e-01 7.290065884590148926e-01 7.701439857482910156e-01 8.118224740028381348e-01 8.524711728096008301e-01 8.926835656166076660e-01 9.302081465721130371e-01 9.644165635108947754e-01 9.950645565986633301e-01 1.020808219909667969e+00 1.043584704399108887e+00 1.064546108245849609e+00 1.081598043441772461e+00 1.093588352203369141e+00 1.100674390792846680e+00 1.104182600975036621e+00 1.104985356330871582e+00 1.103414654731750488e+00 1.101529598236083984e+00 1.102018356323242188e+00 1.105369329452514648e+00 1.111774682998657227e+00 1.121967434883117676e+00 1.135895133018493652e+00 1.155774474143981934e+00 1.182495474815368652e+00 1.215133070945739746e+00 1.253373265266418457e+00 1.297024011611938477e+00 1.344462037086486816e+00 1.395024180412292480e+00 1.449687957763671875e+00 1.505712985992431641e+00 1.560708284378051758e+00 1.615930557250976562e+00 1.670280098915100098e+00 1.729027867317199707e+00 1.780707120895385742e+00 1.821320891380310059e+00 1.862475752830505371e+00 1.898796081542968750e+00 1.931259155273437500e+00 1.959306597709655762e+00 1.979866623878479004e+00 1.994876384735107422e+00 2.004458189010620117e+00 2.006448030471801758e+00 2.002538442611694336e+00 1.994317889213562012e+00 1.980861425399780273e+00 1.962762355804443359e+00 1.939933419227600098e+00 1.912968158721923828e+00 1.882721543312072754e+00 1.849595189094543457e+00 1.814007997512817383e+00 1.775523424148559570e+00 1.731785535812377930e+00 1.684923410415649414e+00 1.637764573097229004e+00 1.588581204414367676e+00 1.537320852279663086e+00 1.482674598693847656e+00 1.423507928848266602e+00 1.359018087387084961e+00 1.289204955101013184e+00 1.216599225997924805e+00 1.144429802894592285e+00 1.074651598930358887e+00 1.005850672721862793e+00 9.361771345138549805e-01 8.658403754234313965e-01 7.964810132980346680e-01 7.287971377372741699e-01 6.636963486671447754e-01 6.046693325042724609e-01 5.522396564483642578e-01 5.078558921813964844e-01 4.730714857578277588e-01 4.462806880474090576e-01 4.284259676933288574e-01 4.208512306213378906e-01 4.240801036357879639e-01 4.392819106578826904e-01 4.662996232509613037e-01 5.038067698478698730e-01 5.522221922874450684e-01 6.082298159599304199e-01 6.685832738876342773e-01 7.341902256011962891e-01 8.016122579574584961e-01 8.678824305534362793e-01 9.330530166625976562e-01 9.939824342727661133e-01 1.049396634101867676e+00 1.099417805671691895e+00 1.141550064086914062e+00 1.177015185356140137e+00 1.206598520278930664e+00 1.228118419647216797e+00 1.241609811782836914e+00 1.246147632598876953e+00 1.241993784904479980e+00 1.229898571968078613e+00 1.210141539573669434e+00 1.184729456901550293e+00 1.155442833900451660e+00 1.122386336326599121e+00 1.086188197135925293e+00 1.047791004180908203e+00 1.008486151695251465e+00 9.691289663314819336e-01 9.294402003288269043e-01 8.902400732040405273e-01 8.528202176094055176e-01 8.173900246620178223e-01 7.833910584449768066e-01 7.512595057487487793e-01 7.198610305786132812e-01 6.897192001342773438e-01 6.626142263412475586e-01 6.370626091957092285e-01 6.134133934974670410e-01 5.933595895767211914e-01 5.760459303855895996e-01 5.611059069633483887e-01 5.480857491493225098e-01 5.364792943000793457e-01 5.257455110549926758e-01 5.156924128532409668e-01 5.059360265731811523e-01 4.946961104869842529e-01 4.806462228298187256e-01 4.651477038860321045e-01 4.496840834617614746e-01 4.339237511157989502e-01 4.186695814132690430e-01 4.039390087127685547e-01 3.906745016574859619e-01 3.770783841609954834e-01 3.608119189739227295e-01 3.431317210197448730e-01 3.255213499069213867e-01 3.085741996765136719e-01 2.903180718421936035e-01 2.705609500408172607e-01 2.517986595630645752e-01 2.343802601099014282e-01 2.178170830011367798e-01 2.034879326820373535e-01 1.916720569133758545e-01 1.814967840909957886e-01 1.719847470521926880e-01 1.633802652359008789e-01 1.563989520072937012e-01 1.526115834712982178e-01 1.523323357105255127e-01 1.550550460815429688e-01 1.602735817432403564e-01 1.683893650770187378e-01 1.805368512868881226e-01 1.965240687131881714e-01 2.153561711311340332e-01 2.353227436542510986e-01 2.579596638679504395e-01 2.813819944858551025e-01 3.022910356521606445e-01 3.202679157257080078e-01 3.345272541046142578e-01 3.441091179847717285e-01 3.483328223228454590e-01 3.472158014774322510e-01 3.398156166076660156e-01 3.279648125171661377e-01 3.127281069755554199e-01 2.938959896564483643e-01 2.742261290550231934e-01 2.542421221733093262e-01 2.334726899862289429e-01 2.111324816942214966e-01 1.878323405981063843e-01 1.660331785678863525e-01 1.448623239994049072e-01 1.236042156815528870e-01 1.042310595512390137e-01 8.719664812088012695e-02 7.110471278429031372e-02 5.602506920695304871e-02 4.420918971300125122e-02 3.434807807207107544e-02 2.497566118836402893e-02 1.705186627805233002e-02 1.225221157073974609e-02 1.218239776790142059e-02 1.499237865209579468e-02 1.961750164628028870e-02 2.654645778238773346e-02 3.504621237516403198e-02 4.546582698822021484e-02 5.853834375739097595e-02 7.300712168216705322e-02 8.868017792701721191e-02 1.035852879285812378e-01 1.181762441992759705e-01 1.335874944925308228e-01 1.467996388673782349e-01 1.572367101907730103e-01 1.652652323246002197e-01 1.720021963119506836e-01 1.760164499282836914e-01 1.760688126087188721e-01 1.732413768768310547e-01 1.676737815141677856e-01 1.581442803144454956e-01 1.438500434160232544e-01 1.269901543855667114e-01 1.081406027078628540e-01 8.751080930233001709e-02 6.871361285448074341e-02 5.220279842615127563e-02 3.476695716381072998e-02 1.787217147648334503e-02 3.752457909286022186e-03 -1.050688233226537704e-02 -2.579596638679504395e-02 -4.052654653787612915e-02 -5.473352596163749695e-02 -6.841690838336944580e-02 -8.061675727367401123e-02 -9.126326441764831543e-02 -9.969320893287658691e-02 -1.059589385986328125e-01 -1.100953668355941772e-01 -1.124166548252105713e-01 -1.133591309189796448e-01 -1.127831786870956421e-01 -1.125562861561775208e-01 -1.118406951427459717e-01 -1.099557429552078247e-01 -1.082453206181526184e-01 -1.053480729460716248e-01 -1.006880477070808411e-01 -9.595820307731628418e-02 -8.929104357957839966e-02 -7.869689911603927612e-02 -6.616543233394622803e-02 -5.129522830247879028e-02 -3.354522958397865295e-02 -1.466076541692018509e-02 5.340707488358020782e-03 2.515019476413726807e-02 4.490732029080390930e-02 6.398376822471618652e-02 8.122762292623519897e-02 9.738937020301818848e-02 1.115439906716346741e-01 1.239358261227607727e-01 1.362404078245162964e-01 1.459967941045761108e-01 1.505870074033737183e-01 1.518261879682540894e-01 1.498016119003295898e-01 1.445656269788742065e-01 1.364323943853378296e-01 1.261873096227645874e-01 1.137954667210578918e-01 9.834930300712585449e-02 8.037241548299789429e-02 6.044075265526771545e-02 3.968878835439682007e-02 1.830850355327129364e-02 -3.001966280862689018e-03 -2.494075521826744080e-02 -4.649557173252105713e-02 -6.506587564945220947e-02 -8.114035427570343018e-02 -9.367182105779647827e-02 -1.016305238008499146e-01 -1.054876968264579773e-01 -1.048593819141387939e-01 -1.008102148771286011e-01 -9.410814940929412842e-02 -8.286823332309722900e-02 -6.819001585245132446e-02 -5.178391933441162109e-02 -3.469714522361755371e-02 -1.827359758317470551e-02 -2.757620299234986305e-03 1.207767799496650696e-02 2.600540593266487122e-02 3.829252347350120544e-02 4.930555075407028198e-02 5.852089077234268188e-02 6.574655324220657349e-02 7.058111578226089478e-02 7.285004109144210815e-02 7.379251718521118164e-02 7.384487986564636230e-02 7.356562465429306030e-02 7.375761121511459351e-02 7.478735595941543579e-02 7.646287232637405396e-02 7.967428117990493774e-02 8.318239450454711914e-02 8.588765561580657959e-02 8.761552721261978149e-02 8.768533915281295776e-02 8.581783622503280640e-02 8.222246170043945312e-02 7.853981852531433105e-02 7.515387982130050659e-02 7.030186057090759277e-02 6.359979510307312012e-02 5.581562966108322144e-02 4.665265232324600220e-02 3.628539666533470154e-02 2.513274177908897400e-02 1.427679322659969330e-02 6.702064536511898041e-03 2.670353744179010391e-03 -1.169370603747665882e-03 -3.996803890913724899e-03 -5.777040030807256699e-03 -7.766715250909328461e-03 -9.215338155627250671e-03 -1.041961554437875748e-02 -1.155408006161451340e-02 -1.200786512345075607e-02 -1.157153304666280746e-02 -1.043706852942705154e-02 -8.709193207323551178e-03 -6.126105785369873047e-03 -2.548180753365159035e-03 2.059488557279109955e-03 7.400196045637130737e-03 1.305506285279989243e-02 1.946042105555534363e-02 2.616248466074466705e-02 3.426081314682960510e-02 4.419173672795295715e-02 5.454153940081596375e-02 6.475171446800231934e-02 7.300712168216705322e-02 7.984881103038787842e-02 8.641125261783599854e-02 9.066985547542572021e-02 9.114108979701995850e-02 8.848819136619567871e-02 8.393288403749465942e-02 7.703883200883865356e-02 6.791076064109802246e-02 5.630432069301605225e-02 4.274311289191246033e-02 2.806489355862140656e-02 1.232202444225549698e-02 -4.502949304878711700e-03 -2.429498359560966492e-02 -4.717624932527542114e-02 -7.070329040288925171e-02 -9.353219717741012573e-02 -1.145110502839088440e-01 -1.321912407875061035e-01 -1.469741761684417725e-01 -1.577254086732864380e-01 -1.643052995204925537e-01 -1.676214188337326050e-01 -1.667662113904953003e-01 -1.632580906152725220e-01 -1.574112474918365479e-01 -1.480737328529357910e-01 -1.367116421461105347e-01 -1.235518604516983032e-01 -1.077915355563163757e-01 -9.063494950532913208e-02 -7.134906202554702759e-02 -5.056218802928924561e-02 -3.008947707712650299e-02 -9.145525284111499786e-03 1.104793418198823929e-02 3.000221028923988342e-02 4.813618212938308716e-02 6.531021744012832642e-02 8.080874383449554443e-02 9.564404189586639404e-02 1.089434549212455750e-01 1.181413382291793823e-01 1.244245246052742004e-01 1.279151737689971924e-01 1.271297782659530640e-01 1.214400082826614380e-01 1.106015145778656006e-01 9.515535086393356323e-02 7.464773207902908325e-02 4.958480224013328552e-02 2.265437319874763489e-02 -5.654866807162761688e-03 -3.518583625555038452e-02 -6.393141299486160278e-02 -9.108873456716537476e-02 -1.163611039519309998e-01 -1.398881375789642334e-01 -1.627344936132431030e-01 -1.840275228023529053e-01 -2.034181207418441772e-01 -2.210983037948608398e-01 -2.368237227201461792e-01 -2.501580417156219482e-01 -2.612757980823516846e-01 -2.692694067955017090e-01 -2.741039693355560303e-01 -2.763903439044952393e-01 -2.751162350177764893e-01 -2.720619142055511475e-01 -2.673495411872863770e-01 -2.606998383998870850e-01 -2.532472610473632812e-01 -2.451838552951812744e-01 -2.365270256996154785e-01 -2.276258468627929688e-01 -2.199114859104156494e-01 -2.142391651868820190e-01 -2.100329250097274780e-01 -2.083399593830108643e-01 -2.111150324344635010e-01 -2.179218083620071411e-01 -2.288999259471893311e-01 -2.450442314147949219e-01 -2.658310830593109131e-01 -2.900562584400177002e-01 -3.175975680351257324e-01 -3.468143641948699951e-01 -3.763628005981445312e-01 -4.089131951332092285e-01 -4.449018836021423340e-01 -4.828976988792419434e-01 -5.210855007171630859e-01 -5.581039190292358398e-01 -5.958902835845947266e-01 -6.343224644660949707e-01 -6.720564961433410645e-01 -7.082546353340148926e-01 -7.428644895553588867e-01 -7.752578258514404297e-01 -8.061326742172241211e-01 -8.376358747482299805e-01 -8.694008588790893555e-01 -9.031555056571960449e-01 -9.386729598045349121e-01 -9.749060273170471191e-01 -1.015868902206420898e+00 -1.063778162002563477e+00 -1.116103172302246094e+00 -1.170557379722595215e+00 -1.224906921386718750e+00 -1.280495762825012207e+00 -1.339103817939758301e+00 -1.399265408515930176e+00 -1.461940169334411621e+00 -1.526587128639221191e+00 -1.593311071395874023e+00 -1.663089275360107422e+00 -1.734403491020202637e+00 -1.806363463401794434e+00 -1.877014279365539551e+00 -1.943965196609497070e+00 -2.007826805114746094e+00 -2.068232536315917969e+00 -2.124065637588500977e+00 -2.175832271575927734e+00 -2.224997997283935547e+00 -2.270568609237670898e+00 -2.310903072357177734e+00 -2.346891880035400391e+00 -2.379215478897094727e+00 -2.408781290054321289e+00 -2.436287641525268555e+00 -2.461053848266601562e+00 -2.482818126678466797e+00 -2.502714872360229492e+00 -2.521547079086303711e+00 -2.539960145950317383e+00 -2.557867288589477539e+00 -2.575564861297607422e+00 -2.593192815780639648e+00 -2.610454082489013672e+00 -2.627593278884887695e+00 -2.643719911575317383e+00 -2.659759521484375000e+00 -2.677335023880004883e+00 -2.697423696517944336e+00 -2.720444679260253906e+00 -2.745908975601196289e+00 -2.772054195404052734e+00 -2.797850131988525391e+00 -2.823488950729370117e+00 -2.847818851470947266e+00 -2.870665073394775391e+00 -2.891958236694335938e+00 -2.910737991333007812e+00 -2.928470373153686523e+00 -2.945470094680786133e+00 -2.961876153945922852e+00 -2.978317022323608398e+00 -2.994182109832763672e+00 -3.011042118072509766e+00 -3.028966665267944336e+00 -3.048252344131469727e+00 -3.070941686630249023e+00 -3.096894741058349609e+00 -3.126408338546752930e+00 -3.159237861633300781e+00 -3.193446397781372070e+00 -3.227881669998168945e+00 -3.262735843658447266e+00 -3.296490669250488281e+00 -3.327592372894287109e+00 -3.356355428695678711e+00 -3.381313562393188477e+00 -3.402833461761474609e+00 -3.419798135757446289e+00 -3.430496931076049805e+00 -3.436745166778564453e+00 -3.439921855926513672e+00 -3.440270900726318359e+00 -3.438508033752441406e+00 -3.434633493423461914e+00 -3.429589509963989258e+00 -3.424702405929565430e+00 -3.417965412139892578e+00 -3.409553050994873047e+00 -3.400442361831665039e+00 -3.390424251556396484e+00 -3.381296157836914062e+00 -3.373476982116699219e+00 -3.365553379058837891e+00 -3.357908725738525391e+00 -3.350386381149291992e+00 -3.342584848403930664e+00 -3.334050178527832031e+00 -3.324258804321289062e+00 -3.313647270202636719e+00 -3.302372455596923828e+00 -3.290539026260375977e+00 -3.277501344680786133e+00 -3.263050079345703125e+00 -3.246748685836791992e+00 -3.227794408798217773e+00 -3.205890655517578125e+00 -3.179291725158691406e+00 -3.147003173828125000e+00 -3.109234333038330078e+00 -3.066089630126953125e+00 -3.018215417861938477e+00 -2.964965343475341797e+00 -2.905728816986083984e+00 -2.840889930725097656e+00 -2.770936965942382812e+00 -2.695748329162597656e+00 -2.617801904678344727e+00 -2.540309190750122070e+00 -2.462991237640380859e+00 -2.385760307312011719e+00 -2.309803724288940430e+00 -2.236290454864501953e+00 -2.161852121353149414e+00 -2.085458993911743164e+00 -2.010811328887939453e+00 -1.939078211784362793e+00 -1.870102882385253906e+00 -1.804792642593383789e+00 -1.743479251861572266e+00 -1.685691356658935547e+00 -1.632197022438049316e+00 -1.582315444946289062e+00 -1.536448240280151367e+00 -1.495380640029907227e+00 -1.462550997734069824e+00 -1.430576562881469727e+00 -1.399876236915588379e+00 -1.375075101852416992e+00 -1.350448489189147949e+00 -1.326869130134582520e+00 -1.306204438209533691e+00 -1.292747974395751953e+00 -1.285696744918823242e+00 -1.278087139129638672e+00 -1.269639730453491211e+00 -1.264927387237548828e+00 -1.264264106750488281e+00 -1.272205352783203125e+00 -1.285539746284484863e+00 -1.302015662193298340e+00 -1.326397895812988281e+00 -1.361269593238830566e+00 -1.396280884742736816e+00 -1.427906274795532227e+00 -1.461922645568847656e+00 -1.493757486343383789e+00 -1.521874785423278809e+00 -1.545297026634216309e+00 -1.564949512481689453e+00 -1.581146121025085449e+00 -1.596260666847229004e+00 -1.613155484199523926e+00 -1.631062507629394531e+00 -1.649405956268310547e+00 -1.669512152671813965e+00 -1.689670681953430176e+00 -1.707665085792541504e+00 -1.724786758422851562e+00 -1.741856098175048828e+00 -1.755103111267089844e+00 -1.763026833534240723e+00 -1.767198204994201660e+00 -1.767006278038024902e+00 -1.764719843864440918e+00 -1.759989976882934570e+00 -1.751123785972595215e+00 -1.738051176071166992e+00 -1.719149351119995117e+00 -1.695692062377929688e+00 -1.669407367706298828e+00 -1.641028404235839844e+00 -1.609594941139221191e+00 -1.571861028671264648e+00 -1.527145624160766602e+00 -1.475169777870178223e+00 -1.406665563583374023e+00 -1.339644908905029297e+00 -1.282066464424133301e+00 -1.216634154319763184e+00 -1.147396922111511230e+00 -1.076292157173156738e+00 -1.004105329513549805e+00 -9.327388405799865723e-01 -8.525409698486328125e-01 -7.814013361930847168e-01 -7.265630960464477539e-01 -6.701540946960449219e-01 -6.168866157531738281e-01 -5.696405768394470215e-01 -5.289394855499267578e-01 -4.946961104869842529e-01 -4.675039052963256836e-01 -4.469613730907440186e-01 -4.341855645179748535e-01 -4.299269616603851318e-01 -4.332430660724639893e-01 -4.434357881546020508e-01 -4.589517712593078613e-01 -4.778886139392852783e-01 -4.994783103466033936e-01 -5.215392708778381348e-01 -5.437573194503784180e-01 -5.644918084144592285e-01 -5.814564228057861328e-01 -5.981417894363403320e-01 -6.128200292587280273e-01 -6.244788169860839844e-01 -6.349158883094787598e-01 -6.435726881027221680e-01 -6.496289968490600586e-01 -6.517757773399353027e-01 -6.491752266883850098e-01 -6.424382328987121582e-01 -6.311634182929992676e-01 -6.126978397369384766e-01 -5.856103301048278809e-01 -5.493249297142028809e-01 -5.026722550392150879e-01 -4.467693865299224854e-01 -3.820176720619201660e-01 -3.086440265178680420e-01 -2.282541543245315552e-01 -1.409353315830230713e-01 -4.888667166233062744e-02 4.569271951913833618e-02 1.432217210531234741e-01 2.422516942024230957e-01 3.415958285331726074e-01 4.401196837425231934e-01 5.341929197311401367e-01 6.223495006561279297e-01 7.027393579483032227e-01 7.705104947090148926e-01 8.245982527732849121e-01 8.649328351020812988e-01 8.908160328865051270e-01 9.035569429397583008e-01 9.027541279792785645e-01 8.879013657569885254e-01 8.619657754898071289e-01 8.233241438865661621e-01 7.712959051132202148e-01 7.103315591812133789e-01 6.410245299339294434e-01 5.645092725753784180e-01 4.841368794441223145e-01 4.018620550632476807e-01 3.216467201709747314e-01 2.460739761590957642e-01 1.758593767881393433e-01 1.144586950540542603e-01 6.262241303920745850e-02 2.132792398333549500e-02 -7.138396613299846649e-03 -2.316051907837390900e-02 -2.588323317468166351e-02 -1.342158205807209015e-02 1.466076541692018509e-02 5.831145122647285461e-02 1.164658218622207642e-01 1.868724077939987183e-01 2.675938904285430908e-01 3.550697863101959229e-01 4.462283253669738770e-01 5.398303270339965820e-01 6.325422525405883789e-01 7.239451408386230469e-01 8.144753575325012207e-01 9.018465280532836914e-01 9.856921434402465820e-01 1.066535830497741699e+00 1.141427874565124512e+00 1.209792375564575195e+00 1.272659182548522949e+00 1.327916264533996582e+00 1.377867579460144043e+00 1.423141479492187500e+00 1.461137294769287109e+00 1.493321180343627930e+00 1.520635604858398438e+00 1.543429613113403320e+00 1.562820196151733398e+00 1.579226255416870117e+00 1.592525720596313477e+00 1.604254245758056641e+00 1.615982890129089355e+00 1.628322362899780273e+00 1.640923619270324707e+00 1.652687191963195801e+00 1.664101600646972656e+00 1.674433946609497070e+00 1.681467652320861816e+00 1.684329986572265625e+00 1.682671904563903809e+00 1.677243947982788086e+00 1.669686675071716309e+00 1.661867618560791016e+00 1.656160354614257812e+00 1.652250885963439941e+00 1.649091839790344238e+00 1.649056911468505859e+00 1.651570200920104980e+00 1.654502272605895996e+00 1.660104870796203613e+00 1.669320106506347656e+00 1.681607246398925781e+00 1.697960972785949707e+00 1.719463467597961426e+00 1.745573639869689941e+00 1.778298497200012207e+00 1.818441033363342285e+00 1.864779591560363770e+00 1.917087078094482422e+00 1.973740458488464355e+00 2.034984111785888672e+00 2.101585865020751953e+00 2.173510789871215820e+00 2.250776529312133789e+00 2.331777334213256836e+00 2.414924860000610352e+00 2.500864744186401367e+00 2.587921857833862305e+00 2.675118446350097656e+00 2.763327360153198242e+00 2.850367069244384766e+00 2.935364484786987305e+00 3.018250226974487305e+00 3.098064184188842773e+00 3.174439668655395508e+00 3.249069929122924805e+00 3.319860458374023438e+00 3.384978771209716797e+00 3.444930791854858398e+00 3.498390197753906250e+00 3.546648740768432617e+00 3.589967727661132812e+00 3.628748893737792969e+00 3.664737701416015625e+00 3.697061061859130859e+00 3.724741935729980469e+00 3.748949766159057617e+00 3.770801305770874023e+00 3.789162158966064453e+00 3.803264379501342773e+00 3.813107967376708984e+00 3.818378925323486328e+00 3.819269180297851562e+00 3.816144943237304688e+00 3.807627677917480469e+00 3.790261745452880859e+00 3.764884710311889648e+00 3.734673023223876953e+00 3.698073387145996094e+00 3.654771804809570312e+00 3.605885028839111328e+00 3.550331354141235352e+00 3.489192485809326172e+00 3.422014713287353516e+00 3.346703767776489258e+00 3.264271736145019531e+00 3.176743507385253906e+00 3.085567474365234375e+00 2.992908000946044922e+00 2.901522636413574219e+00 2.812877416610717773e+00 2.728490591049194336e+00 2.648694276809692383e+00 2.574552536010742188e+00 2.508073091506958008e+00 2.448819160461425781e+00 2.398501157760620117e+00 2.360016822814941406e+00 2.332998991012573242e+00 2.317273616790771484e+00 2.313067436218261719e+00 2.318303346633911133e+00 2.330852270126342773e+00 2.350801467895507812e+00 2.376597404479980469e+00 2.405081272125244141e+00 2.433722019195556641e+00 2.461490154266357422e+00 2.488246202468872070e+00 2.512087345123291016e+00 2.532193422317504883e+00 2.547011375427246094e+00 2.552421808242797852e+00 2.545772075653076172e+00 2.525404214859008789e+00 2.490584850311279297e+00 2.443600654602050781e+00 2.383107423782348633e+00 2.309262514114379883e+00 2.224265098571777344e+00 2.128132343292236328e+00 2.023656845092773438e+00 1.912636518478393555e+00 1.795472502708435059e+00 1.674870252609252930e+00 1.554442644119262695e+00 1.435044646263122559e+00 1.316362261772155762e+00 1.200193166732788086e+00 1.087881207466125488e+00 9.822014570236206055e-01 8.848819136619567871e-01 7.973012924194335938e-01 7.234564423561096191e-01 6.633996367454528809e-01 6.162408590316772461e-01 5.834635496139526367e-01 5.619261860847473145e-01 5.455724596977233887e-01 5.335471630096435547e-01 5.283460617065429688e-01 5.315923690795898438e-01 5.423785448074340820e-01 5.590813159942626953e-01 5.810375809669494629e-01 6.082821488380432129e-01 6.392443180084228516e-01 6.723706126213073730e-01 7.063696384429931641e-01 7.410493493080139160e-01 7.772649526596069336e-01 8.131489157676696777e-01 8.495389819145202637e-01 8.861210942268371582e-01 9.205913543701171875e-01 9.516582489013671875e-01 9.759880900382995605e-01 9.934588670730590820e-01 1.005309700965881348e+00 1.011086702346801758e+00 1.011854648590087891e+00 1.008695602416992188e+00 1.001103401184082031e+00 9.888511896133422852e-01 9.731257557868957520e-01 9.547474384307861328e-01 9.339954853057861328e-01 9.110269546508789062e-01 8.849517703056335449e-01 8.544608354568481445e-01 8.199557065963745117e-01 7.822216749191284180e-01 7.419394850730895996e-01 6.993359923362731934e-01 6.532767415046691895e-01 6.058037877082824707e-01 5.586973428726196289e-01 5.114338397979736328e-01 4.656887352466583252e-01 4.224394857883453369e-01 3.824365437030792236e-01 3.456275463104248047e-01 3.120125234127044678e-01 2.819230258464813232e-01 2.551671266555786133e-01 2.310117781162261963e-01 2.094918638467788696e-01 1.903281509876251221e-01 1.739918738603591919e-01 1.622981727123260498e-01 1.540776640176773071e-01 1.488242298364639282e-01 1.476373970508575439e-01 1.503077596426010132e-01 1.573937982320785522e-01 1.688082516193389893e-01 1.829105019569396973e-01 2.012888193130493164e-01 2.239082902669906616e-01 2.489013969898223877e-01 2.761285305023193359e-01 3.039316236972808838e-01 3.316649198532104492e-01 3.590491414070129395e-01 3.844087719917297363e-01 4.067140817642211914e-01 4.246385991573333740e-01 4.385663270950317383e-01 4.492826461791992188e-01 4.558450877666473389e-01 4.575729668140411377e-01 4.545011818408966064e-01 4.481830894947052002e-01 4.392993748188018799e-01 4.268551766872406006e-01 4.113740921020507812e-01 3.933972120285034180e-01 3.724881708621978760e-01 3.488389551639556885e-01 3.227986395359039307e-01 2.945243120193481445e-01 2.647140920162200928e-01 2.339439392089843750e-01 2.040638923645019531e-01 1.754928529262542725e-01 1.474454104900360107e-01 1.192932575941085815e-01 9.142034500837326050e-02 6.492624431848526001e-02 3.963642567396163940e-02 1.607448235154151917e-02 -6.126105785369873047e-03 -2.905973233282566071e-02 -5.227261036634445190e-02 -7.340855151414871216e-02 -9.368927031755447388e-02 -1.117359772324562073e-01 -1.276010274887084961e-01 -1.432042717933654785e-01 -1.565036773681640625e-01 -1.669756472110748291e-01 -1.759640872478485107e-01 -1.843591332435607910e-01 -1.909390240907669067e-01 -1.964542567729949951e-01 -2.015331685543060303e-01 -2.054950594902038574e-01 -2.086890190839767456e-01 -2.125112861394882202e-01 -2.165953665971755981e-01 -2.192133516073226929e-01 -2.212204784154891968e-01 -2.239257395267486572e-01 -2.272418737411499023e-01 -2.311165034770965576e-01 -2.355321794748306274e-01 -2.398605942726135254e-01 -2.447649687528610229e-01 -2.486745119094848633e-01 -2.505594789981842041e-01 -2.519731819629669189e-01 -2.528632879257202148e-01 -2.532298266887664795e-01 -2.524269819259643555e-01 -2.502104043960571289e-01 -2.470862567424774170e-01 -2.432989031076431274e-01 -2.386039644479751587e-01 -2.322684228420257568e-01 -2.240130156278610229e-01 -2.136981189250946045e-01 -2.019345909357070923e-01 -1.895602047443389893e-01 -1.759990006685256958e-01 -1.610240787267684937e-01 -1.451415866613388062e-01 -1.279326379299163818e-01 -1.108284071087837219e-01 -9.440486133098602295e-02 -7.698646932840347290e-02 -5.948081985116004944e-02 -4.319689795374870300e-02 -2.773328125476837158e-02 -1.354375481605529785e-02 -8.203047327697277069e-04 1.033234875649213791e-02 1.897172816097736359e-02 2.534218132495880127e-02 3.108431398868560791e-02 3.595378249883651733e-02 3.888593614101409912e-02 4.070107638835906982e-02 4.333652555942535400e-02 4.630358517169952393e-02 4.846779257059097290e-02 4.965461790561676025e-02 4.918337985873222351e-02 4.742059484124183655e-02 4.513421282172203064e-02 4.293509945273399353e-02 4.045673087239265442e-02 3.693116828799247742e-02 3.328342735767364502e-02 2.926917187869548798e-02 2.511528693139553070e-02 2.183406800031661987e-02 1.987930014729499817e-02 1.970476657152175903e-02 2.090904489159584045e-02 2.422516979277133942e-02 3.094468824565410614e-02 3.937462717294692993e-02 4.783947393298149109e-02 5.824163556098937988e-02 7.035422325134277344e-02 8.223991096019744873e-02 9.180431813001632690e-02 9.916960448026657104e-02 1.043881401419639587e-01 1.064999923110008240e-01 1.067443341016769409e-01 1.055749654769897461e-01 1.025729998946189880e-01 9.756390750408172607e-02 9.142034500837326050e-02 8.354891091585159302e-02 7.466518878936767578e-02 6.569419056177139282e-02 5.635667964816093445e-02 4.654793068766593933e-02 3.593632951378822327e-02 2.687807008624076843e-02 1.940806210041046143e-02 1.225221157073974609e-02 6.195918656885623932e-03 5.585053586401045322e-04 -4.869468510150909424e-03 -8.656833320856094360e-03 -1.178097259253263474e-02 -1.494001876562833786e-02 -1.591740362346172333e-02 -1.535889692604541779e-02 -1.481784507632255554e-02 -1.366592757403850555e-02 -1.317723561078310013e-02 -1.329940930008888245e-02 -1.240929123014211655e-02 -1.235693134367465973e-02 -1.296779606491327286e-02 -1.321214251220226288e-02 -1.521927118301391602e-02 -1.792453043162822723e-02 -2.124065719544887543e-02 -2.574360556900501251e-02 -3.071779385209083557e-02 -3.717551380395889282e-02 -4.391248524188995361e-02 -5.075417459011077881e-02 -5.984733998775482178e-02 -6.986553221940994263e-02 -7.867944240570068359e-02 -8.698721230030059814e-02 -9.480628371238708496e-02 -9.955357760190963745e-02 -9.896016865968704224e-02 -9.272934496402740479e-02 -8.356636762619018555e-02 -7.288494706153869629e-02 -6.002187356352806091e-02 -4.530874639749526978e-02 -2.858849242329597473e-02 -1.137954648584127426e-02 4.782202187925577164e-03 1.956514082849025726e-02 3.316125646233558655e-02 4.562290757894515991e-02 5.670574679970741272e-02 6.627015024423599243e-02 7.552039623260498047e-02 8.498007804155349731e-02 9.229300916194915771e-02 9.653416275978088379e-02 9.826203435659408569e-02 9.864600747823715210e-02 9.754645079374313354e-02 9.487609565258026123e-02 9.032078832387924194e-02 8.468337357044219971e-02 7.892379164695739746e-02 7.340855151414871216e-02 6.991788744926452637e-02 6.689847260713577271e-02 6.410594284534454346e-02 6.232570856809616089e-02 5.941100791096687317e-02 5.379104614257812500e-02 4.771730303764343262e-02 4.082325100898742676e-02 3.391174599528312683e-02 2.731440216302871704e-02 2.021091245114803314e-02 1.480039209127426147e-02 1.007054932415485382e-02 6.562437862157821655e-03 3.874630900099873543e-03 1.518436474725604057e-03 -5.235987919149920344e-05 -1.012290944345295429e-03 -1.099557382985949516e-03 -8.028514566831290722e-04 5.585053586401045322e-04 3.630284918472170830e-03 7.417649496346712112e-03 1.117010693997144699e-02 1.521927118301391602e-02 1.844812929630279541e-02 2.101376466453075409e-02 2.427753061056137085e-02 2.907718531787395477e-02 3.513347730040550232e-02 4.043927788734436035e-02 4.544837400317192078e-02 5.188863724470138550e-02 5.988224595785140991e-02 6.819001585245132446e-02 7.567747682332992554e-02 8.250171691179275513e-02 8.939576148986816406e-02 9.503317624330520630e-02 9.859365224838256836e-02 1.006705909967422485e-01 1.015258058905601501e-01 1.028173491358757019e-01 1.042834222316741943e-01 1.048942878842353821e-01 1.054527908563613892e-01 1.050513684749603271e-01 1.033060401678085327e-01 1.007054969668388367e-01 9.616763889789581299e-02 8.833111077547073364e-02 7.819075137376785278e-02 6.775368005037307739e-02 5.654866620898246765e-02 4.379031062126159668e-02 3.103195317089557648e-02 1.951278187334537506e-02 7.574729155749082565e-03 -3.595378249883651733e-03 -1.350884791463613510e-02 -2.385865151882171631e-02 -3.279473632574081421e-02 -3.928736224770545959e-02 -4.413937777280807495e-02 -4.642575979232788086e-02 -4.546582698822021484e-02 -4.317944496870040894e-02 -3.940953314304351807e-02 -3.377212211489677429e-02 -2.673844434320926666e-02 -1.850049011409282684e-02 -9.162978269159793854e-03 1.256637042388319969e-03 1.213003788143396378e-02 2.286381274461746216e-02 3.134611248970031738e-02 4.237659275531768799e-02 5.380849912762641907e-02 6.161012127995491028e-02 7.079055160284042358e-02 8.147197216749191284e-02 9.054768085479736328e-02 9.834930300712585449e-02 1.071981191635131836e-01 1.168148890137672424e-01 1.257684230804443359e-01 1.325752139091491699e-01 1.375494003295898438e-01 1.408306211233139038e-01 1.428028345108032227e-01 1.439198553562164307e-01 1.424886733293533325e-01 1.381078958511352539e-01 1.315978318452835083e-01 1.251575648784637451e-01 1.193805187940597534e-01 1.129228025674819946e-01 1.043008789420127869e-01 9.541714936494827271e-02 8.897688239812850952e-02 8.161159604787826538e-02 7.197737693786621094e-02 6.017895415425300598e-02 4.653047770261764526e-02 3.213151171803474426e-02 1.712168008089065552e-02 3.438298590481281281e-03 -8.744099177420139313e-03 -2.064724452793598175e-02 -3.118903376162052155e-02 -3.956661373376846313e-02 -4.899139329791069031e-02 -5.818927660584449768e-02 -6.476917117834091187e-02 -7.154104858636856079e-02 -7.714354991912841797e-02 -8.164650201797485352e-02 -8.536405116319656372e-02 -8.845328539609909058e-02 -9.098401665687561035e-02 -9.136798232793807983e-02 -8.901178836822509766e-02 -8.426449447870254517e-02 -7.948229461908340454e-02 -7.375761121511459351e-02 -6.637486815452575684e-02 -5.799729004502296448e-02 -4.796164855360984802e-02 -3.661700710654258728e-02 -2.378883771598339081e-02 -1.036725565791130066e-02 2.652900526300072670e-03 1.555088348686695099e-02 2.836159989237785339e-02 4.084070399403572083e-02 5.380849912762641907e-02 6.539748609066009521e-02 7.422885298728942871e-02 8.127998560667037964e-02 8.574802428483963013e-02 8.819148689508438110e-02 8.981464058160781860e-02 8.951793611049652100e-02 8.751080930233001709e-02 8.449138700962066650e-02 7.883652299642562866e-02 7.305948436260223389e-02 6.819001585245132446e-02 6.337290257215499878e-02 5.949827283620834351e-02 5.604252219200134277e-02 5.305800959467887878e-02 4.899139329791069031e-02 4.197516664862632751e-02 3.406882658600807190e-02 2.612757869064807892e-02 1.720894686877727509e-02 9.145525284111499786e-03 2.722713630646467209e-03 -4.625122528523206711e-03 -1.233947742730379105e-02 -1.895427517592906952e-02 -2.544690109789371490e-02 -3.218387067317962646e-02 -3.998549282550811768e-02 -4.789183288812637329e-02 -5.551892146468162537e-02 -6.431538611650466919e-02 -7.293730974197387695e-02 -7.834783196449279785e-02 -8.213519304990768433e-02 -8.492772281169891357e-02 -8.449138700962066650e-02 -8.210028707981109619e-02 -7.860963046550750732e-02 -7.401940971612930298e-02 -6.995279341936111450e-02 -6.672393530607223511e-02 -6.382668763399124146e-02 -6.044075265526771545e-02 -5.558873713016510010e-02 -5.139994621276855469e-02 -4.780456796288490295e-02 -4.412192478775978088e-02 -4.167846217751502991e-02 -4.036946594715118408e-02 -4.047418385744094849e-02 -4.145156964659690857e-02 -4.218460619449615479e-02 -4.309218004345893860e-02 -4.536110535264015198e-02 -4.787437990307807922e-02 -4.825835302472114563e-02 -4.653047770261764526e-02 -4.328416660428047180e-02 -3.881612420082092285e-02 -3.384193405508995056e-02 -2.960078418254852295e-02 -2.630211226642131805e-02 -2.179916203022003174e-02 -1.617920212447643280e-02 -9.791296906769275665e-03 -2.146754879504442215e-03 6.318091880530118942e-03 1.513200439512729645e-02 2.504547499120235443e-02 3.633775562047958374e-02 4.818854108452796936e-02 5.995205789804458618e-02 7.264060527086257935e-02 8.916886895895004272e-02 1.097812131047248840e-01 1.342681795358657837e-01 1.625425070524215698e-01 1.936268210411071777e-01 2.245889604091644287e-01 2.526538670063018799e-01 2.767044901847839355e-01 2.969154119491577148e-01 3.127106428146362305e-01 3.213500082492828369e-01 3.245439827442169189e-01 3.223797678947448730e-01 3.136007487773895264e-01 2.986781895160675049e-01 2.758667469024658203e-01 2.435432374477386475e-01 2.007128596305847168e-01 1.466600149869918823e-01 8.047713339328765869e-02 2.076941775158047676e-03 -8.820894360542297363e-02 -1.909390240907669067e-01 -3.059736788272857666e-01 -4.317246377468109131e-01 -5.652772188186645508e-01 -7.045544981956481934e-01 -8.489979505538940430e-01 -9.958674311637878418e-01 -1.142440199851989746e+00 -1.289536476135253906e+00 -1.436213970184326172e+00 -1.580832004547119141e+00 -1.721767306327819824e+00 -1.857100129127502441e+00 -1.987615823745727539e+00 -2.112389326095581055e+00 -2.230111837387084961e+00 -2.341463804244995117e+00 -2.447073698043823242e+00 -2.545300960540771484e+00 -2.636110305786132812e+00 -2.721055507659912109e+00 -2.797605752944946289e+00 -2.865690946578979492e+00 -2.926550626754760742e+00 -2.980673313140869141e+00 -3.028285980224609375e+00 -3.068480730056762695e+00 -3.102217912673950195e+00 -3.129829168319702148e+00 -3.148957967758178711e+00 -3.158958673477172852e+00 -3.162396907806396484e+00 -3.160005807876586914e+00 -3.152413606643676758e+00 -3.139847278594970703e+00 -3.123371362686157227e+00 -3.105621337890625000e+00 -3.085759639739990234e+00 -3.064100027084350586e+00 -3.042981624603271484e+00 -3.023015022277832031e+00 -3.003851175308227539e+00 -2.983099222183227539e+00 -2.961090803146362305e+00 -2.940757513046264648e+00 -2.921436786651611328e+00 -2.904105663299560547e+00 -2.890108108520507812e+00 -2.878728628158569336e+00 -2.869670391082763672e+00 -2.863142728805541992e+00 -2.859547376632690430e+00 -2.858709573745727539e+00 -2.860577106475830078e+00 -2.864504098892211914e+00 -2.871782302856445312e+00 -2.883580684661865234e+00 -2.899114131927490234e+00 -2.919639110565185547e+00 -2.946307659149169922e+00 -2.977042913436889648e+00 -3.011652946472167969e+00 -3.050346851348876953e+00 -3.090105533599853516e+00 -3.130265474319458008e+00 -3.171542406082153320e+00 -3.213919162750244141e+00 -3.256417751312255859e+00 -3.297084093093872070e+00 -3.336982250213623047e+00 -3.377857923507690430e+00 -3.418471574783325195e+00 -3.458998203277587891e+00 -3.501374721527099609e+00 -3.544816017150878906e+00 -3.588711023330688477e+00 -3.632449150085449219e+00 -3.676448822021484375e+00 -3.719942331314086914e+00 -3.760992527008056641e+00 -3.798848628997802734e+00 -3.832254409790039062e+00 -3.860685825347900391e+00 -3.882991075515747070e+00 -3.896796703338623047e+00 -3.901788234710693359e+00 -3.899728775024414062e+00 -3.892887115478515625e+00 -3.880949020385742188e+00 -3.864403247833251953e+00 -3.843791007995605469e+00 -3.819303989410400391e+00 -3.792600393295288086e+00 -3.763732671737670898e+00 -3.734323978424072266e+00 -3.704025030136108398e+00 -3.672451972961425781e+00 -3.640966176986694336e+00 -3.608904600143432617e+00 -3.575027704238891602e+00 -3.540086269378662109e+00 -3.504080057144165039e+00 -3.465438365936279297e+00 -3.423812389373779297e+00 -3.378154516220092773e+00 -3.329267978668212891e+00 -3.278443813323974609e+00 -3.224600553512573242e+00 -3.168592929840087891e+00 -3.110141754150390625e+00 -3.048147678375244141e+00 -2.984094142913818359e+00 -2.919185400009155273e+00 -2.854259014129638672e+00 -2.789332866668701172e+00 -2.722818374633789062e+00 -2.656286478042602539e+00 -2.591011047363281250e+00 -2.526870250701904297e+00 -2.465417146682739258e+00 -2.406302928924560547e+00 -2.348480224609375000e+00 -2.293694257736206055e+00 -2.241404294967651367e+00 -2.189183950424194336e+00 -2.139197587966918945e+00 -2.090764760971069336e+00 -2.041703701019287109e+00 -1.993637204170227051e+00 -1.947560548782348633e+00 -1.903857469558715820e+00 -1.862720131874084473e+00 -1.823869109153747559e+00 -1.785663843154907227e+00 -1.748313784599304199e+00 -1.712290167808532715e+00 -1.677732586860656738e+00 -1.645042657852172852e+00 -1.613120555877685547e+00 -1.581809401512145996e+00 -1.550131678581237793e+00 -1.517668485641479492e+00 -1.485519528388977051e+00 -1.451276183128356934e+00 -1.414310097694396973e+00 -1.377466201782226562e+00 -1.342280387878417969e+00 -1.310585141181945801e+00 -1.284754276275634766e+00 -1.266341090202331543e+00 -1.257282853126525879e+00 -1.258940935134887695e+00 -1.270355343818664551e+00 -1.289850711822509766e+00 -1.315140485763549805e+00 -1.344043135643005371e+00 -1.375075101852416992e+00 -1.406648159027099609e+00 -1.437173962593078613e+00 -1.465064287185668945e+00 -1.489673376083374023e+00 -1.510739564895629883e+00 -1.525627255439758301e+00 -1.533254265785217285e+00 -1.535732626914978027e+00 -1.532643437385559082e+00 -1.521595478057861328e+00 -1.501628875732421875e+00 -1.472673892974853516e+00 -1.435638070106506348e+00 -1.391201972961425781e+00 -1.338405728340148926e+00 -1.277127265930175781e+00 -1.209268808364868164e+00 -1.134289503097534180e+00 -1.053585410118103027e+00 -9.702459573745727539e-01 -8.861210942268371582e-01 -8.029561638832092285e-01 -7.198610305786132812e-01 -6.361725330352783203e-01 -5.519254803657531738e-01 -4.652175009250640869e-01 -3.743905723094940186e-01 -2.802824378013610840e-01 -1.842020452022552490e-01 -8.892452716827392578e-02 3.822271013632416725e-03 9.492845833301544189e-02 1.828232407569885254e-01 2.672273516654968262e-01 3.485946059226989746e-01 4.255985319614410400e-01 4.964065551757812500e-01 5.605648756027221680e-01 6.173055171966552734e-01 6.665936112403869629e-01 7.093890905380249023e-01 7.451159358024597168e-01 7.729190587997436523e-01 7.921176552772521973e-01 8.046840429306030273e-01 8.113686442375183105e-01 8.137772083282470703e-01 8.150687813758850098e-01 8.168489933013916016e-01 8.197985887527465820e-01 8.244586586952209473e-01 8.326791524887084961e-01 8.461181521415710449e-01 8.680046200752258301e-01 9.012182354927062988e-01 9.475566744804382324e-01 1.009987115859985352e+00 1.087479710578918457e+00 1.178673148155212402e+00 1.283340573310852051e+00 1.400452136993408203e+00 1.529554247856140137e+00 1.670157909393310547e+00 1.821460485458374023e+00 1.982152938842773438e+00 2.149844169616699219e+00 2.320677042007446289e+00 2.492173194885253906e+00 2.663616657257080078e+00 2.835985422134399414e+00 3.011251449584960938e+00 3.188332557678222656e+00 3.364261865615844727e+00 3.537520647048950195e+00 3.707777500152587891e+00 3.874927520751953125e+00 4.039564609527587891e+00 4.203154087066650391e+00 4.367599010467529297e+00 4.531747341156005859e+00 4.694220066070556641e+00 4.856605529785156250e+00 5.016146183013916016e+00 5.167571067810058594e+00 5.306848049163818359e+00 5.432686328887939453e+00 5.545120239257812500e+00 5.645197868347167969e+00 5.731696128845214844e+00 5.803830623626708984e+00 5.864759922027587891e+00 5.914815902709960938e+00 5.954434871673583984e+00 5.986357212066650391e+00 6.010390281677246094e+00 6.025539875030517578e+00 6.031386852264404297e+00 6.027773857116699219e+00 6.015888214111328125e+00 5.995258331298828125e+00 5.963196754455566406e+00 5.913838863372802734e+00 5.841983318328857422e+00 5.748346805572509766e+00 5.635737895965576172e+00 5.504052639007568359e+00 5.355752468109130859e+00 5.194693088531494141e+00 5.021190166473388672e+00 4.840094566345214844e+00 4.656852722167968750e+00 4.470835208892822266e+00 4.284957885742187500e+00 4.101977348327636719e+00 3.920184135437011719e+00 3.738861799240112305e+00 3.558045625686645508e+00 3.378398895263671875e+00 3.199834346771240234e+00 3.020152568817138672e+00 2.840017318725585938e+00 2.661574840545654297e+00 2.485732793807983398e+00 2.315353870391845703e+00 2.154155254364013672e+00 2.003952026367187500e+00 1.866734385490417480e+00 1.743339538574218750e+00 1.634396076202392578e+00 1.542068243026733398e+00 1.464732646942138672e+00 1.398828983306884766e+00 1.342978477478027344e+00 1.295924425125122070e+00 1.255642175674438477e+00 1.221870064735412598e+00 1.192984938621520996e+00 1.167956829071044922e+00 1.146419525146484375e+00 1.125335931777954102e+00 1.104130148887634277e+00 1.081929564476013184e+00 1.055836915969848633e+00 1.025328516960144043e+00 9.924116730690002441e-01 9.591107964515686035e-01 9.237853288650512695e-01 8.816181421279907227e-01 8.294328451156616211e-01 7.665137052536010742e-01 6.926164627075195312e-01 6.095038652420043945e-01 5.198113918304443359e-01 4.245862364768981934e-01 3.277553915977478027e-01 2.343628108501434326e-01 1.480388194322586060e-01 7.346090674400329590e-02 1.216494478285312653e-02 -3.738495334982872009e-02 -7.681193947792053223e-02 -1.089609041810035706e-01 -1.362578570842742920e-01 -1.587202399969100952e-01 -1.754579544067382812e-01 -1.879370510578155518e-01 -1.980774104595184326e-01 -2.075545489788055420e-01 -2.167873382568359375e-01 -2.259154170751571655e-01 -2.343628108501434326e-01 -2.397035211324691772e-01 -2.424960434436798096e-01 -2.423738688230514526e-01 -2.391624599695205688e-01 -2.356543540954589844e-01 -2.345373481512069702e-01 -2.381850779056549072e-01 -2.494599074125289917e-01 -2.679429352283477783e-01 -2.915572524070739746e-01 -3.201108276844024658e-01 -3.516140282154083252e-01 -3.855955898761749268e-01 -4.215144515037536621e-01 -4.572762548923492432e-01 -4.920432269573211670e-01 -5.254487991333007812e-01 -5.570392608642578125e-01 -5.875650644302368164e-01 -6.186144948005676270e-01 -6.492450237274169922e-01 -6.794043183326721191e-01 -7.099824547767639160e-01 -7.416776418685913086e-01 -7.747865319252014160e-01 -8.090822696685791016e-01 -8.461006879806518555e-01 -8.851436972618103027e-01 -9.237678647041320801e-01 -9.600008726119995117e-01 -9.905441403388977051e-01 -1.011802315711975098e+00 -1.024560570716857910e+00 -1.029133439064025879e+00 -1.023408651351928711e+00 -1.007194638252258301e+00 -9.810321331024169922e-01 -9.482722878456115723e-01 -9.141162037849426270e-01 -8.834856748580932617e-01 -8.605869412422180176e-01 -8.496960997581481934e-01 -8.544259071350097656e-01 -8.746542930603027344e-01 -9.065589308738708496e-01 -9.469981789588928223e-01 -9.966179132461547852e-01 -1.055627465248107910e+00 -1.124480724334716797e+00 -1.202043175697326660e+00 -1.283497691154479980e+00 -1.365894675254821777e+00 -1.447733163833618164e+00 -1.528384804725646973e+00 -1.607291102409362793e+00 -1.682671904563903809e+00 -1.752170920372009277e+00 -1.815805673599243164e+00 -1.871376872062683105e+00 -1.915778040885925293e+00 -1.950911521911621094e+00 -1.977196216583251953e+00 -1.994527339935302734e+00 -2.005051612854003906e+00 -2.008699417114257812e+00 -2.004824876785278320e+00 -1.993776917457580566e+00 -1.973810315132141113e+00 -1.945797801017761230e+00 -1.911030769348144531e+00 -1.868479728698730469e+00 -1.817376494407653809e+00 -1.759972572326660156e+00 -1.699985623359680176e+00 -1.639265537261962891e+00 -1.579837083816528320e+00 -1.523759722709655762e+00 -1.472534298896789551e+00 -1.424223542213439941e+00 -1.379298806190490723e+00 -1.338911890983581543e+00 -1.301020741462707520e+00 -1.266655206680297852e+00 -1.235937476158142090e+00 -1.207017302513122559e+00 -1.179790258407592773e+00 -1.156071186065673828e+00 -1.135057449340820312e+00 -1.112612485885620117e+00 -1.087060809135437012e+00 -1.060880899429321289e+00 -1.035695791244506836e+00 -1.009987115859985352e+00 -9.831090569496154785e-01 -9.557597637176513672e-01 -9.266301989555358887e-01 -8.945685029029846191e-01 -8.594350218772888184e-01 -8.198683857917785645e-01 -7.737742662429809570e-01 -7.190407514572143555e-01 -6.557201743125915527e-01 -5.854358077049255371e-01 -5.075941085815429688e-01 -4.235041439533233643e-01 -3.368834555149078369e-01 -2.479763776063919067e-01 -1.577952206134796143e-01 -6.869615614414215088e-02 1.773254573345184326e-02 1.009149402379989624e-01 1.795769333839416504e-01 2.520080804824829102e-01 3.200061023235321045e-01 3.855432271957397461e-01 4.469613730907440186e-01 5.028817057609558105e-01 5.518382191658020020e-01 5.913524627685546875e-01 6.206740140914916992e-01 6.392443180084228516e-01 6.468015909194946289e-01 6.445151567459106445e-01 6.337988376617431641e-01 6.146002411842346191e-01 5.881759524345397949e-01 5.559397339820861816e-01 5.178915262222290039e-01 4.765097796916961670e-01 4.344299137592315674e-01 3.977256417274475098e-01 3.632204830646514893e-01 3.198141455650329590e-01 2.803696990013122559e-01 2.494773566722869873e-01 2.182708680629730225e-01 1.831723004579544067e-01 1.511978656053543091e-01 1.261873096227645874e-01 9.896016865968704224e-02 7.021459192037582397e-02 4.113740846514701843e-02 1.226966455578804016e-02 -1.745329238474369049e-02 -4.818854108452796936e-02 -7.901105284690856934e-02 -1.082802265882492065e-01 -1.334478706121444702e-01 -1.553692072629928589e-01 -1.772381812334060669e-01 -1.949881762266159058e-01 -2.059837579727172852e-01 -2.129999846220016479e-01 -2.180614322423934937e-01 -2.229483574628829956e-01 -2.258979678153991699e-01 -2.271022349596023560e-01 -2.282192558050155640e-01 -2.296155095100402832e-01 -2.317622750997543335e-01 -2.335948646068572998e-01 -2.333854287862777710e-01 -2.323556840419769287e-01 -2.303485572338104248e-01 -2.282716184854507446e-01 -2.258630543947219849e-01 -2.239257395267486572e-01 -2.228261828422546387e-01 -2.211157679557800293e-01 -2.191435396671295166e-01 -2.180439829826354980e-01 -2.175901979207992554e-01 -2.167698889970779419e-01 -2.170666009187698364e-01 -2.200336605310440063e-01 -2.234370559453964233e-01 -2.235766798257827759e-01 -2.214124649763107300e-01 -2.180090695619583130e-01 -2.122145891189575195e-01 -2.035228461027145386e-01 -1.933650225400924683e-01 -1.829279512166976929e-01 -1.723512560129165649e-01 -1.607971787452697754e-01 -1.478817462921142578e-01 -1.356818974018096924e-01 -1.253495514392852783e-01 -1.170417815446853638e-01 -1.117708832025527954e-01 -1.093099713325500488e-01 -1.086118370294570923e-01 -1.092925146222114563e-01 -1.104967966675758362e-01 -1.122595742344856262e-01 -1.155058890581130981e-01 -1.196597740054130554e-01 -1.251401007175445557e-01 -1.317898184061050415e-01 -1.385965943336486816e-01 -1.473755985498428345e-01 -1.585108041763305664e-01 -1.712691634893417358e-01 -1.862266361713409424e-01 -2.017949670553207397e-01 -2.163335531949996948e-01 -2.301565706729888916e-01 -2.420771718025207520e-01 -2.526189684867858887e-01 -2.626022398471832275e-01 -2.698104381561279297e-01 -2.755874991416931152e-01 -2.814168930053710938e-01 -2.856754958629608154e-01 -2.883633077144622803e-01 -2.894454002380371094e-01 -2.889567017555236816e-01 -2.865307033061981201e-01 -2.805093228816986084e-01 -2.688854336738586426e-01 -2.537534236907958984e-01 -2.368586361408233643e-01 -2.179916203022003174e-01 -1.998925656080245972e-01 -1.827359646558761597e-01 -1.665916740894317627e-01 -1.527686715126037598e-01 -1.408306211233139038e-01 -1.306029856204986572e-01 -1.220159679651260376e-01 -1.144237816333770752e-01 -1.066047102212905884e-01 -9.868091344833374023e-02 -9.040805697441101074e-02 -8.166395872831344604e-02 -7.305948436260223389e-02 -6.576400250196456909e-02 -5.965535342693328857e-02 -5.337216705083847046e-02 -4.701916873455047607e-02 -4.096287861466407776e-02 -3.345796093344688416e-02 -2.408554404973983765e-02 -1.331686228513717651e-02 -4.188790335319936275e-04 1.427679322659969330e-02 3.227113932371139526e-02 5.347688868641853333e-02 7.695156335830688477e-02 1.032362282276153564e-01 1.312836706638336182e-01 1.581791937351226807e-01 1.833293884992599487e-01 2.090206295251846313e-01 2.349562197923660278e-01 2.603507637977600098e-01 2.848900854587554932e-01 3.084520399570465088e-01 3.303384780883789062e-01 3.487342298030853271e-01 3.647389113903045654e-01 3.778812289237976074e-01 3.857526779174804688e-01 3.892782330513000488e-01 3.894527554512023926e-01 3.857177495956420898e-01 3.804294168949127197e-01 3.725928962230682373e-01 3.592934906482696533e-01 3.418925404548645020e-01 3.196570575237274170e-01 2.926044464111328125e-01 2.620262801647186279e-01 2.293886244297027588e-01 1.962099075317382812e-01 1.640783995389938354e-01 1.345997899770736694e-01 1.080707833170890808e-01 8.402015268802642822e-02 6.223843991756439209e-02 4.263839498162269592e-02 2.328269183635711670e-02 4.363323096185922623e-03 -1.308996975421905518e-02 -2.937389165163040161e-02 -4.452335089445114136e-02 -5.794493108987808228e-02 -6.972590088844299316e-02 -7.956956326961517334e-02 -8.609709143638610840e-02 -8.969247341156005859e-02 -9.053023159503936768e-02 -8.897688239812850952e-02 -8.614945411682128906e-02 -8.150687813758850098e-02 -7.552039623260498047e-02 -6.803293526172637939e-02 -5.773549154400825500e-02 -4.626867920160293579e-02 -3.466223925352096558e-02 -2.204350754618644714e-02 -9.651671163737773895e-03 7.330382941290736198e-04 9.704031050205230713e-03 1.872738264501094818e-02 2.902482450008392334e-02 3.921754658222198486e-02 4.747295379638671875e-02 5.619960278272628784e-02 6.543239206075668335e-02 7.202973961830139160e-02 7.691665738821029663e-02 8.112290501594543457e-02 8.377580344676971436e-02 8.613199740648269653e-02 8.834856748580932617e-02 9.176941215991973877e-02 9.695304185152053833e-02 1.022239327430725098e-01 1.084722131490707397e-01 1.154186204075813293e-01 1.214225590229034424e-01 1.273217648267745972e-01 1.328893750905990601e-01 1.364149302244186401e-01 1.394343525171279907e-01 1.415985673666000366e-01 1.421745270490646362e-01 1.414589285850524902e-01 1.389631181955337524e-01 1.357342600822448730e-01 1.312662065029144287e-01 1.256462484598159790e-01 1.202182769775390625e-01 1.145285069942474365e-01 1.081056967377662659e-01 1.017003357410430908e-01 9.468410909175872803e-02 8.740609139204025269e-02 8.127998560667037964e-02 7.470009475946426392e-02 6.728244572877883911e-02 5.920156836509704590e-02 5.054473504424095154e-02 4.293509945273399353e-02 3.666936606168746948e-02 3.159045800566673279e-02 2.762856148183345795e-02 2.382374368607997894e-02 1.973967440426349640e-02 1.649336144328117371e-02 1.265363674610853195e-02 7.295476272702217102e-03 2.600540639832615852e-03 -1.832595677115023136e-03 -7.103490177541971207e-03 -1.178097259253263474e-02 -1.684242673218250275e-02 -2.141519077122211456e-02 -2.265437319874763489e-02 -2.284635975956916809e-02 -2.197369560599327087e-02 -1.972221955657005310e-02 -1.850049011409282684e-02 -1.893682219088077545e-02 -2.101376466453075409e-02 -2.375393174588680267e-02 -2.612757869064807892e-02 -2.961823716759681702e-02 -3.515093028545379639e-02 -4.087560996413230896e-02 -4.604178667068481445e-02 -5.066690966486930847e-02 -5.539675056934356689e-02 -6.078981608152389526e-02 -6.677629798650741577e-02 -7.457792013883590698e-02 -8.438666909933090210e-02 -9.499827027320861816e-02 -1.059589385986328125e-01 -1.170417815446853638e-01 -1.275486648082733154e-01 -1.368687152862548828e-01 -1.454033851623535156e-01 -1.532922685146331787e-01 -1.606226563453674316e-01 -1.667487621307373047e-01 -1.708153784275054932e-01 -1.737475246191024780e-01 -1.749343574047088623e-01 -1.744631081819534302e-01 -1.742885857820510864e-01 -1.726305186748504639e-01 -1.669058352708816528e-01 -1.569923609495162964e-01 -1.450717598199844360e-01 -1.339016556739807129e-01 -1.227315515279769897e-01 -1.118756011128425598e-01 -1.011418327689170837e-01 -9.046041220426559448e-02 -8.042477071285247803e-02 -7.066838443279266357e-02 -6.164502725005149841e-02 -5.386086180806159973e-02 -4.754276946187019348e-02 -3.991568088531494141e-02 -3.207915276288986206e-02 -2.541199326515197754e-02 -1.733111962676048279e-02 -8.691739290952682495e-03 -4.363323096185922623e-04 8.918632753193378448e-03 1.935570128262042999e-02 2.928662486374378204e-02 3.773401677608489990e-02 4.370304569602012634e-02 4.803146049380302429e-02 5.136504024267196655e-02 5.431464686989784241e-02 5.708971992135047913e-02 5.820672959089279175e-02 5.962044745683670044e-02 6.239552050828933716e-02 6.480407714843750000e-02 6.672393530607223511e-02 6.970845162868499756e-02 7.281513512134552002e-02 7.693411409854888916e-02 8.365362882614135742e-02 9.175195544958114624e-02 1.016828790307044983e-01 1.145634129643440247e-01 1.283166110515594482e-01 1.408655196428298950e-01 1.526115834712982178e-01 1.640085875988006592e-01 1.768542081117630005e-01 1.893507689237594604e-01 1.994911283254623413e-01 2.096140384674072266e-01 2.184628546237945557e-01 2.268055379390716553e-01 2.365095615386962891e-01 2.464579492807388306e-01 2.590243220329284668e-01 2.736152708530426025e-01 2.877524197101593018e-01 3.017325103282928467e-01 3.140370845794677734e-01 3.234618604183197021e-01 3.314031064510345459e-01 3.393792808055877686e-01 3.464129567146301270e-01 3.511602580547332764e-01 3.543542027473449707e-01 3.569198250770568848e-01 3.579670190811157227e-01 3.571292757987976074e-01 3.539527654647827148e-01 3.475997745990753174e-01 3.390302062034606934e-01 3.279648125171661377e-01 3.133563995361328125e-01 2.957285940647125244e-01 2.768790423870086670e-01 2.556209266185760498e-01 2.330887168645858765e-01 2.112895548343658447e-01 1.901012659072875977e-01 1.704314053058624268e-01 1.523323357105255127e-01 1.367465406656265259e-01 1.240929067134857178e-01 1.123293936252593994e-01 1.012116447091102600e-01 9.258971363306045532e-02 8.498007804155349731e-02 7.871434837579727173e-02 7.396705448627471924e-02 6.949900835752487183e-02 6.579891592264175415e-02 6.270968168973922729e-02 6.049311161041259766e-02 5.991715192794799805e-02 6.000442057847976685e-02 5.907939374446868896e-02 5.808455869555473328e-02 5.735151842236518860e-02 5.548401549458503723e-02 5.283111706376075745e-02 4.984660446643829346e-02 4.516912251710891724e-02 3.979350626468658447e-02 3.570943698287010193e-02 3.214896470308303833e-02 2.850122749805450439e-02 2.480112947523593903e-02 2.108357660472393036e-02 1.830850355327129364e-02 1.528908405452966690e-02 1.185078546404838562e-02 8.237954229116439819e-03 3.926991019397974014e-03 -9.773843921720981598e-04 -6.440265104174613953e-03 -1.214749179780483246e-02 -1.761037297546863556e-02 -2.237512171268463135e-02 -2.682571113109588623e-02 -3.022910282015800476e-02 -3.317870944738388062e-02 -3.659955412149429321e-02 -4.019493237137794495e-02 -4.260348528623580933e-02 -4.295255243778228760e-02 -4.279547184705734253e-02 -4.113740846514701843e-02 -3.731513768434524536e-02 -3.228859230875968933e-02 -2.675589732825756073e-02 -2.073451131582260132e-02 -1.448623277246952057e-02 -8.150687441229820251e-03 -1.466076588258147240e-03 3.124139271676540375e-03 5.951572675257921219e-03 9.302604943513870239e-03 1.256637088954448700e-02 1.357866171747446060e-02 1.240929123014211655e-02 1.068141497671604156e-02 7.120943162590265274e-03 2.530727302655577660e-03 -1.221730490215122700e-03 -6.230825558304786682e-03 -1.300270296633243561e-02 -1.891936920583248138e-02 -2.511528693139553070e-02 -3.235840424895286560e-02 -3.783873841166496277e-02 -4.197516664862632751e-02 -4.647811874747276306e-02 -5.085889250040054321e-02 -5.483824387192726135e-02 -6.056292355060577393e-02 -6.794566661119461060e-02 -7.663740962743759155e-02 -8.616690337657928467e-02 -9.604547172784805298e-02 -1.073202937841415405e-01 -1.172861233353614807e-01 -1.238660141825675964e-01 -1.262222081422805786e-01 -1.252797394990921021e-01 -1.245990544557571411e-01 -1.262047588825225830e-01 -1.300095766782760620e-01 -1.369385272264480591e-01 -1.485798805952072144e-01 -1.637467890977859497e-01 -1.816015094518661499e-01 -1.999100148677825928e-01 -2.158797681331634521e-01 -2.293362617492675781e-01 -2.379581928253173828e-01 -2.405238300561904907e-01 -2.380978167057037354e-01 -2.295456975698471069e-01 -2.156354337930679321e-01 -1.983043104410171509e-01 -1.745154708623886108e-01 -1.427330225706100464e-01 -1.045452207326889038e-01 -5.996951460838317871e-02 -9.302604943513870239e-03 4.885176569223403931e-02 1.189441904425621033e-01 2.033308595418930054e-01 3.020815849304199219e-01 4.158246815204620361e-01 5.426054000854492188e-01 6.803817152976989746e-01 8.286299705505371094e-01 9.861983060836791992e-01 1.151655554771423340e+00 1.320638298988342285e+00 1.488853096961975098e+00 1.652652263641357422e+00 1.807393193244934082e+00 1.952761650085449219e+00 2.089892148971557617e+00 2.214526176452636719e+00 2.321444988250732422e+00 2.407577037811279297e+00 2.469134807586669922e+00 2.505577325820922852e+00 2.516921758651733398e+00 2.502610206604003906e+00 2.464265346527099609e+00 2.400368690490722656e+00 2.309018135070800781e+00 2.192290544509887695e+00 2.051983594894409180e+00 1.890069365501403809e+00 1.710858941078186035e+00 1.516062736511230469e+00 1.307670474052429199e+00 1.090603828430175781e+00 8.718792200088500977e-01 6.572211980819702148e-01 4.498935341835021973e-01 2.528283894062042236e-01 6.592108309268951416e-02 -1.105142459273338318e-01 -2.748195528984069824e-01 -4.256683588027954102e-01 -5.637762546539306641e-01 -6.891083717346191406e-01 -8.016820549964904785e-01 -9.017941951751708984e-01 -9.892526268959045410e-01 -1.063673496246337891e+00 -1.125231266021728516e+00 -1.173315048217773438e+00 -1.207104563713073730e+00 -1.227472662925720215e+00 -1.231975555419921875e+00 -1.220875263214111328e+00 -1.196161389350891113e+00 -1.157676935195922852e+00 -1.107620835304260254e+00 -1.046202659606933594e+00 -9.729163050651550293e-01 -8.897339701652526855e-01 -7.981216311454772949e-01 -6.980095505714416504e-01 -5.913000702857971191e-01 -4.799830019474029541e-01 -3.646167218685150146e-01 -2.494773566722869873e-01 -1.369385272264480591e-01 -2.864085324108600616e-02 7.223917543888092041e-02 1.625425070524215698e-01 2.387610375881195068e-01 2.994635999202728271e-01 3.418401777744293213e-01 3.638313412666320801e-01 3.655068576335906982e-01 3.497814238071441650e-01 3.197094202041625977e-01 2.755874991416931152e-01 2.194402515888214111e-01 1.533446311950683594e-01 7.751007378101348877e-02 -7.312929723411798477e-03 -9.897761791944503784e-02 -1.953198015689849854e-01 -2.948210239410400391e-01 -3.959279358386993408e-01 -4.961098432540893555e-01 -5.946511030197143555e-01 -6.893701553344726562e-01 -7.787484526634216309e-01 -8.637285232543945312e-01 -9.421985149383544922e-01 -1.014856576919555664e+00 -1.083256006240844727e+00 -1.145826101303100586e+00 -1.201903581619262695e+00 -1.251872301101684570e+00 -1.294947028160095215e+00 -1.330150365829467773e+00 -1.355841517448425293e+00 -1.372300028800964355e+00 -1.380572915077209473e+00 -1.381428122520446777e+00 -1.377029895782470703e+00 -1.367029190063476562e+00 -1.350972056388854980e+00 -1.330237627029418945e+00 -1.306326627731323242e+00 -1.278907418251037598e+00 -1.248818039894104004e+00 -1.216686487197875977e+00 -1.183403015136718750e+00 -1.151550769805908203e+00 -1.120902776718139648e+00 -1.092017650604248047e+00 -1.066361308097839355e+00 -1.043933749198913574e+00 -1.025974392890930176e+00 -1.013914108276367188e+00 -1.006479024887084961e+00 -1.002831220626831055e+00 -1.003861069679260254e+00 -1.007770538330078125e+00 -1.013774514198303223e+00 -1.024420976638793945e+00 -1.040111541748046875e+00 -1.061020612716674805e+00 -1.086903810501098633e+00 -1.116679072380065918e+00 -1.149002552032470703e+00 -1.183629989624023438e+00 -1.220770597457885742e+00 -1.257666826248168945e+00 -1.291613459587097168e+00 -1.321528434753417969e+00 -1.344758749008178711e+00 -1.361793160438537598e+00 -1.374411821365356445e+00 -1.380799770355224609e+00 -1.382457852363586426e+00 -1.381236076354980469e+00 -1.376645922660827637e+00 -1.369716882705688477e+00 -1.360903024673461914e+00 -1.349732875823974609e+00 -1.335717916488647461e+00 -1.318334460258483887e+00 -1.297058939933776855e+00 -1.271995902061462402e+00 -1.245048046112060547e+00 -1.218309640884399414e+00 -1.192583441734313965e+00 -1.167276144027709961e+00 -1.141829252243041992e+00 -1.115684270858764648e+00 -1.088317513465881348e+00 -1.060130476951599121e+00 -1.031611800193786621e+00 -1.003267645835876465e+00 -9.759532213211059570e-01 -9.496859908103942871e-01 -9.235235452651977539e-01 -9.002583026885986328e-01 -8.800473809242248535e-01 -8.595048189163208008e-01 -8.363268971443176270e-01 -8.095186352729797363e-01 -7.803018093109130859e-01 -7.501075863838195801e-01 -7.198086977005004883e-01 -6.894923448562622070e-01 -6.648482680320739746e-01 -6.437646746635437012e-01 -6.152983903884887695e-01 -5.876174569129943848e-01 -5.646663904190063477e-01 -5.367062091827392578e-01 -5.092172622680664062e-01 -4.904549717903137207e-01 -4.768239557743072510e-01 -4.665439724922180176e-01 -4.591961205005645752e-01 -4.539950489997863770e-01 -4.506265521049499512e-01 -4.467170238494873047e-01 -4.426155090332031250e-01 -4.390375614166259766e-01 -4.350582063198089600e-01 -4.293335378170013428e-01 -4.235390424728393555e-01 -4.186521172523498535e-01 -4.150916635990142822e-01 -4.111123085021972656e-01 -4.050734639167785645e-01 -3.931353986263275146e-01 -3.766071498394012451e-01 -3.566231131553649902e-01 -3.295530676841735840e-01 -2.894802987575531006e-01 -2.472957074642181396e-01 -2.092998772859573364e-01 -1.666789501905441284e-01 -1.158724054694175720e-01 -6.742206960916519165e-02 -2.338741160929203033e-02 2.892010472714900970e-02 8.904670178890228271e-02 1.567654758691787720e-01 2.294584363698959351e-01 3.067241609096527100e-01 3.870965838432312012e-01 4.693539440631866455e-01 5.517683625221252441e-01 6.314077377319335938e-01 7.089527249336242676e-01 7.944913506507873535e-01 8.709890842437744141e-01 9.327388405799865723e-01 9.979443550109863281e-01 1.074058175086975098e+00 1.144813776016235352e+00 1.202968239784240723e+00 1.264822602272033691e+00 1.329138040542602539e+00 1.395722389221191406e+00 1.463545799255371094e+00 1.531561374664306641e+00 1.599018335342407227e+00 1.665602564811706543e+00 1.730284452438354492e+00 1.791318655014038086e+00 1.848373532295227051e+00 1.901885271072387695e+00 1.951766729354858398e+00 1.999222278594970703e+00 2.045037269592285156e+00 2.086418867111206055e+00 2.120313167572021484e+00 2.147680044174194336e+00 2.168292284011840820e+00 2.182673931121826172e+00 2.191051483154296875e+00 2.193198204040527344e+00 2.191557645797729492e+00 2.186775445938110352e+00 2.180090665817260742e+00 2.173284053802490234e+00 2.169548988342285156e+00 2.170561313629150391e+00 2.172865152359008789e+00 2.175378322601318359e+00 2.180509567260742188e+00 2.187962293624877930e+00 2.197002887725830078e+00 2.211716175079345703e+00 2.232869625091552734e+00 2.259782552719116211e+00 2.293135643005371094e+00 2.332283496856689453e+00 2.376318216323852539e+00 2.424227476119995117e+00 2.475295782089233398e+00 2.527638196945190430e+00 2.580835819244384766e+00 2.636564254760742188e+00 2.696498870849609375e+00 2.759103775024414062e+00 2.821185111999511719e+00 2.877402067184448242e+00 2.922676086425781250e+00 2.954685449600219727e+00 2.971196174621582031e+00 2.971283435821533203e+00 2.957111358642578125e+00 2.928610086441040039e+00 2.884505748748779297e+00 2.827415943145751953e+00 2.762821197509765625e+00 2.693601608276367188e+00 2.619669437408447266e+00 2.541269302368164062e+00 2.461071252822875977e+00 2.381065368652343750e+00 2.298965215682983398e+00 2.212187290191650391e+00 2.118166446685791016e+00 2.015488862991333008e+00 1.903002262115478516e+00 1.780515074729919434e+00 1.649528145790100098e+00 1.510983943939208984e+00 1.366854548454284668e+00 1.221695542335510254e+00 1.079905033111572266e+00 9.442231059074401855e-01 8.179834485054016113e-01 7.041007280349731445e-01 6.037617325782775879e-01 5.155702829360961914e-01 4.386535882949829102e-01 3.722961843013763428e-01 3.175103068351745605e-01 2.753256857395172119e-01 2.433163523674011230e-01 2.214473783969879150e-01 2.106612473726272583e-01 2.122669368982315063e-01 2.264913767576217651e-01 2.486919611692428589e-01 2.741388678550720215e-01 2.993414103984832764e-01 3.184353113174438477e-01 3.268303573131561279e-01 3.236189484596252441e-01 3.062180280685424805e-01 2.735629081726074219e-01 2.258805036544799805e-01 1.641656756401062012e-01 9.232791513204574585e-02 1.164134591817855835e-02 -7.799876481294631958e-02 -1.744805574417114258e-01 -2.771757245063781738e-01 -3.852814435958862305e-01 -4.946088492870330811e-01 -6.035174131393432617e-01 -7.090749144554138184e-01 -8.085412383079528809e-01 -9.004851579666137695e-01 -9.830392599105834961e-01 -1.056412935256958008e+00 -1.118790984153747559e+00 -1.169126272201538086e+00 -1.209809899330139160e+00 -1.241836667060852051e+00 -1.264019846916198730e+00 -1.276219606399536133e+00 -1.278977274894714355e+00 -1.273776173591613770e+00 -1.263461351394653320e+00 -1.249777913093566895e+00 -1.235693097114562988e+00 -1.223964452743530273e+00 -1.214138269424438477e+00 -1.206354141235351562e+00 -1.200978517532348633e+00 -1.196266174316406250e+00 -1.191815495491027832e+00 -1.189057946205139160e+00 -1.189197540283203125e+00 -1.193997144699096680e+00 -1.203840851783752441e+00 -1.217628955841064453e+00 -1.233965277671813965e+00 -1.251994490623474121e+00 -1.269430279731750488e+00 -1.285365223884582520e+00 -1.301631689071655273e+00 -1.318666100502014160e+00 -1.337917089462280273e+00 -1.359000563621520996e+00 -1.382422924041748047e+00 -1.408690094947814941e+00 -1.436109304428100586e+00 -1.463685512542724609e+00 -1.490371584892272949e+00 -1.516062736511230469e+00 -1.538210988044738770e+00 -1.554477453231811523e+00 -1.562680482864379883e+00 -1.560970067977905273e+00 -1.549538254737854004e+00 -1.530374526977539062e+00 -1.509936690330505371e+00 -1.491209268569946289e+00 -1.474750876426696777e+00 -1.462044835090637207e+00 -1.456250309944152832e+00 -1.457995653152465820e+00 -1.465640187263488770e+00 -1.478538274765014648e+00 -1.495467901229858398e+00 -1.514998197555541992e+00 -1.533044815063476562e+00 -1.549538254737854004e+00 -1.563518285751342773e+00 -1.572663784027099609e+00 -1.577341318130493164e+00 -1.576416254043579102e+00 -1.570342540740966797e+00 -1.559992790222167969e+00 -1.545035243034362793e+00 -1.526325345039367676e+00 -1.504508733749389648e+00 -1.480475544929504395e+00 -1.455220580101013184e+00 -1.430436968803405762e+00 -1.408341050148010254e+00 -1.388933062553405762e+00 -1.371567010879516602e+00 -1.355649590492248535e+00 -1.341913819313049316e+00 -1.330010652542114258e+00 -1.320114731788635254e+00 -1.311998844146728516e+00 -1.303638815879821777e+00 -1.295802235603332520e+00 -1.288524270057678223e+00 -1.280827283859252930e+00 -1.273898363113403320e+00 -1.268557667732238770e+00 -1.264491081237792969e+00 -1.261244773864746094e+00 -1.257405042648315430e+00 -1.253949284553527832e+00 -1.251278877258300781e+00 -1.249568462371826172e+00 -1.249498605728149414e+00 -1.252622842788696289e+00 -1.259272456169128418e+00 -1.268592596054077148e+00 -1.280600428581237793e+00 -1.293376207351684570e+00 -1.308054447174072266e+00 -1.324128985404968262e+00 -1.338231205940246582e+00 -1.349977254867553711e+00 -1.357918500900268555e+00 -1.361461520195007324e+00 -1.360693573951721191e+00 -1.354707121849060059e+00 -1.344060540199279785e+00 -1.327095985412597656e+00 -1.304092526435852051e+00 -1.277999877929687500e+00 -1.250022292137145996e+00 -1.219705939292907715e+00 -1.187469601631164551e+00 -1.154779672622680664e+00 -1.121269345283508301e+00 -1.087113261222839355e+00 -1.050810337066650391e+00 -1.012657523155212402e+00 -9.744173288345336914e-01 -9.345365166664123535e-01 -8.943241834640502930e-01 -8.552287817001342773e-01 -8.172155022621154785e-01 -7.809126377105712891e-01 -7.459362745285034180e-01 -7.117976546287536621e-01 -6.786538362503051758e-01 -6.462256312370300293e-01 -6.134657859802246094e-01 -5.802347064018249512e-01 -5.455549955368041992e-01 -5.071403384208679199e-01 -4.634198248386383057e-01 -4.150044023990631104e-01 -3.624699711799621582e-01 -3.054151535034179688e-01 -2.443111836910247803e-01 -1.802925169467926025e-01 -1.141619831323623657e-01 -4.745550081133842468e-02 1.691224053502082825e-02 7.942993193864822388e-02 1.395914256572723389e-01 1.950056403875350952e-01 2.440842986106872559e-01 2.858325839042663574e-01 3.208264112472534180e-01 3.486469686031341553e-01 3.700621724128723145e-01 3.863635361194610596e-01 3.974114656448364258e-01 4.034852087497711182e-01 4.043927788734436035e-01 4.000120162963867188e-01 3.909712135791778564e-01 3.778288662433624268e-01 3.589095175266265869e-01 3.347890675067901611e-01 3.069685101509094238e-01 2.754478752613067627e-01 2.398955076932907104e-01 2.004859745502471924e-01 1.585631668567657471e-01 1.159422248601913452e-01 7.365289330482482910e-02 3.213151171803474426e-02 -5.585053469985723495e-03 -3.862413763999938965e-02 -6.754424422979354858e-02 -9.066985547542572021e-02 -1.076519042253494263e-01 -1.202531829476356506e-01 -1.279151737689971924e-01 -1.303935497999191284e-01 -1.282467991113662720e-01 -1.213701963424682617e-01 -1.116312593221664429e-01 -9.883799403905868530e-02 -8.162904530763626099e-02 -6.136577576398849487e-02 -3.860668465495109558e-02 -1.322959549725055695e-02 1.221730466932058334e-02 3.522074595093727112e-02 5.625196173787117004e-02 7.744026184082031250e-02 9.964084625244140625e-02 1.219286993145942688e-01 1.439547538757324219e-01 1.668011099100112915e-01 1.887224465608596802e-01 2.083923071622848511e-01 2.268055379390716553e-01 2.437701374292373657e-01 2.601413130760192871e-01 2.756398618221282959e-01 2.885901927947998047e-01 2.992192506790161133e-01 3.070208728313446045e-01 3.120823204517364502e-01 3.154158890247344971e-01 3.148748576641082764e-01 3.086614906787872314e-01 2.979277074337005615e-01 2.831273078918457031e-01 2.648013532161712646e-01 2.443984597921371460e-01 2.222153246402740479e-01 1.999100148677825928e-01 1.791580468416213989e-01 1.593485623598098755e-01 1.402372121810913086e-01 1.214225590229034424e-01 1.008102148771286011e-01 7.822565734386444092e-02 5.419247224926948547e-02 2.862340025603771210e-02 2.129301661625504494e-03 -2.600540593266487122e-02 -5.513495206832885742e-02 -8.246680349111557007e-02 -1.077915355563163757e-01 -1.307251602411270142e-01 -1.501681208610534668e-01 -1.665916740894317627e-01 -1.786518990993499756e-01 -1.876578032970428467e-01 -1.951278150081634521e-01 -2.000496387481689453e-01 -2.036275565624237061e-01 -2.066644430160522461e-01 -2.075894623994827271e-01 -2.066993415355682373e-01 -2.053903490304946899e-01 -2.026501744985580444e-01 -1.990024447441101074e-01 -1.953198015689849854e-01 -1.925621777772903442e-01 -1.923701912164688110e-01 -1.935570091009140015e-01 -1.949881762266159058e-01 -1.977807134389877319e-01 -1.998751014471054077e-01 -1.997703909873962402e-01 -1.972047537565231323e-01 -1.917418688535690308e-01 -1.857379376888275146e-01 -1.776047050952911377e-01 -1.679879426956176758e-01 -1.593311131000518799e-01 -1.507615447044372559e-01 -1.415811032056808472e-01 -1.312313079833984375e-01 -1.197470426559448242e-01 -1.074948310852050781e-01 -9.400343149900436401e-02 -7.840018719434738159e-02 -6.194173544645309448e-02 -4.452335089445114136e-02 -2.511528693139553070e-02 -4.904375411570072174e-03 1.562069635838270187e-02 3.722787275910377502e-02 5.801474303007125854e-02 7.627088576555252075e-02 9.128072112798690796e-02 9.896016865968704224e-02 1.001993492245674133e-01 9.627236425876617432e-02 8.648106455802917480e-02 7.365289330482482910e-02 5.707226693630218506e-02 3.611086308956146240e-02 1.368338149040937424e-02 -8.988445624709129333e-03 -3.211405873298645020e-02 -5.541420355439186096e-02 -7.911577820777893066e-02 -1.007404029369354248e-01 -1.193281635642051697e-01 -1.363800317049026489e-01 -1.508837193250656128e-01 -1.615302264690399170e-01 -1.699601560831069946e-01 -1.784424632787704468e-01 -1.872563809156417847e-01 -1.946391165256500244e-01 -1.998576521873474121e-01 -2.048143893480300903e-01 -2.084097713232040405e-01 -2.105041593313217163e-01 -2.119876891374588013e-01 -2.110277563333511353e-01 -2.074672877788543701e-01 -2.031737715005874634e-01 -1.982868611812591553e-01 -1.937664598226547241e-01 -1.919164061546325684e-01 -1.914800703525543213e-01 -1.928937882184982300e-01 -1.966113448143005371e-01 -2.009746581315994263e-01 -2.058964967727661133e-01 -2.091777026653289795e-01 -2.095616757869720459e-01 -2.087588310241699219e-01 -2.071880400180816650e-01 -2.046398520469665527e-01 -2.023534774780273438e-01 -2.017251551151275635e-01 -2.024232894182205200e-01 -2.042907923460006714e-01 -2.078861594200134277e-01 -2.124938368797302246e-01 -2.159670442342758179e-01 -2.170491516590118408e-01 -2.178170830011367798e-01 -2.184454053640365601e-01 -2.186897546052932739e-01 -2.191086262464523315e-01 -2.192831635475158691e-01 -2.196671366691589355e-01 -2.188817411661148071e-01 -2.172934859991073608e-01 -2.163335531949996948e-01 -2.146755009889602661e-01 -2.114815413951873779e-01 -2.086017578840255737e-01 -2.058441340923309326e-01 -2.015680819749832153e-01 -1.957386732101440430e-01 -1.873610913753509521e-01 -1.769938319921493530e-01 -1.655270308256149292e-01 -1.535889804363250732e-01 -1.408480703830718994e-01 -1.277755498886108398e-01 -1.142318025231361389e-01 -1.005309671163558960e-01 -8.831366151571273804e-02 -7.670722156763076782e-02 -6.473426520824432373e-02 -5.133013427257537842e-02 -3.703588619828224182e-02 -2.270673401653766632e-02 -9.285151958465576172e-03 3.089232835918664932e-03 1.476548518985509872e-02 2.488839440047740936e-02 3.248057886958122253e-02 3.619812801480293274e-02 3.803072497248649597e-02 3.752457723021507263e-02 3.352777659893035889e-02 2.778564207255840302e-02 2.008873969316482544e-02 1.158898603171110153e-02 4.031710326671600342e-03 -4.084070213139057159e-03 -1.370083447545766830e-02 -2.298598550260066986e-02 -3.213151171803474426e-02 -4.153883457183837891e-02 -5.042256042361259460e-02 -5.970771238207817078e-02 -6.885323673486709595e-02 -7.794640213251113892e-02 -8.702211827039718628e-02 -9.386380761861801147e-02 -9.916960448026657104e-02 -1.044928655028343201e-01 -1.085594817996025085e-01 -1.117883399128913879e-01 -1.165705397725105286e-01 -1.219985112547874451e-01 -1.260825842618942261e-01 -1.280722618103027344e-01 -1.295208781957626343e-01 -1.313709318637847900e-01 -1.327497363090515137e-01 -1.329940855503082275e-01 -1.315105557441711426e-01 -1.299746632575988770e-01 -1.293463557958602905e-01 -1.278279125690460205e-01 -1.253146380186080933e-01 -1.233424171805381775e-01 -1.212654784321784973e-01 -1.197993978857994080e-01 -1.185776665806770325e-01 -1.155407950282096863e-01 -1.117883399128913879e-01 -1.080533340573310852e-01 -1.036900132894515991e-01 -9.812241047620773315e-02 -9.143780171871185303e-02 -8.335692435503005981e-02 -7.595673203468322754e-02 -6.789331138134002686e-02 -5.703736096620559692e-02 -4.661774262785911560e-02 -3.480186685919761658e-02 -2.179916203022003174e-02 -9.861109778285026550e-03 3.176499158143997192e-03 1.795943826436996460e-02 3.408627957105636597e-02 5.232496932148933411e-02 7.206464558839797974e-02 9.208357334136962891e-02 1.138129234313964844e-01 1.374795883893966675e-01 1.610066294670104980e-01 1.828930526971817017e-01 2.012713700532913208e-01 2.166477143764495850e-01 2.295282483100891113e-01 2.391973733901977539e-01 2.481858134269714355e-01 2.565808594226837158e-01 2.637716233730316162e-01 2.720793783664703369e-01 2.798810005187988281e-01 2.861990928649902344e-01 2.925695478916168213e-01 2.989400029182434082e-01 3.056420683860778809e-01 3.131120800971984863e-01 3.199363052845001221e-01 3.261845707893371582e-01 3.337767720222473145e-01 3.419274389743804932e-01 3.515442311763763428e-01 3.633601069450378418e-01 3.754203319549560547e-01 3.879168927669525146e-01 3.986681103706359863e-01 4.049513041973114014e-01 4.081277847290039062e-01 4.097509384155273438e-01 4.088259339332580566e-01 4.053003489971160889e-01 3.984935879707336426e-01 3.887721002101898193e-01 3.766245841979980469e-01 3.599916100502014160e-01 3.396410644054412842e-01 3.165329098701477051e-01 2.903878688812255859e-01 2.617644667625427246e-01 2.311688512563705444e-01 1.988279074430465698e-01 1.645147353410720825e-01 1.290845572948455811e-01 9.382890164852142334e-02 5.801474303007125854e-02 2.165953628718852997e-02 -1.394518092274665833e-02 -4.834562167525291443e-02 -8.127998560667037964e-02 -1.123642995953559875e-01 -1.407957077026367188e-01 -1.656317412853240967e-01 -1.861568242311477661e-01 -2.020742148160934448e-01 -2.123542129993438721e-01 -2.171538621187210083e-01 -2.178519964218139648e-01 -2.137155681848526001e-01 -2.069960534572601318e-01 -1.995085924863815308e-01 -1.888969838619232178e-01 -1.741489470005035400e-01 -1.609019041061401367e-01 -1.504473835229873657e-01 -1.402022987604141235e-01 -1.322436034679412842e-01 -1.274264901876449585e-01 -1.257684230804443359e-01 -1.244768798351287842e-01 -1.195201501250267029e-01 -1.111949235200881958e-01 -9.834930300712585449e-02 -7.953465729951858521e-02 -5.578072369098663330e-02 -2.748893573880195618e-02 4.834562074393033981e-03 4.042182490229606628e-02 8.014551550149917603e-02 1.351583003997802734e-01 1.909913867712020874e-01 2.497042566537857056e-01 3.114888966083526611e-01 3.776718080043792725e-01 4.459490776062011719e-01 5.059534907341003418e-01 5.736024379730224609e-01 6.450213193893432617e-01 7.179760932922363281e-01 7.915416955947875977e-01 8.666257858276367188e-01 9.397900104522705078e-01 1.009027242660522461e+00 1.076990365982055664e+00 1.141899108886718750e+00 1.201467156410217285e+00 1.252849698066711426e+00 1.293341279029846191e+00 1.321807622909545898e+00 1.336241483688354492e+00 1.337061882019042969e+00 1.327933788299560547e+00 1.310951709747314453e+00 1.285103321075439453e+00 1.243651866912841797e+00 1.199320435523986816e+00 1.158549547195434570e+00 1.106922745704650879e+00 1.042973875999450684e+00 9.692860245704650879e-01 8.868890404701232910e-01 7.955908775329589844e-01 6.978175640106201172e-01 5.964662432670593262e-01 4.933522045612335205e-01 3.923500180244445801e-01 2.950653731822967529e-01 2.033657580614089966e-01 1.231329813599586487e-01 5.700245499610900879e-02 4.834562074393033981e-03 -3.501130640506744385e-02 -6.480407714843750000e-02 -8.482300490140914917e-02 -9.454448521137237549e-02 -9.693558514118194580e-02 -9.347983449697494507e-02 -8.513715863227844238e-02 -7.037167251110076904e-02 -4.415683075785636902e-02 -5.393067374825477600e-03 4.855506122112274170e-02 1.216669008135795593e-01 2.161241173744201660e-01 3.347541391849517822e-01 4.777315258979797363e-01 6.410419940948486328e-01 8.211424946784973145e-01 1.014402866363525391e+00 1.216477036476135254e+00 1.427836418151855469e+00 1.646438837051391602e+00 1.868933439254760742e+00 2.095232963562011719e+00 2.323382377624511719e+00 2.550083160400390625e+00 2.771146535873413086e+00 2.980446338653564453e+00 3.172013759613037109e+00 3.343108415603637695e+00 3.491339206695556641e+00 3.616060495376586914e+00 3.715770959854125977e+00 3.789179563522338867e+00 3.836722373962402344e+00 3.856078147888183594e+00 3.846915006637573242e+00 3.808779716491699219e+00 3.739594697952270508e+00 3.642624378204345703e+00 3.518566370010375977e+00 3.365169286727905273e+00 3.183096647262573242e+00 2.970724821090698242e+00 2.728036880493164062e+00 2.460076570510864258e+00 2.172969818115234375e+00 1.875879883766174316e+00 1.576922416687011719e+00 1.279745221138000488e+00 9.902125597000122070e-01 7.142236232757568359e-01 4.554262161254882812e-01 2.190911769866943359e-01 8.953538723289966583e-03 -1.763131618499755859e-01 -3.369532525539398193e-01 -4.721115529537200928e-01 -5.810899138450622559e-01 -6.623873710632324219e-01 -7.156722545623779297e-01 -7.411540746688842773e-01 -7.395309209823608398e-01 -7.114136815071105957e-01 -6.586174368858337402e-01 -5.834635496139526367e-01 -4.897393882274627686e-01 -3.827856183052062988e-01 -2.666513919830322266e-01 -1.461538672447204590e-01 -2.670353837311267853e-02 8.595746755599975586e-02 1.867502331733703613e-01 2.738770544528961182e-01 3.459417223930358887e-01 4.024205505847930908e-01 4.459316134452819824e-01 4.772079288959503174e-01 4.959527552127838135e-01 5.007349848747253418e-01 4.868944883346557617e-01 4.497015476226806641e-01 3.862588107585906982e-01 2.957285940647125244e-01 1.793500334024429321e-01 4.010766744613647461e-02 -1.181762441992759705e-01 -2.915223538875579834e-01 -4.753927886486053467e-01 -6.660699844360351562e-01 -8.585798144340515137e-01 -1.050269365310668945e+00 -1.240649819374084473e+00 -1.427365183830261230e+00 -1.607535481452941895e+00 -1.777443289756774902e+00 -1.935936689376831055e+00 -2.083155155181884766e+00 -2.216306447982788086e+00 -2.332370758056640625e+00 -2.430754899978637695e+00 -2.509940624237060547e+00 -2.567728281021118164e+00 -2.605462312698364258e+00 -2.624922752380371094e+00 -2.626528501510620117e+00 -2.610454082489013672e+00 -2.578043222427368164e+00 -2.531687259674072266e+00 -2.473061800003051758e+00 -2.402166366577148438e+00 -2.320589780807495117e+00 -2.230879783630371094e+00 -2.136614561080932617e+00 -2.040464401245117188e+00 -1.941992998123168945e+00 -1.841950654983520508e+00 -1.740616798400878906e+00 -1.639701962471008301e+00 -1.540235638618469238e+00 -1.441990971565246582e+00 -1.346137523651123047e+00 -1.253128886222839355e+00 -1.164466261863708496e+00 -1.080079555511474609e+00 -9.993231892585754395e-01 -9.232093691825866699e-01 -8.515112400054931641e-01 -7.835131883621215820e-01 -7.173128724098205566e-01 -6.540796160697937012e-01 -5.964488387107849121e-01 -5.433210134506225586e-01 -4.958131313323974609e-01 -4.543790221214294434e-01 -4.166799187660217285e-01 -3.833441138267517090e-01 -3.543193042278289795e-01 -3.292389214038848877e-01 -3.098832070827484131e-01 -2.953620553016662598e-01 -2.853613197803497314e-01 -2.825513482093811035e-01 -2.864608764648437500e-01 -2.949955463409423828e-01 -3.092025220394134521e-01 -3.282266259193420410e-01 -3.504970073699951172e-01 -3.750363588333129883e-01 -4.014257192611694336e-01 -4.298571348190307617e-01 -4.594230055809020996e-01 -4.900709986686706543e-01 -5.211727619171142578e-01 -5.515065789222717285e-01 -5.799554586410522461e-01 -6.070080399513244629e-01 -6.341130137443542480e-01 -6.621779203414916992e-01 -6.903475522994995117e-01 -7.172779440879821777e-01 -7.408573627471923828e-01 -7.599338293075561523e-01 -7.749436497688293457e-01 -7.851712703704833984e-01 -7.896392941474914551e-01 -7.883128523826599121e-01 -7.814537286758422852e-01 -7.676132321357727051e-01 -7.458838820457458496e-01 -7.177841067314147949e-01 -6.842563152313232422e-01 -6.466096043586730957e-01 -6.063622832298278809e-01 -5.634620785713195801e-01 -5.178915262222290039e-01 -4.678005874156951904e-01 -4.126830995082855225e-01 -3.520503640174865723e-01 -2.825513482093811035e-01 -2.021789401769638062e-01 -1.113869100809097290e-01 -1.192059833556413651e-02 9.450957924127578735e-02 2.072753012180328369e-01 3.238807618618011475e-01 4.385837912559509277e-01 5.490282177925109863e-01 6.542716026306152344e-01 7.526732087135314941e-01 8.422784209251403809e-01 9.210451245307922363e-01 9.884672164916992188e-01 1.043357849121093750e+00 1.085909008979797363e+00 1.115858793258666992e+00 1.134045124053955078e+00 1.139246225357055664e+00 1.130938410758972168e+00 1.110832214355468750e+00 1.078962564468383789e+00 1.037598252296447754e+00 9.917135238647460938e-01 9.468411207199096680e-01 9.042725563049316406e-01 8.645313978195190430e-01 8.268846273422241211e-01 7.904247045516967773e-01 7.541044354438781738e-01 7.165972590446472168e-01 6.795613765716552734e-01 6.439566612243652344e-01 6.105335950851440430e-01 5.801997780799865723e-01 5.542816519737243652e-01 5.348910689353942871e-01 5.229006409645080566e-01 5.170712471008300781e-01 5.165825486183166504e-01 5.220628976821899414e-01 5.318716168403625488e-01 5.450314283370971680e-01 5.601634383201599121e-01 5.745275020599365234e-01 5.895373225212097168e-01 6.060481071472167969e-01 6.235188841819763184e-01 6.432411074638366699e-01 6.657907366752624512e-01 6.891781687736511230e-01 7.125830054283142090e-01 7.372619509696960449e-01 7.624645233154296875e-01 7.869166135787963867e-01 8.101294636726379395e-01 8.309512734413146973e-01 8.476191759109497070e-01 8.600982427597045898e-01 8.673762679100036621e-01 8.697150349617004395e-01 8.684583902359008789e-01 8.632049560546875000e-01 8.544433712959289551e-01 8.429765701293945312e-01 8.307418227195739746e-01 8.178787231445312500e-01 8.060104846954345703e-01 7.977027297019958496e-01 7.914718985557556152e-01 7.876845598220825195e-01 7.867769598960876465e-01 7.863929867744445801e-01 7.865675091743469238e-01 7.875798344612121582e-01 7.886270284652709961e-01 7.899883985519409180e-01 7.924492955207824707e-01 7.981739640235900879e-01 8.068308234214782715e-01 8.160287141799926758e-01 8.279842138290405273e-01 8.432558178901672363e-01 8.621053695678710938e-01 8.852484226226806641e-01 9.113934636116027832e-01 9.400168657302856445e-01 9.715724587440490723e-01 1.004297375679016113e+00 1.036236882209777832e+00 1.067548036575317383e+00 1.096066713333129883e+00 1.122525930404663086e+00 1.148112535476684570e+00 1.173367381095886230e+00 1.200385093688964844e+00 1.229375004768371582e+00 1.259481906890869141e+00 1.291927576065063477e+00 1.326607346534729004e+00 1.361234664916992188e+00 1.395844459533691406e+00 1.428883552551269531e+00 1.459688663482666016e+00 1.490214467048645020e+00 1.519047260284423828e+00 1.546257019042968750e+00 1.572175145149230957e+00 1.595021486282348633e+00 1.616331934928894043e+00 1.635094285011291504e+00 1.649685144424438477e+00 1.662879943847656250e+00 1.675498604774475098e+00 1.687279582023620605e+00 1.699008226394653320e+00 1.710422635078430176e+00 1.723582386970520020e+00 1.739674329757690430e+00 1.756324768066406250e+00 1.773830413818359375e+00 1.793901801109313965e+00 1.815648555755615234e+00 1.837430238723754883e+00 1.858304381370544434e+00 1.877520442008972168e+00 1.894188404083251953e+00 1.906964182853698730e+00 1.914695978164672852e+00 1.917523384094238281e+00 1.914573788642883301e+00 1.904538154602050781e+00 1.890348672866821289e+00 1.874466180801391602e+00 1.856960535049438477e+00 1.840676546096801758e+00 1.829314470291137695e+00 1.826277613639831543e+00 1.831653237342834473e+00 1.844272017478942871e+00 1.863610267639160156e+00 1.887573599815368652e+00 1.913107752799987793e+00 1.936128616333007812e+00 1.954349875450134277e+00 1.966811537742614746e+00 1.971244692802429199e+00 1.965485095977783203e+00 1.952395081520080566e+00 1.932550668716430664e+00 1.903333902359008789e+00 1.866175889968872070e+00 1.821704864501953125e+00 1.769833683967590332e+00 1.713354825973510742e+00 1.652181029319763184e+00 1.583397626876831055e+00 1.505538463592529297e+00 1.417661190032958984e+00 1.319381594657897949e+00 1.210891962051391602e+00 1.093186974525451660e+00 9.695129394531250000e-01 8.431162238121032715e-01 7.146425247192382812e-01 5.837427973747253418e-01 4.525115191936492920e-01 3.242821693420410156e-01 2.035926580429077148e-01 9.480628371238708496e-02 3.316125657875090837e-04 -7.691665738821029663e-02 -1.370956152677536011e-01 -1.814793348312377930e-01 -2.109055817127227783e-01 -2.247809469699859619e-01 -2.222153246402740479e-01 -2.041337043046951294e-01 -1.731017529964447021e-01 -1.317374557256698608e-01 -8.208283782005310059e-02 -2.778564207255840302e-02 2.965314313769340515e-02 8.997172117233276367e-02 1.514596790075302124e-01 2.140471786260604858e-01 2.774026393890380859e-01 3.417005538940429688e-01 4.066966176033020020e-01 4.700869917869567871e-01 5.290267467498779297e-01 5.814215540885925293e-01 6.267477273941040039e-01 6.647610068321228027e-01 6.947631835937500000e-01 7.148519754409790039e-01 7.258824110031127930e-01 7.281513810157775879e-01 7.202450037002563477e-01 7.024950385093688965e-01 6.753900647163391113e-01 6.403787732124328613e-01 6.005503535270690918e-01 5.581388473510742188e-01 5.146801471710205078e-01 4.733158349990844727e-01 4.353374838829040527e-01 4.006228744983673096e-01 3.688055276870727539e-01 3.397632539272308350e-01 3.140545487403869629e-01 2.915921509265899658e-01 2.729869484901428223e-01 2.581516504287719727e-01 2.492679208517074585e-01 2.488141357898712158e-01 2.568252086639404297e-01 2.730393111705780029e-01 2.963569164276123047e-01 3.263765573501586914e-01 3.622605502605438232e-01 4.040262699127197266e-01 4.522671699523925781e-01 5.053600668907165527e-01 5.616993308067321777e-01 6.190333962440490723e-01 6.755122542381286621e-01 7.306995391845703125e-01 7.828325033187866211e-01 8.318239450454711914e-01 8.773421049118041992e-01 9.185842275619506836e-01 9.574701786041259766e-01 9.938253760337829590e-01 1.028819203376770020e+00 1.063586235046386719e+00 1.097934246063232422e+00 1.131793618202209473e+00 1.165146946907043457e+00 1.196719884872436523e+00 1.224400877952575684e+00 1.247980237007141113e+00 1.263897657394409180e+00 1.270058631896972656e+00 1.268138766288757324e+00 1.258853673934936523e+00 1.243704199790954590e+00 1.223004579544067383e+00 1.195341110229492188e+00 1.161970376968383789e+00 1.122508525848388672e+00 1.076466679573059082e+00 1.026480436325073242e+00 9.742428064346313477e-01 9.226857423782348633e-01 8.764345049858093262e-01 8.374264240264892578e-01 8.051204085350036621e-01 7.806159853935241699e-01 7.627437710762023926e-01 7.497934699058532715e-01 7.423059940338134766e-01 7.395832538604736328e-01 7.409969568252563477e-01 7.459886074066162109e-01 7.540171146392822266e-01 7.648556232452392578e-01 7.759035825729370117e-01 7.870213389396667480e-01 8.003905415534973145e-01 8.156098127365112305e-01 8.312828540802001953e-01 8.455596566200256348e-01 8.570439219474792480e-01 8.664512634277343750e-01 8.753349781036376953e-01 8.817927241325378418e-01 8.837823867797851562e-01 8.820719718933105469e-01 8.782147765159606934e-01 8.712857961654663086e-01 8.593128323554992676e-01 8.421213626861572266e-01 8.196589946746826172e-01 7.931648492813110352e-01 7.640702128410339355e-01 7.329684495925903320e-01 6.985331177711486816e-01 6.605198383331298828e-01 6.194871664047241211e-01 5.765869617462158203e-01 5.326046943664550781e-01 4.859869182109832764e-01 4.379554688930511475e-01 3.890687823295593262e-01 3.385415077209472656e-01 2.889392673969268799e-01 2.431767284870147705e-01 2.008699476718902588e-01 1.634500771760940552e-01 1.308647841215133667e-01 1.015083491802215576e-01 7.534586638212203979e-02 5.208062380552291870e-02 3.124139271676540375e-02 1.455604564398527145e-02 2.391101093962788582e-03 -6.335545331239700317e-03 -1.178097259253263474e-02 -1.684242673218250275e-02 -2.015855349600315094e-02 -1.773254573345184326e-02 -1.041961554437875748e-02 7.504915702156722546e-04 1.633628085255622864e-02 3.467969223856925964e-02 5.319763720035552979e-02 7.084291428327560425e-02 8.747590333223342896e-02 1.030965968966484070e-01 1.176526471972465515e-01 1.302190124988555908e-01 1.400626748800277710e-01 1.472185254096984863e-01 1.510931551456451416e-01 1.520356237888336182e-01 1.508313566446304321e-01 1.468694508075714111e-01 1.411622315645217896e-01 1.340936422348022461e-01 1.255415380001068115e-01 1.166927143931388855e-01 1.083674952387809753e-01 1.014908924698829651e-01 9.553932398557662964e-02 8.997172117233276367e-02 8.517206460237503052e-02 8.037241548299789429e-02 7.684684544801712036e-02 7.478735595941543579e-02 7.330382615327835083e-02 7.302457839250564575e-02 7.449065148830413818e-02 7.696902006864547729e-02 7.956956326961517334e-02 8.157669007778167725e-02 8.300785720348358154e-02 8.613199740648269653e-02 9.023351967334747314e-02 9.538224339485168457e-02 1.022064834833145142e-01 1.097288504242897034e-01 1.178271770477294922e-01 1.274439394474029541e-01 1.386140435934066772e-01 1.513724029064178467e-01 1.657190173864364624e-01 1.819680333137512207e-01 2.005906850099563599e-01 2.201558351516723633e-01 2.413790374994277954e-01 2.639112472534179688e-01 2.857103943824768066e-01 3.062529265880584717e-01 3.244043588638305664e-01 3.393618166446685791e-01 3.517711162567138672e-01 3.625048696994781494e-01 3.703414201736450195e-01 3.744778335094451904e-01 3.748967349529266357e-01 3.709697425365447998e-01 3.655766546726226807e-01 3.586477041244506836e-01 3.476172387599945068e-01 3.292563557624816895e-01 3.091501593589782715e-01 2.889567017555236816e-01 2.646442651748657227e-01 2.351831197738647461e-01 2.071007639169692993e-01 1.849350929260253906e-01 1.582315564155578613e-01 1.281071603298187256e-01 1.041612476110458374e-01 8.431685715913772583e-02 6.267477571964263916e-02 4.028219729661941528e-02 1.792453043162822723e-02 -4.747295752167701721e-03 -2.722713537514209747e-02 -4.900884628295898438e-02 -6.735225766897201538e-02 -8.080874383449554443e-02 -9.039060026407241821e-02 -9.524261951446533203e-02 -9.278170019388198853e-02 -8.611454814672470093e-02 -7.740534842014312744e-02 -6.311110407114028931e-02 -4.089306294918060303e-02 -1.890191622078418732e-02 -4.886921960860490799e-04 2.151990868151187897e-02 4.593706503510475159e-02 7.103490084409713745e-02 9.704030305147171021e-02 1.221381425857543945e-01 1.440420299768447876e-01 1.627344936132431030e-01 1.782330274581909180e-01 1.902234405279159546e-01 1.985835582017898560e-01 2.026152759790420532e-01 2.029817849397659302e-01 2.009397596120834351e-01 1.953547000885009766e-01 1.870992928743362427e-01 1.770985573530197144e-01 1.648288965225219727e-01 1.513025909662246704e-01 1.376017630100250244e-01 1.238136589527130127e-01 1.096764877438545227e-01 9.602801501750946045e-02 8.384561538696289062e-02 7.321656495332717896e-02 6.257005035877227783e-02 5.129522830247879028e-02 4.101523756980895996e-02 3.083996847271919250e-02 2.101376466453075409e-02 1.291543617844581604e-02 6.457718089222908020e-03 1.308996928855776787e-03 -2.984513062983751297e-03 -6.318091880530118942e-03 -9.250245057046413422e-03 -1.202531810849905014e-02 -1.441641990095376968e-02 -1.665044017136096954e-02 -1.912880875170230865e-02 -2.110103145241737366e-02 -2.188642881810665131e-02 -2.064724452793598175e-02 -1.633628085255622864e-02 -9.861109778285026550e-03 -3.106686053797602654e-03 3.717551240697503090e-03 1.155408006161451340e-02 2.138028293848037720e-02 3.452261164784431458e-02 4.965461790561676025e-02 6.497860699892044067e-02 7.909832149744033813e-02 9.178686141967773438e-02 1.042136102914810181e-01 1.159073188900947571e-01 1.257160604000091553e-01 1.331860721111297607e-01 1.390678286552429199e-01 1.442863643169403076e-01 1.476897597312927246e-01 1.490685641765594482e-01 1.489987522363662720e-01 1.473930478096008301e-01 1.445307135581970215e-01 1.417905539274215698e-01 1.397136002779006958e-01 1.376192122697830200e-01 1.339191198348999023e-01 1.276882886886596680e-01 1.200961023569107056e-01 1.106887832283973694e-01 9.833184629678726196e-02 8.321730047464370728e-02 6.695082783699035645e-02 5.054473504424095154e-02 3.408627957105636597e-02 2.043780498206615448e-02 1.110029406845569611e-02 5.724680144339799881e-03 4.171337001025676727e-03 5.427973810583353043e-03 1.003564335405826569e-02 1.727875880897045135e-02 2.401573024690151215e-02 3.150319308042526245e-02 4.054399952292442322e-02 4.864232614636421204e-02 5.698499828577041626e-02 6.637486815452575684e-02 7.588691264390945435e-02 8.480554819107055664e-02 9.347983449697494507e-02 1.026951745152473450e-01 1.121374070644378662e-01 1.216494515538215637e-01 1.305855363607406616e-01 1.373748630285263062e-01 1.420348882675170898e-01 1.451939344406127930e-01 1.474105119705200195e-01 1.483355313539505005e-01 1.464854776859283447e-01 1.419476270675659180e-01 1.347394138574600220e-01 1.251750141382217407e-01 1.149648353457450867e-01 1.032362282276153564e-01 8.962265402078628540e-02 7.586946338415145874e-02 6.176720187067985535e-02 4.686209186911582947e-02 3.195697814226150513e-02 1.830850355327129364e-02 7.086036726832389832e-03 -9.424777817912399769e-04 -5.794493015855550766e-03 -7.784168235957622528e-03 -8.587019518017768860e-03 -8.272860199213027954e-03 -5.951572675257921219e-03 -2.792526734992861748e-03 1.954768784344196320e-03 9.581857360899448395e-03 1.961750164628028870e-02 3.127630054950714111e-02 4.455825686454772949e-02 5.974261835217475891e-02 7.696902006864547729e-02 9.409070014953613281e-02 1.098859310150146484e-01 1.254717260599136353e-01 1.387711316347122192e-01 1.501681208610534668e-01 1.595405489206314087e-01 1.671501845121383667e-01 1.743583977222442627e-01 1.794896572828292847e-01 1.818982213735580444e-01 1.816189587116241455e-01 1.783377379179000854e-01 1.716531366109848022e-01 1.635548025369644165e-01 1.561546027660369873e-01 1.506219208240509033e-01 1.467821896076202393e-01 1.442863643169403076e-01 1.439023911952972412e-01 1.446878015995025635e-01 1.437453180551528931e-01 1.402022987604141235e-01 1.356120854616165161e-01 1.324704885482788086e-01 1.318247169256210327e-01 1.306204348802566528e-01 1.291718184947967529e-01 1.292241811752319336e-01 1.301841139793395996e-01 1.334304213523864746e-01 1.385267823934555054e-01 1.447052508592605591e-01 1.513200402259826660e-01 1.581268310546875000e-01 1.646718084812164307e-01 1.708153784275054932e-01 1.764702349901199341e-01 1.819331198930740356e-01 1.876228898763656616e-01 1.927890628576278687e-01 1.999449133872985840e-01 2.097885757684707642e-01 2.201209217309951782e-01 2.312561273574829102e-01 2.433687150478363037e-01 2.542944848537445068e-01 2.650631666183471680e-01 2.751336991786956787e-01 2.833192944526672363e-01 2.904576957225799561e-01 2.955540418624877930e-01 2.989050745964050293e-01 3.012089133262634277e-01 3.030938804149627686e-01 3.054326176643371582e-01 3.082949519157409668e-01 3.119775950908660889e-01 3.172659575939178467e-01 3.238283991813659668e-01 3.306177258491516113e-01 3.368485569953918457e-01 3.406358957290649414e-01 3.434458971023559570e-01 3.467969298362731934e-01 3.478441238403320312e-01 3.470238149166107178e-01 3.451039493083953857e-01 3.417878150939941406e-01 3.395014405250549316e-01 3.385589718818664551e-01 3.372325301170349121e-01 3.366914689540863037e-01 3.383669853210449219e-01 3.422067165374755859e-01 3.481931984424591064e-01 3.550523221492767334e-01 3.638313412666320801e-01 3.752981424331665039e-01 3.878645300865173340e-01 4.008672237396240234e-01 4.143586158752441406e-01 4.283736050128936768e-01 4.429296553134918213e-01 4.592659473419189453e-01 4.772777259349822998e-01 4.962843656539916992e-01 5.144357681274414062e-01 5.309815406799316406e-01 5.468640327453613281e-01 5.612280964851379395e-01 5.740213394165039062e-01 5.858546495437622070e-01 5.969724059104919434e-01 6.059259772300720215e-01 6.117902398109436035e-01 6.147922277450561523e-01 6.153856515884399414e-01 6.118426322937011719e-01 6.034650206565856934e-01 5.937260985374450684e-01 5.821895003318786621e-01 5.683490037918090820e-01 5.538802146911621094e-01 5.388355255126953125e-01 5.235463976860046387e-01 5.091300010681152344e-01 4.956735074520111084e-01 4.848349988460540771e-01 4.769461154937744141e-01 4.699473381042480469e-01 4.652175009250640869e-01 4.632802009582519531e-01 4.615523219108581543e-01 4.602084159851074219e-01 4.602956771850585938e-01 4.612905085086822510e-01 4.632627367973327637e-01 4.646939039230346680e-01 4.646590054035186768e-01 4.636816084384918213e-01 4.613952338695526123e-01 4.588819742202758789e-01 4.569272100925445557e-01 4.545361101627349854e-01 4.513595998287200928e-01 4.481830894947052002e-01 4.456174671649932861e-01 4.442560970783233643e-01 4.443433582782745361e-01 4.453207552433013916e-01 4.463505148887634277e-01 4.454952776432037354e-01 4.426329433917999268e-01 4.392644762992858887e-01 4.356690943241119385e-01 4.323180615901947021e-01 4.287401437759399414e-01 4.241324663162231445e-01 4.191059172153472900e-01 4.148473143577575684e-01 4.118453562259674072e-01 4.093669652938842773e-01 4.067838788032531738e-01 4.044626057147979736e-01 4.022460281848907471e-01 3.985110223293304443e-01 3.944618701934814453e-01 3.909362852573394775e-01 3.860144615173339844e-01 3.799058198928833008e-01 3.739542365074157715e-01 3.677408695220947266e-01 3.604803085327148438e-01 3.543716371059417725e-01 3.499908745288848877e-01 3.466223776340484619e-01 3.449294269084930420e-01 3.461511433124542236e-01 3.501130342483520508e-01 3.548777997493743896e-01 3.609166443347930908e-01 3.687531650066375732e-01 3.782477676868438721e-01 3.881088495254516602e-01 3.984412252902984619e-01 4.111646711826324463e-01 4.261395931243896484e-01 4.420046210289001465e-01 4.591961205005645752e-01 4.778886139392852783e-01 4.968428909778594971e-01 5.149768590927124023e-01 5.293059945106506348e-01 5.379802584648132324e-01 5.427799224853515625e-01 5.469338297843933105e-01 5.505291819572448730e-01 5.535660982131958008e-01 5.566902160644531250e-01 5.570218563079833984e-01 5.546307563781738281e-01 5.514367818832397461e-01 5.466720461845397949e-01 5.409473180770874023e-01 5.348212122917175293e-01 5.275955796241760254e-01 5.196194052696228027e-01 5.109974741935729980e-01 5.021137595176696777e-01 4.931427836418151855e-01 4.847477376461029053e-01 4.784994721412658691e-01 4.753229618072509766e-01 4.743455946445465088e-01 4.745724797248840332e-01 4.753055274486541748e-01 4.762305319309234619e-01 4.784994721412658691e-01 4.800527989864349365e-01 4.797386527061462402e-01 4.799306392669677734e-01 4.790579676628112793e-01 4.758640229701995850e-01 4.714134335517883301e-01 4.658109247684478760e-01 4.597371816635131836e-01 4.544313848018646240e-01 4.503647685050964355e-01 4.471358954906463623e-01 4.451985955238342285e-01 4.443957209587097168e-01 4.440815746784210205e-01 4.439419507980346680e-01 4.432612657546997070e-01 4.432961642742156982e-01 4.445702731609344482e-01 4.479387402534484863e-01 4.524591565132141113e-01 4.561941623687744141e-01 4.608716368675231934e-01 4.668755829334259033e-01 4.724780917167663574e-01 4.772951900959014893e-01 4.817806780338287354e-01 4.854982495307922363e-01 4.885874688625335693e-01 4.914149045944213867e-01 4.944692254066467285e-01 4.963367283344268799e-01 4.961622059345245361e-01 4.954466223716735840e-01 4.932649433612823486e-01 4.892157912254333496e-01 4.834736585617065430e-01 4.754451513290405273e-01 4.668232202529907227e-01 4.591961205005645752e-01 4.513595998287200928e-01 4.453382194042205811e-01 4.447796940803527832e-01 4.489684998989105225e-01 4.563512504100799561e-01 4.662996232509613037e-01 4.795117676258087158e-01 4.959352910518646240e-01 5.142961740493774414e-01 5.331282615661621094e-01 5.543689131736755371e-01 5.781752467155456543e-01 6.036396026611328125e-01 6.310586929321289062e-01 6.595773696899414062e-01 6.882182359695434570e-01 7.153580784797668457e-01 7.399672269821166992e-01 7.616617083549499512e-01 7.802843451499938965e-01 7.963762879371643066e-01 8.120842576026916504e-01 8.279492855072021484e-01 8.416675925254821777e-01 8.532565832138061523e-01 8.642870187759399414e-01 8.747590184211730957e-01 8.837649226188659668e-01 8.912174701690673828e-01 8.961393237113952637e-01 8.962614536285400391e-01 8.899957537651062012e-01 8.782845735549926758e-01 8.621577620506286621e-01 8.417024612426757812e-01 8.175994753837585449e-01 7.907388806343078613e-01 7.624470591545104980e-01 7.326194047927856445e-01 6.996501088142395020e-01 6.663492321968078613e-01 6.335370540618896484e-01 5.993460416793823242e-01 5.649107098579406738e-01 5.297423601150512695e-01 4.942947030067443848e-01 4.599640667438507080e-01 4.276929199695587158e-01 3.981445133686065674e-01 3.741113245487213135e-01 3.558202683925628662e-01 3.429920971393585205e-01 3.352603018283843994e-01 3.270572423934936523e-01 3.142465353012084961e-01 2.951526343822479248e-01 2.775771617889404297e-01 2.792701423168182373e-01 3.112096488475799561e-01 3.636742532253265381e-01 4.159468710422515869e-01 4.530176520347595215e-01 4.741012454032897949e-01 4.975235462188720703e-01 5.370377898216247559e-01 5.856277942657470703e-01 6.303431391716003418e-01 6.633821725845336914e-01 6.815685033798217773e-01 6.861238479614257812e-01 6.823015809059143066e-01 6.779033541679382324e-01 6.795963048934936523e-01 6.922674179077148438e-01 7.163704037666320801e-01 7.476466894149780273e-01 7.812093496322631836e-01 8.115955591201782227e-01 8.340579271316528320e-01 8.470082879066467285e-01 8.506909012794494629e-01 8.471304774284362793e-01 8.384386897087097168e-01 8.251044154167175293e-01 8.083143234252929688e-01 7.885397672653198242e-01 7.675434350967407227e-01 7.479608654975891113e-01 7.308217287063598633e-01 7.146948575973510742e-01 6.977302432060241699e-01 6.816557645797729492e-01 6.688101887702941895e-01 6.582159996032714844e-01 6.479011178016662598e-01 6.380225419998168945e-01 6.267302632331848145e-01 6.126803755760192871e-01 5.984385013580322266e-01 5.844234824180603027e-01 5.698848962783813477e-01 5.541769266128540039e-01 5.376836061477661133e-01 5.218185186386108398e-01 5.046270489692687988e-01 4.862661957740783691e-01 4.680624008178710938e-01 4.502425789833068848e-01 4.328765571117401123e-01 4.147774875164031982e-01 3.966609835624694824e-01 3.804643154144287109e-01 3.650181591510772705e-01 3.489611148834228516e-01 3.332706093788146973e-01 3.164631128311157227e-01 2.963569164276123047e-01 2.752384245395660400e-01 2.552718520164489746e-01 2.376789301633834839e-01 2.226341962814331055e-01 2.086192071437835693e-01 1.959655731916427612e-01 1.857553869485855103e-01 1.778315901756286621e-01 1.714436858892440796e-01 1.678832173347473145e-01 1.677086800336837769e-01 1.698379814624786377e-01 1.716531366109848022e-01 1.727177798748016357e-01 1.734508275985717773e-01 1.737649738788604736e-01 1.742013096809387207e-01 1.753183156251907349e-01 1.773603558540344238e-01 1.797689050436019897e-01 1.829628646373748779e-01 1.858426630496978760e-01 1.873261928558349609e-01 1.869771182537078857e-01 1.855808645486831665e-01 1.840624213218688965e-01 1.812349855899810791e-01 1.762957125902175903e-01 1.679704934358596802e-01 1.554390192031860352e-01 1.392772793769836426e-01 1.188220158219337463e-01 9.313076734542846680e-02 6.246533244848251343e-02 2.600540593266487122e-02 -1.439896598458290100e-02 -5.515240505337715149e-02 -9.635962545871734619e-02 -1.367989033460617065e-01 -1.718974709510803223e-01 -1.997529268264770508e-01 -2.211855798959732056e-01 -2.390577495098114014e-01 -2.548704445362091064e-01 -2.672971785068511963e-01 -2.774026393890380859e-01 -2.856231331825256348e-01 -2.911732792854309082e-01 -2.953271567821502686e-01 -2.989225387573242188e-01 -3.010169267654418945e-01 -3.012263774871826172e-01 -2.991145253181457520e-01 -2.947686612606048584e-01 -2.889043390750885010e-01 -2.811550796031951904e-01 -2.701071500778198242e-01 -2.548704445362091064e-01 -2.344675362110137939e-01 -2.094395160675048828e-01 -1.809382885694503784e-01 -1.491383910179138184e-01 -1.169370561838150024e-01 -8.583529293537139893e-02 -5.677555873990058899e-02 -3.104940801858901978e-02 -8.272860199213027954e-03 1.076868176460266113e-02 2.642428502440452576e-02 4.036946594715118408e-02 5.330235511064529419e-02 6.551966071128845215e-02 7.773696631193161011e-02 8.777260780334472656e-02 9.405579417943954468e-02 9.819222241640090942e-02 1.001993492245674133e-01 9.974556416273117065e-02 9.641198813915252686e-02 8.906415104866027832e-02 7.942993193864822388e-02 7.110471278429031372e-02 6.391395628452301025e-02 5.658357590436935425e-02 4.822344705462455750e-02 3.913028165698051453e-02 3.070034086704254150e-02 2.221804112195968628e-02 1.340412907302379608e-02 6.335545331239700317e-03 -2.967059845104813576e-04 -6.806783843785524368e-03 -1.103048119693994522e-02 -1.336922217160463333e-02 -1.370083447545766830e-02 -1.193805225193500519e-02 -8.377579972147941589e-03 -3.141592722386121750e-03 3.700098022818565369e-03 1.312487572431564331e-02 2.548180706799030304e-02 3.904301673173904419e-02 5.466371029615402222e-02 7.269296050071716309e-02 9.012880176305770874e-02 1.073377504944801331e-01 1.244419738650321960e-01 1.383347958326339722e-01 1.515818387269973755e-01 1.648463457822799683e-01 1.765749603509902954e-01 1.860695481300354004e-01 1.921607553958892822e-01 1.965240687131881714e-01 1.986184716224670410e-01 1.985137462615966797e-01 1.950056403875350952e-01 1.885304600000381470e-01 1.817934960126876831e-01 1.736777126789093018e-01 1.643751114606857300e-01 1.536587923765182495e-01 1.410749703645706177e-01 1.252273768186569214e-01 1.096241325139999390e-01 9.569640457630157471e-02 7.866198569536209106e-02 5.532693862915039062e-02 3.288200125098228455e-02 1.616174913942813873e-02 -7.155850180424749851e-04 -1.769763790071010590e-02 -3.092723339796066284e-02 -4.010766744613647461e-02 -4.761258140206336975e-02 -5.321509018540382385e-02 -5.611233413219451904e-02 -5.602506920695304871e-02 -5.441936478018760681e-02 -5.187118425965309143e-02 -4.831071197986602783e-02 -4.464552178978919983e-02 -3.937462717294692993e-02 -3.216641768813133240e-02 -2.419026382267475128e-02 -1.494001876562833786e-02 -5.811946466565132141e-03 3.246312495321035385e-03 1.609193533658981323e-02 2.953097037971019745e-02 4.068362340331077576e-02 5.342452973127365112e-02 6.871361285448074341e-02 8.630653470754623413e-02 1.051386371254920959e-01 1.229060888290405273e-01 1.389805674552917480e-01 1.531002819538116455e-01 1.639038622379302979e-01 1.714436858892440796e-01 1.764178872108459473e-01 1.787566244602203369e-01 1.781283020973205566e-01 1.747074574232101440e-01 1.689129620790481567e-01 1.618094742298126221e-01 1.522974371910095215e-01 1.398881375789642334e-01 1.269552558660507202e-01 1.131671518087387085e-01 9.745918214321136475e-02 8.032005280256271362e-02 6.230825558304786682e-02 4.487241432070732117e-02 2.925171889364719391e-02 1.532399095594882965e-02 3.019419498741626740e-03 -9.232792071998119354e-03 -1.926843449473381042e-02 -2.556907385587692261e-02 -3.035127557814121246e-02 -3.354522958397865295e-02 -3.611086308956146240e-02 -3.810053691267967224e-02 -3.986331820487976074e-02 -4.089306294918060303e-02 -4.068362340331077576e-02 -3.871140256524085999e-02 -3.284709528088569641e-02 -2.509783394634723663e-02 -1.658062823116779327e-02 -6.475171539932489395e-03 6.440265104174613953e-03 2.244493365287780762e-02 3.906046971678733826e-02 5.625196173787117004e-02 7.239625602960586548e-02 8.496262878179550171e-02 9.417796880006790161e-02 1.014036312699317932e-01 1.071806699037551880e-01 1.108109503984451294e-01 1.125911921262741089e-01 1.139525473117828369e-01 1.154535263776779175e-01 1.157502382993698120e-01 1.155407950282096863e-01 1.151568219065666199e-01 1.140398159623146057e-01 1.123293936252593994e-01 1.094321459531784058e-01 1.060287505388259888e-01 1.030791476368904114e-01 1.002866178750991821e-01 9.695304185152053833e-02 9.084438532590866089e-02 7.731808722019195557e-02 5.886995419859886169e-02 4.316199198365211487e-02 3.265510872006416321e-02 2.555162087082862854e-02 2.012364566326141357e-02 1.445132587105035782e-02 8.342674002051353455e-03 2.705260412767529488e-03 -3.351032268255949020e-03 -8.674286305904388428e-03 -1.178097259253263474e-02 -1.148426625877618790e-02 -7.243116386234760284e-03 1.396263396600261331e-04 9.459684602916240692e-03 2.083923108875751495e-02 3.398156166076660156e-02 4.628613218665122986e-02 5.728170648217201233e-02 6.777113676071166992e-02 7.803367078304290771e-02 8.852309733629226685e-02 9.972811490297317505e-02 1.121897622942924500e-01 1.254717260599136353e-01 1.378111988306045532e-01 1.485275179147720337e-01 1.576206833124160767e-01 1.654223054647445679e-01 1.730144917964935303e-01 1.786344498395919800e-01 1.828057914972305298e-01 1.867153197526931763e-01 1.889493465423583984e-01 1.904852390289306641e-01 1.901536285877227783e-01 1.868724077939987183e-01 1.823869049549102783e-01 1.773952692747116089e-01 1.715833246707916260e-01 1.635199040174484253e-01 1.510931551456451416e-01 1.334129720926284790e-01 1.110552996397018433e-01 8.271115273237228394e-02 5.064945295453071594e-02 1.771509274840354919e-02 -1.651081442832946777e-02 -5.190609022974967957e-02 -8.840092271566390991e-02 -1.240929067134857178e-01 -1.578824818134307861e-01 -1.905725002288818359e-01 -2.206096202135086060e-01 -2.451489418745040894e-01 -2.620786428451538086e-01 -2.699151635169982910e-01 -2.705783843994140625e-01 -2.670702934265136719e-01 -2.605776488780975342e-01 -2.522524297237396240e-01 -2.428800165653228760e-01 -2.327396571636199951e-01 -2.204176336526870728e-01 -2.052856236696243286e-01 -1.852492392063140869e-01 -1.594183743000030518e-01 -1.280722618103027344e-01 -9.257226437330245972e-02 -5.635667964816093445e-02 -1.951278187334537506e-02
-4.647811874747276306e-02 -5.391322076320648193e-02 -6.241297349333763123e-02 -7.307693362236022949e-02 -8.585274219512939453e-02 -9.543460607528686523e-02 -1.092576086521148682e-01 -1.199215725064277649e-01 -1.326973885297775269e-01 -1.454731971025466919e-01 -1.561197042465209961e-01 -1.656841039657592773e-01 -1.742013096809387207e-01 -1.816538721323013306e-01 -1.933824867010116577e-01 -2.040289938449859619e-01 -2.135759443044662476e-01 -2.253045588731765747e-01 -2.359510660171508789e-01 -2.476796805858612061e-01 -2.583261728286743164e-01 -2.657612860202789307e-01 -2.732138335704803467e-01 -2.838603556156158447e-01 -2.902657091617584229e-01 -2.977008223533630371e-01 -3.072826564311981201e-01 -3.179291784763336182e-01 -3.307049870491027832e-01 -3.424161374568939209e-01 -3.541273176670074463e-01 -3.523121476173400879e-01 -3.662922382354736328e-01 -3.808308541774749756e-01 -3.958930373191833496e-01 -4.105538129806518555e-01 -4.247258603572845459e-01 -4.387059509754180908e-01 -4.516388475894927979e-01 -4.629136621952056885e-01 -4.722337424755096436e-01 -4.798259139060974121e-01 -4.857425689697265625e-01 -4.909960329532623291e-01 -4.962843656539916992e-01 -5.019217729568481445e-01 -5.076813697814941406e-01 -5.134932994842529297e-01 -5.199685096740722656e-01 -5.270196199417114258e-01 -5.352575778961181641e-01 -5.452408790588378906e-01 -5.571963787078857422e-01 -5.712113380432128906e-01 -5.860815644264221191e-01 -5.943369865417480469e-01 -5.913873910903930664e-01 -5.829225182533264160e-01 -5.737944245338439941e-01 -5.681919455528259277e-01 -5.703212618827819824e-01 -5.816135406494140625e-01 -6.004106998443603516e-01 -6.241646409034729004e-01 -6.511823534965515137e-01 -6.804864406585693359e-01 -7.116754651069641113e-01 -7.442607283592224121e-01 -7.777187228202819824e-01 -8.115431666374206543e-01 -8.455073237419128418e-01 -8.798553943634033203e-01 -9.143430590629577637e-01 -9.495463967323303223e-01 -9.856398105621337891e-01 -1.023059606552124023e+00 -1.062294602394104004e+00 -1.102245211601257324e+00 -1.142806649208068848e+00 -1.183944106101989746e+00 -1.224680066108703613e+00 -1.263024926185607910e+00 -1.298856616020202637e+00 -1.332681059837341309e+00 -1.363503575325012207e+00 -1.390556216239929199e+00 -1.413891196250915527e+00 -1.435376167297363281e+00 -1.457384824752807617e+00 -1.479271292686462402e+00 -1.500180244445800781e+00 -1.520687937736511230e+00 -1.541352629661560059e+00 -1.562383890151977539e+00 -1.582943797111511230e+00 -1.602666020393371582e+00 -1.620800018310546875e+00 -1.637014150619506836e+00 -1.652146100997924805e+00 -1.664921879768371582e+00 -1.674556136131286621e+00 -1.681624770164489746e+00 -1.685446977615356445e+00 -1.683858752250671387e+00 -1.674992442131042480e+00 -1.658446788787841797e+00 -1.635931968688964844e+00 -1.607832193374633789e+00 -1.573344469070434570e+00 -1.533428788185119629e+00 -1.488137483596801758e+00 -1.436877250671386719e+00 -1.377815246582031250e+00 -1.311475276947021484e+00 -1.242814064025878906e+00 -1.174152851104736328e+00 -1.105788230895996094e+00 -1.039779901504516602e+00 -9.769131541252136230e-01 -9.162978529930114746e-01 -8.559617996215820312e-01 -7.938281297683715820e-01 -7.300363183021545410e-01 -6.658779978752136230e-01 -5.993460416793823242e-01 -5.280842781066894531e-01 -4.517261087894439697e-01 -3.692069351673126221e-01 -2.800555229187011719e-01 -1.841147840023040771e-01 -8.255407214164733887e-02 2.251474745571613312e-02 1.312662065029144287e-01 2.427578419446945190e-01 3.563264310359954834e-01 4.719893932342529297e-01 5.897816419601440430e-01 7.103315591812133789e-01 8.338834047317504883e-01 9.608735442161560059e-01 1.090219855308532715e+00 1.220840334892272949e+00 1.352909445762634277e+00 1.486217617988586426e+00 1.620014548301696777e+00 1.754963517189025879e+00 1.891029357910156250e+00 2.028159856796264648e+00 2.165726661682128906e+00 2.302525520324707031e+00 2.438382148742675781e+00 2.572283744812011719e+00 2.703480005264282227e+00 2.832023620605468750e+00 2.958193540573120117e+00 3.082460880279541016e+00 3.204703807830810547e+00 3.322321414947509766e+00 3.432381868362426758e+00 3.533994913101196289e+00 3.626183271408081055e+00 3.707567930221557617e+00 3.776997089385986328e+00 3.832097291946411133e+00 3.871244907379150391e+00 3.893183708190917969e+00 3.899903297424316406e+00 3.892852067947387695e+00 3.869464635848999023e+00 3.818605899810791016e+00 3.758444309234619141e+00 3.698596954345703125e+00 3.622151613235473633e+00 3.535164356231689453e+00 3.443272829055786133e+00 3.347454309463500977e+00 3.249122381210327148e+00 3.150074958801269531e+00 3.033679008483886719e+00 2.924124717712402344e+00 2.831552267074584961e+00 2.728525638580322266e+00 2.605479955673217773e+00 2.491631984710693359e+00 2.399827718734741211e+00 2.303433179855346680e+00 2.193809032440185547e+00 2.094901323318481445e+00 2.015192031860351562e+00 1.932550668716430664e+00 1.853783965110778809e+00 1.781632065773010254e+00 1.717543601989746094e+00 1.663665294647216797e+00 1.618391394615173340e+00 1.575334191322326660e+00 1.540130853652954102e+00 1.512554645538330078e+00 1.482377886772155762e+00 1.448954939842224121e+00 1.412617087364196777e+00 1.374167561531066895e+00 1.334827780723571777e+00 1.295470595359802246e+00 1.257021069526672363e+00 1.218972802162170410e+00 1.179179310798645020e+00 1.130781412124633789e+00 1.084879159927368164e+00 1.047267317771911621e+00 1.008276700973510742e+00 9.715724587440490723e-01 9.408546090126037598e-01 9.182526469230651855e-01 9.043074250221252441e-01 9.008516669273376465e-01 9.086009263992309570e-01 9.268919825553894043e-01 9.567545652389526367e-01 9.982759952545166016e-01 1.050513625144958496e+00 1.113764405250549316e+00 1.187801241874694824e+00 1.272240281105041504e+00 1.366261243820190430e+00 1.468921422958374023e+00 1.579208850860595703e+00 1.692899584770202637e+00 1.805787444114685059e+00 1.916127204895019531e+00 2.022278070449829102e+00 2.123559474945068359e+00 2.219081401824951172e+00 2.308459758758544922e+00 2.392514705657958984e+00 2.472485780715942383e+00 2.548285484313964844e+00 2.617959022521972656e+00 2.681995153427124023e+00 2.739625930786132812e+00 2.789594650268554688e+00 2.832966089248657227e+00 2.870839834213256836e+00 2.905187845230102539e+00 2.935574054718017578e+00 2.957739591598510742e+00 2.967391252517700195e+00 2.965628623962402344e+00 2.956081628799438477e+00 2.941455841064453125e+00 2.924770355224609375e+00 2.906619071960449219e+00 2.888188362121582031e+00 2.872166156768798828e+00 2.859006404876708984e+00 2.846701860427856445e+00 2.833821296691894531e+00 2.821307182312011719e+00 2.811167001724243164e+00 2.804831266403198242e+00 2.803819179534912109e+00 2.808147430419921875e+00 2.815600156784057617e+00 2.824623346328735352e+00 2.837137460708618164e+00 2.857697486877441406e+00 2.888781785964965820e+00 2.928906917572021484e+00 2.974913597106933594e+00 3.023940086364746094e+00 3.073559761047363281e+00 3.120910406112670898e+00 3.163531541824340820e+00 3.198874235153198242e+00 3.224949598312377930e+00 3.242490053176879883e+00 3.253433227539062500e+00 3.256295680999755859e+00 3.247691154479980469e+00 3.227445363998413086e+00 3.199013948440551758e+00 3.165660619735717773e+00 3.130300283432006836e+00 3.094765424728393555e+00 3.057572603225708008e+00 3.018756389617919922e+00 2.978648662567138672e+00 2.936132431030273438e+00 2.891679048538208008e+00 2.845479965209960938e+00 2.797012329101562500e+00 2.746676921844482422e+00 2.694927930831909180e+00 2.641992092132568359e+00 2.589510202407836914e+00 2.537830829620361328e+00 2.485872507095336914e+00 2.434734344482421875e+00 2.385201930999755859e+00 2.336629390716552734e+00 2.289714813232421875e+00 2.245366096496582031e+00 2.204263687133789062e+00 2.166075706481933594e+00 2.130331516265869141e+00 2.096524477005004883e+00 2.064131021499633789e+00 2.034233570098876953e+00 2.006273508071899414e+00 1.977841973304748535e+00 1.947961926460266113e+00 1.917191863059997559e+00 1.884763598442077637e+00 1.849158883094787598e+00 1.810674428939819336e+00 1.768821358680725098e+00 1.721470594406127930e+00 1.668115854263305664e+00 1.608198761940002441e+00 1.541527152061462402e+00 1.468921422958374023e+00 1.391393899917602539e+00 1.309642672538757324e+00 1.225866913795471191e+00 1.142841577529907227e+00 1.062329530715942383e+00 9.844354987144470215e-01 9.085311293601989746e-01 8.369027972221374512e-01 7.708246707916259766e-01 7.092145681381225586e-01 6.522470116615295410e-01 6.000267267227172852e-01 5.509830117225646973e-01 5.038765668869018555e-01 4.582012891769409180e-01 4.143411517143249512e-01 3.740938603878021240e-01 3.378084897994995117e-01 3.053802549839019775e-01 2.773328125476837158e-01 2.529854774475097656e-01 2.310641407966613770e-01 2.114291787147521973e-01 1.926843523979187012e-01 1.746550947427749634e-01 1.575159579515457153e-01 1.414065808057785034e-01 1.269377917051315308e-01 1.134813055396080017e-01 1.010545641183853149e-01 9.094911068677902222e-02 8.337438106536865234e-02 7.869689911603927612e-02 7.806857675313949585e-02 8.190830051898956299e-02 8.946557343006134033e-02 1.004436984658241272e-01 1.153139024972915649e-01 1.340063810348510742e-01 1.564513146877288818e-01 1.819854825735092163e-01 2.100678235292434692e-01 2.394940853118896484e-01 2.691472172737121582e-01 2.988876402378082275e-01 3.277204632759094238e-01 3.543018400669097900e-01 3.783699274063110352e-01 3.995233178138732910e-01 4.176223874092102051e-01 4.331732690334320068e-01 4.467868208885192871e-01 4.586201608180999756e-01 4.678704142570495605e-01 4.760560095310211182e-01 4.844335913658142090e-01 4.916243553161621094e-01 4.970872104167938232e-01 5.015203356742858887e-01 5.064771175384521484e-01 5.125857591629028320e-01 5.191830992698669434e-01 5.266007184982299805e-01 5.359382629394531250e-01 5.476319789886474609e-01 5.612280964851379395e-01 5.768662095069885254e-01 5.958554148674011230e-01 6.177942156791687012e-01 6.418622732162475586e-01 6.690195798873901367e-01 6.990218162536621094e-01 7.298617959022521973e-01 7.610333561897277832e-01 7.904421687126159668e-01 8.166220784187316895e-01 8.395906090736389160e-01 8.580911159515380859e-01 8.728915452957153320e-01 8.852135539054870605e-01 8.946557641029357910e-01 9.003978967666625977e-01 9.017767310142517090e-01 8.988794684410095215e-01 8.913745284080505371e-01 8.804313540458679199e-01 8.684059977531433105e-01 8.552985787391662598e-01 8.433430790901184082e-01 8.346862792968750000e-01 8.292582631111145020e-01 8.283157944679260254e-01 8.320333361625671387e-01 8.404982089996337891e-01 8.543561100959777832e-01 8.729438781738281250e-01 8.950222730636596680e-01 9.201201200485229492e-01 9.479930400848388672e-01 9.782919287681579590e-01 1.009550809860229492e+00 1.040286064147949219e+00 1.069188714027404785e+00 1.094862461090087891e+00 1.117918252944946289e+00 1.137727737426757812e+00 1.151795148849487305e+00 1.159090638160705566e+00 1.158584475517272949e+00 1.149229526519775391e+00 1.129646897315979004e+00 1.098946571350097656e+00 1.057407736778259277e+00 1.006409168243408203e+00 9.461953639984130859e-01 8.765566945075988770e-01 7.970744371414184570e-01 7.075739502906799316e-01 6.108652353286743164e-01 5.086936354637145996e-01 4.023856520652770996e-01 2.941054403781890869e-01 1.859473735094070435e-01 7.878416031599044800e-02 -2.572615258395671844e-02 -1.254193633794784546e-01 -2.205921560525894165e-01 -3.101624548435211182e-01 -3.923849165439605713e-01 -4.671897292137145996e-01 -5.342627167701721191e-01 -5.947034955024719238e-01 -6.499257087707519531e-01 -7.014478445053100586e-01 -7.514514923095703125e-01 -8.014900684356689453e-01 -8.530994653701782227e-01 -9.072396159172058105e-01 -9.637010097503662109e-01 -1.023286581039428711e+00 -1.087305188179016113e+00 -1.154098987579345703e+00 -1.221992254257202148e+00 -1.290670990943908691e+00 -1.359018087387084961e+00 -1.425358057022094727e+00 -1.488661170005798340e+00 -1.549136757850646973e+00 -1.607221364974975586e+00 -1.662111997604370117e+00 -1.714122772216796875e+00 -1.763079285621643066e+00 -1.808876633644104004e+00 -1.852457523345947266e+00 -1.894188404083251953e+00 -1.933580517768859863e+00 -1.970773458480834961e+00 -2.007058858871459961e+00 -2.043920278549194336e+00 -2.082596778869628906e+00 -2.122006177902221680e+00 -2.161729812622070312e+00 -2.202832460403442383e+00 -2.244493484497070312e+00 -2.286398649215698242e+00 -2.330590486526489258e+00 -2.376998901367187500e+00 -2.423965692520141602e+00 -2.471508502960205078e+00 -2.519888877868652344e+00 -2.567990303039550781e+00 -2.615358352661132812e+00 -2.661766767501831055e+00 -2.707180261611938477e+00 -2.750918149948120117e+00 -2.792718887329101562e+00 -2.832128286361694336e+00 -2.869321346282958984e+00 -2.904664278030395508e+00 -2.938942432403564453e+00 -2.973726987838745117e+00 -3.009977340698242188e+00 -3.049037933349609375e+00 -3.089878559112548828e+00 -3.131748914718627930e+00 -3.175626516342163086e+00 -3.221249580383300781e+00 -3.266977071762084961e+00 -3.313053846359252930e+00 -3.358624219894409180e+00 -3.401803731918334961e+00 -3.441789388656616211e+00 -3.476050138473510742e+00 -3.505476236343383789e+00 -3.531970500946044922e+00 -3.554432868957519531e+00 -3.573666334152221680e+00 -3.590980052947998047e+00 -3.606216669082641602e+00 -3.619376420974731445e+00 -3.630407094955444336e+00 -3.639639854431152344e+00 -3.648436307907104492e+00 -3.657075643539428711e+00 -3.665016889572143555e+00 -3.672975540161132812e+00 -3.681265830993652344e+00 -3.688753366470336914e+00 -3.695263385772705078e+00 -3.701703786849975586e+00 -3.707794904708862305e+00 -3.715003013610839844e+00 -3.722682476043701172e+00 -3.728651523590087891e+00 -3.733922481536865234e+00 -3.738582611083984375e+00 -3.741113185882568359e+00 -3.741200447082519531e+00 -3.739018917083740234e+00 -3.733084678649902344e+00 -3.722787380218505859e+00 -3.710377931594848633e+00 -3.697759151458740234e+00 -3.684407472610473633e+00 -3.669502496719360352e+00 -3.652712345123291016e+00 -3.633880138397216797e+00 -3.612953662872314453e+00 -3.589287042617797852e+00 -3.562286853790283203e+00 -3.530783653259277344e+00 -3.494288682937622070e+00 -3.455123662948608398e+00 -3.413933753967285156e+00 -3.369707107543945312e+00 -3.322670459747314453e+00 -3.273853778839111328e+00 -3.223675489425659180e+00 -3.170739650726318359e+00 -3.114470243453979492e+00 -3.055268764495849609e+00 -2.992349624633789062e+00 -2.925712823867797852e+00 -2.854695320129394531e+00 -2.779402017593383789e+00 -2.700146436691284180e+00 -2.616737127304077148e+00 -2.530395746231079102e+00 -2.442221641540527344e+00 -2.352354764938354492e+00 -2.261806964874267578e+00 -2.172550916671752930e+00 -2.084446668624877930e+00 -1.997145295143127441e+00 -1.912043094635009766e+00 -1.829436659812927246e+00 -1.748453378677368164e+00 -1.669093251228332520e+00 -1.592281341552734375e+00 -1.518087387084960938e+00 -1.445603847503662109e+00 -1.374743461608886719e+00 -1.305802941322326660e+00 -1.238921999931335449e+00 -1.174135327339172363e+00 -1.110832214355468750e+00 -1.048768401145935059e+00 -9.887813925743103027e-01 -9.302779436111450195e-01 -8.730136752128601074e-01 -8.171806335449218750e-01 -7.625867128372192383e-01 -7.081673145294189453e-01 -6.535036563873291016e-01 -5.981068611145019531e-01 -5.411567687988281250e-01 -4.823042750358581543e-01 -4.217413663864135742e-01 -3.588920533657073975e-01 -2.929011583328247070e-01 -2.250078469514846802e-01 -1.557008177042007446e-01 -8.583529293537139893e-02 -1.603957638144493103e-02 5.527457594871520996e-02 1.281944364309310913e-01 2.020567655563354492e-01 2.782054841518402100e-01 3.565533161163330078e-01 4.361054301261901855e-01 5.177170038223266602e-01 6.008296012878417969e-01 6.851464509963989258e-01 7.693411111831665039e-01 8.528551459312438965e-01 9.364040493965148926e-01 1.019027948379516602e+00 1.100639581680297852e+00 1.181203961372375488e+00 1.259761214256286621e+00 1.335613250732421875e+00 1.408463239669799805e+00 1.477578282356262207e+00 1.542330026626586914e+00 1.601828217506408691e+00 1.655706644058227539e+00 1.704156875610351562e+00 1.747563242912292480e+00 1.784476995468139648e+00 1.814339518547058105e+00 1.837849140167236328e+00 1.855319857597351074e+00 1.867799043655395508e+00 1.875705361366271973e+00 1.878934144973754883e+00 1.879300713539123535e+00 1.878497838973999023e+00 1.876595497131347656e+00 1.873610973358154297e+00 1.871132612228393555e+00 1.871080160140991211e+00 1.874204397201538086e+00 1.880208253860473633e+00 1.890243887901306152e+00 1.904730200767517090e+00 1.922951459884643555e+00 1.945186853408813477e+00 1.971297025680541992e+00 2.000531196594238281e+00 2.031702756881713867e+00 2.063956499099731445e+00 2.097274780273437500e+00 2.132635354995727539e+00 2.170055150985717773e+00 2.208644390106201172e+00 2.247408151626586914e+00 2.285910129547119141e+00 2.324307203292846680e+00 2.361395597457885742e+00 2.395429372787475586e+00 2.427281856536865234e+00 2.457598209381103516e+00 2.485418558120727539e+00 2.510621309280395508e+00 2.532560110092163086e+00 2.550013303756713867e+00 2.561218261718750000e+00 2.565773725509643555e+00 2.565110445022583008e+00 2.559158802032470703e+00 2.546941518783569336e+00 2.529348611831665039e+00 2.508614063262939453e+00 2.485348939895629883e+00 2.458505630493164062e+00 2.428014755249023438e+00 2.396354436874389648e+00 2.363577127456665039e+00 2.327815532684326172e+00 2.289592742919921875e+00 2.250357627868652344e+00 2.210407018661499023e+00 2.168885707855224609e+00 2.126107692718505859e+00 2.082491874694824219e+00 2.038544654846191406e+00 1.994771718978881836e+00 1.950754523277282715e+00 1.906946778297424316e+00 1.865146040916442871e+00 1.825387477874755859e+00 1.786170005798339844e+00 1.746847629547119141e+00 1.708433032035827637e+00 1.671013116836547852e+00 1.633994698524475098e+00 1.597796559333801270e+00 1.561581015586853027e+00 1.524440407752990723e+00 1.487544059753417969e+00 1.451049327850341797e+00 1.414432287216186523e+00 1.377413868904113770e+00 1.340255737304687500e+00 1.303359508514404297e+00 1.266236424446105957e+00 1.231242537498474121e+00 1.198692083358764648e+00 1.166508197784423828e+00 1.135406494140625000e+00 1.105386853218078613e+00 1.074861049652099609e+00 1.044143199920654297e+00 1.013949036598205566e+00 9.839817285537719727e-01 9.538049697875976562e-01 9.238376617431640625e-01 8.945859670639038086e-01 8.662767410278320312e-01 8.380198478698730469e-01 8.094837069511413574e-01 7.820820212364196777e-01 7.551341652870178223e-01 7.271215915679931641e-01 6.983760595321655273e-01 6.699271798133850098e-01 6.416354179382324219e-01 6.140068173408508301e-01 5.876174569129943848e-01 5.620309114456176758e-01 5.371076464653015137e-01 5.127602815628051758e-01 4.889539778232574463e-01 4.656887352466583252e-01 4.429645538330078125e-01 4.210955798625946045e-01 4.005007147789001465e-01 3.817209601402282715e-01 3.645992875099182129e-01 3.487865924835205078e-01 3.335149586200714111e-01 3.200410306453704834e-01 3.091850876808166504e-01 2.990796267986297607e-01 2.899340987205505371e-01 2.817834019660949707e-01 2.743657529354095459e-01 2.678731381893157959e-01 2.620611786842346191e-01 2.565459311008453369e-01 2.511528730392456055e-01 2.454805523157119751e-01 2.387435883283615112e-01 2.319018989801406860e-01 2.250252962112426758e-01 2.168571650981903076e-01 2.081654220819473267e-01 1.995784044265747070e-01 1.907121241092681885e-01 1.814269721508026123e-01 1.725956052541732788e-01 1.639387756586074829e-01 1.544267386198043823e-01 1.448797732591629028e-01 1.352979242801666260e-01 1.250877529382705688e-01 1.146332249045372009e-01 1.040565297007560730e-01 9.217083454132080078e-02 7.881906628608703613e-02 6.579891592264175415e-02 5.197590589523315430e-02 3.687880560755729675e-02 2.253220044076442719e-02 9.756390936672687531e-03 -2.687806962057948112e-03 -1.534144394099712372e-02 -2.555162087082862854e-02 -3.380702808499336243e-02 -4.284783452749252319e-02 -5.126031860709190369e-02 -5.721189081668853760e-02 -6.277949362993240356e-02 -6.883578747510910034e-02 -7.510151714086532593e-02 -8.016297221183776855e-02 -8.349654823541641235e-02 -8.705702424049377441e-02 -9.009389579296112061e-02 -9.225810319185256958e-02 -9.377653896808624268e-02 -9.471901506185531616e-02 -9.604547172784805298e-02 -9.690067917108535767e-02 -9.724974632263183594e-02 -9.770353138446807861e-02 -9.663888067007064819e-02 -9.335765987634658813e-02 -8.981464058160781860e-02 -8.614945411682128906e-02 -8.182103186845779419e-02 -7.691665738821029663e-02 -7.237880676984786987e-02 -6.832963973283767700e-02 -6.384414434432983398e-02 -5.885250121355056763e-02 -5.335471406579017639e-02 -4.827580600976943970e-02 -4.337143152952194214e-02 -3.820525854825973511e-02 -3.295181691646575928e-02 -2.766346931457519531e-02 -2.235766686499118805e-02 -1.766273193061351776e-02 -1.417207345366477966e-02 -1.181587856262922287e-02 -9.896016679704189301e-03 -9.442231617867946625e-03 -1.019272301346063614e-02 -1.050688233226537704e-02 -1.125737372785806656e-02 -1.315978262573480606e-02 -1.706931926310062408e-02 -2.183406800031661987e-02 -2.691297605633735657e-02 -3.309144079685211182e-02 -4.003785178065299988e-02 -4.694935679435729980e-02 -5.419247224926948547e-02 -6.155776232481002808e-02 -6.803293526172637939e-02 -7.445574551820755005e-02 -8.052948862314224243e-02 -8.679522573947906494e-02 -9.313076734542846680e-02 -9.950122237205505371e-02 -1.058891266584396362e-01 -1.122770309448242188e-01 -1.186649352312088013e-01 -1.244070678949356079e-01 -1.292765438556671143e-01 -1.337794810533523560e-01 -1.384569704532623291e-01 -1.419476270675659180e-01 -1.443038284778594971e-01 -1.449496001005172729e-01 -1.442689150571823120e-01 -1.430471837520599365e-01 -1.400277614593505859e-01 -1.359436959028244019e-01 -1.311440467834472656e-01 -1.247561350464820862e-01 -1.161691173911094666e-01 -1.069886833429336548e-01 -9.756390750408172607e-02 -8.710937947034835815e-02 -7.590436935424804688e-02 -6.440264731645584106e-02 -5.372123420238494873e-02 -4.431391134858131409e-02 -3.639011457562446594e-02 -2.937389165163040161e-02 -2.399827726185321808e-02 -1.991420611739158630e-02 -1.603957638144493103e-02 -1.350884791463613510e-02 -1.312487572431564331e-02 -1.422443334013223648e-02 -1.562069635838270187e-02 -1.776745170354843140e-02 -2.179916203022003174e-02 -2.626720443367958069e-02 -3.063052892684936523e-02 -3.492403775453567505e-02 -3.982841223478317261e-02 -4.623377323150634766e-02 -5.295328795909881592e-02 -6.073745712637901306e-02 -6.927211582660675049e-02 -7.716100662946701050e-02 -8.447393774986267090e-02 -9.187413007020950317e-02 -9.899507462978363037e-02 -1.050513684749603271e-01 -1.097113937139511108e-01 -1.125737354159355164e-01 -1.140398159623146057e-01 -1.136907488107681274e-01 -1.113520041108131409e-01 -1.072330325841903687e-01 -1.020843088626861572e-01 -9.588839113712310791e-02 -8.862782269716262817e-02 -8.126252889633178711e-02 -7.351326942443847656e-02 -6.658431142568588257e-02 -6.124360486865043640e-02 -5.621705576777458191e-02 -5.260422453284263611e-02 -5.112069472670555115e-02 -5.084143951535224915e-02 -5.167919769883155823e-02 -5.454153940081596375e-02 -5.948081985116004944e-02 -6.592108309268951416e-02 -7.485716789960861206e-02 -8.574802428483963013e-02 -9.744173288345336914e-02 -1.110378429293632507e-01 -1.266759932041168213e-01 -1.437802165746688843e-01 -1.627344936132431030e-01 -1.833817511796951294e-01 -2.047445774078369141e-01 -2.266833633184432983e-01 -2.495122700929641724e-01 -2.726902365684509277e-01 -2.960078418254852295e-01 -3.193952441215515137e-01 -3.434284329414367676e-01 -3.689975142478942871e-01 -3.958057761192321777e-01 -4.228234589099884033e-01 -4.511850774288177490e-01 -4.813443422317504883e-01 -5.122541189193725586e-01 -5.434606075286865234e-01 -5.750859975814819336e-01 -6.065891981124877930e-01 -6.374117136001586914e-01 -6.676233410835266113e-01 -6.976081132888793945e-01 -7.287447452545166016e-01 -7.603526711463928223e-01 -7.915416955947875977e-01 -8.234812617301940918e-01 -8.563632369041442871e-01 -8.896466493606567383e-01 -9.233838915824890137e-01 -9.582729935646057129e-01 -9.958325028419494629e-01 -1.036359071731567383e+00 -1.080638051033020020e+00 -1.128966212272644043e+00 -1.181779861450195312e+00 -1.239567756652832031e+00 -1.301928400993347168e+00 -1.368966460227966309e+00 -1.439181089401245117e+00 -1.512275457382202148e+00 -1.588424205780029297e+00 -1.665829539299011230e+00 -1.742466926574707031e+00 -1.818475961685180664e+00 -1.893612384796142578e+00 -1.965554833412170410e+00 -2.035228490829467773e+00 -2.103680133819580078e+00 -2.170683383941650391e+00 -2.235522508621215820e+00 -2.296312332153320312e+00 -2.353576421737670898e+00 -2.407803773880004883e+00 -2.458296298980712891e+00 -2.505681991577148438e+00 -2.550851106643676758e+00 -2.593855857849121094e+00 -2.634714126586914062e+00 -2.673443078994750977e+00 -2.710670948028564453e+00 -2.746659517288208008e+00 -2.781827926635742188e+00 -2.816333055496215820e+00 -2.849633932113647461e+00 -2.881817817687988281e+00 -2.911959648132324219e+00 -2.940652847290039062e+00 -2.968420982360839844e+00 -2.994251966476440430e+00 -3.017377614974975586e+00 -3.036907911300659180e+00 -3.052109718322753906e+00 -3.062389612197875977e+00 -3.067224264144897461e+00 -3.067922353744506836e+00 -3.064414262771606445e+00 -3.056036710739135742e+00 -3.044430255889892578e+00 -3.029280662536621094e+00 -3.010500907897949219e+00 -2.988021135330200195e+00 -2.962451934814453125e+00 -2.934998035430908203e+00 -2.904577016830444336e+00 -2.870717525482177734e+00 -2.834222793579101562e+00 -2.796000003814697266e+00 -2.757079124450683594e+00 -2.717879056930541992e+00 -2.678574323654174805e+00 -2.639217138290405273e+00 -2.599510908126831055e+00 -2.559368371963500977e+00 -2.518405437469482422e+00 -2.476168394088745117e+00 -2.433407783508300781e+00 -2.389809608459472656e+00 -2.345233917236328125e+00 -2.300570726394653320e+00 -2.255558729171752930e+00 -2.210093021392822266e+00 -2.164120912551879883e+00 -2.117642879486083984e+00 -2.070309638977050781e+00 -2.022312879562377930e+00 -1.973740458488464355e+00 -1.924295306205749512e+00 -1.875129342079162598e+00 -1.826085686683654785e+00 -1.777705073356628418e+00 -1.730249643325805664e+00 -1.682829022407531738e+00 -1.636071681976318359e+00 -1.590518593788146973e+00 -1.545157432556152344e+00 -1.498906254768371582e+00 -1.452620029449462891e+00 -1.406316518783569336e+00 -1.360955357551574707e+00 -1.317880630493164062e+00 -1.278872609138488770e+00 -1.245327353477478027e+00 -1.217471837997436523e+00 -1.196964263916015625e+00 -1.184834241867065430e+00 -1.180540680885314941e+00 -1.183193564414978027e+00 -1.191867947578430176e+00 -1.206755518913269043e+00 -1.227332949638366699e+00 -1.251802444458007812e+00 -1.279134392738342285e+00 -1.309503078460693359e+00 -1.343013405799865723e+00 -1.379071950912475586e+00 -1.417730927467346191e+00 -1.457768797874450684e+00 -1.497422695159912109e+00 -1.535662889480590820e+00 -1.570168018341064453e+00 -1.599995732307434082e+00 -1.625076055526733398e+00 -1.644134998321533203e+00 -1.657242536544799805e+00 -1.664171457290649414e+00 -1.664450645446777344e+00 -1.659214735031127930e+00 -1.650435686111450195e+00 -1.638043880462646484e+00 -1.620991945266723633e+00 -1.599227786064147949e+00 -1.572681307792663574e+00 -1.541998386383056641e+00 -1.507091760635375977e+00 -1.467629909515380859e+00 -1.423787236213684082e+00 -1.374708533287048340e+00 -1.319050073623657227e+00 -1.256951212882995605e+00 -1.190000414848327637e+00 -1.118232488632202148e+00 -1.041682362556457520e+00 -9.625490903854370117e-01 -8.829795122146606445e-01 -8.013679385185241699e-01 -7.163704037666320801e-01 -6.300114989280700684e-01 -5.421516299247741699e-01 -4.527209401130676270e-01 -3.629761338233947754e-01 -2.743657529354095459e-01 -1.877974271774291992e-01 -1.033060401678085327e-01 -2.062979154288768768e-02 6.129596382379531860e-02 1.432566195726394653e-01 2.242922633886337280e-01 3.039839863777160645e-01 3.825063705444335938e-01 4.586725234985351562e-01 5.319588780403137207e-01 6.028192639350891113e-01 6.701889634132385254e-01 7.335793375968933105e-01 7.934790253639221191e-01 8.494168519973754883e-01 9.018639922142028809e-01 9.506808519363403320e-01 9.961117506027221680e-01 1.040477991104125977e+00 1.085699558258056641e+00 1.133451700210571289e+00 1.185078501701354980e+00 1.241766810417175293e+00 1.302713751792907715e+00 1.365091800689697266e+00 1.428988337516784668e+00 1.495398044586181641e+00 1.563465952873229980e+00 1.633156895637512207e+00 1.703179597854614258e+00 1.771142721176147461e+00 1.837011337280273438e+00 1.900419235229492188e+00 1.960650563240051270e+00 2.017042160034179688e+00 2.069663763046264648e+00 2.117922067642211914e+00 2.161223649978637695e+00 2.200633287429809570e+00 2.236569643020629883e+00 2.269818067550659180e+00 2.301967144012451172e+00 2.334936380386352539e+00 2.370139598846435547e+00 2.408152818679809570e+00 2.449813842773437500e+00 2.495489120483398438e+00 2.545650005340576172e+00 2.599214076995849609e+00 2.655431270599365234e+00 2.714283704757690430e+00 2.774235725402832031e+00 2.835252523422241211e+00 2.896059751510620117e+00 2.956483125686645508e+00 3.017377614974975586e+00 3.077207565307617188e+00 3.136269330978393555e+00 3.194406270980834961e+00 3.250274181365966797e+00 3.304571390151977539e+00 3.358868598937988281e+00 3.411280870437622070e+00 3.459120273590087891e+00 3.503539085388183594e+00 3.544013261795043945e+00 3.581014156341552734e+00 3.615955591201782227e+00 3.648802757263183594e+00 3.680166244506835938e+00 3.709034204483032227e+00 3.736557960510253906e+00 3.764186382293701172e+00 3.791518449783325195e+00 3.819077014923095703e+00 3.846688270568847656e+00 3.875294208526611328e+00 3.906203985214233398e+00 3.938335418701171875e+00 3.971950531005859375e+00 4.007712364196777344e+00 4.044695854187011719e+00 4.082778930664062500e+00 4.122590065002441406e+00 4.162784576416015625e+00 4.201234340667724609e+00 4.238671779632568359e+00 4.275061607360839844e+00 4.309759140014648438e+00 4.341558933258056641e+00 4.369955539703369141e+00 4.395733833312988281e+00 4.417899608612060547e+00 4.437028408050537109e+00 4.453958034515380859e+00 4.466541767120361328e+00 4.474500656127929688e+00 4.478689193725585938e+00 4.478497505187988281e+00 4.475896835327148438e+00 4.472615718841552734e+00 4.468130111694335938e+00 4.461567878723144531e+00 4.452910900115966797e+00 4.442124843597412109e+00 4.428249359130859375e+00 4.410621643066406250e+00 4.389241218566894531e+00 4.365068435668945312e+00 4.338504314422607422e+00 4.309689044952392578e+00 4.278709411621093750e+00 4.244326591491699219e+00 4.206645011901855469e+00 4.166379928588867188e+00 4.122851848602294922e+00 4.076076984405517578e+00 4.026439666748046875e+00 3.975598335266113281e+00 3.923988819122314453e+00 3.871087789535522461e+00 3.817995071411132812e+00 3.765128850936889648e+00 3.713310241699218750e+00 3.664126873016357422e+00 3.617282152175903320e+00 3.571694135665893555e+00 3.527886390686035156e+00 3.484497547149658203e+00 3.439049005508422852e+00 3.391192197799682617e+00 3.340787172317504883e+00 3.284919023513793945e+00 3.222715616226196289e+00 3.156358242034912109e+00 3.084851980209350586e+00 3.008074998855590820e+00 2.927911996841430664e+00 2.844450235366821289e+00 2.757777214050292969e+00 2.668189525604248047e+00 2.577135801315307617e+00 2.486396074295043945e+00 2.396441698074340820e+00 2.307430028915405273e+00 2.220058917999267578e+00 2.134624958038330078e+00 2.051564693450927734e+00 1.971349358558654785e+00 1.893245935440063477e+00 1.817254304885864258e+00 1.743409395217895508e+00 1.671362161636352539e+00 1.601950407028198242e+00 1.535191655158996582e+00 1.471714019775390625e+00 1.411151051521301270e+00 1.352420687675476074e+00 1.295680046081542969e+00 1.240073919296264648e+00 1.184921503067016602e+00 1.129332780838012695e+00 1.072941184043884277e+00 1.016828775405883789e+00 9.611702561378479004e-01 9.063145518302917480e-01 8.533787131309509277e-01 8.018391728401184082e-01 7.518180012702941895e-01 7.052526473999023438e-01 6.613750457763671875e-01 6.192079186439514160e-01 5.793097019195556641e-01 5.412964224815368652e-01 5.037194490432739258e-01 4.666486680507659912e-01 4.301014840602874756e-01 3.931353986263275146e-01 3.562915027141571045e-01 3.201631903648376465e-01 2.842966914176940918e-01 2.491806596517562866e-01 2.153212726116180420e-01 1.822821795940399170e-01 1.502204835414886475e-01 1.188569217920303345e-01 8.777260780334472656e-02 5.808455869555473328e-02 2.958333119750022888e-02 1.256637042388319969e-03 -2.698278985917568207e-02 -5.490805953741073608e-02 -8.173377066850662231e-02 -1.071806699037551880e-01 -1.311091333627700806e-01 -1.544092744588851929e-01 -1.771683692932128906e-01 -1.980948746204376221e-01 -2.173458486795425415e-01 -2.352878302335739136e-01 -2.511179745197296143e-01 -2.648188173770904541e-01 -2.767044901847839355e-01 -2.862863540649414062e-01 -2.939658164978027344e-01 -2.996206581592559814e-01 -3.034952878952026367e-01 -3.063401877880096436e-01 -3.071779608726501465e-01 -3.065670728683471680e-01 -3.050661087036132812e-01 -3.019244968891143799e-01 -2.971772253513336182e-01 -2.911383807659149170e-01 -2.842617630958557129e-01 -2.760936319828033447e-01 -2.674019038677215576e-01 -2.588148713111877441e-01 -2.499660551548004150e-01 -2.419375330209732056e-01 -2.355147302150726318e-01 -2.300518453121185303e-01 -2.243620753288269043e-01 -2.192133516073226929e-01 -2.152165472507476807e-01 -2.120051383972167969e-01 -2.084970325231552124e-01 -2.045351415872573853e-01 -2.000845521688461304e-01 -1.951278150081634521e-01 -1.905725002288818359e-01 -1.855634003877639771e-01 -1.800481677055358887e-01 -1.743409335613250732e-01 -1.688605993986129761e-01 -1.644100099802017212e-01 -1.603957563638687134e-01 -1.568701863288879395e-01 -1.554390192031860352e-01 -1.557880938053131104e-01 -1.572018116712570190e-01 -1.599943339824676514e-01 -1.642878353595733643e-01 -1.694889217615127563e-01 -1.747772693634033203e-01 -1.797689050436019897e-01 -1.840100586414337158e-01 -1.866804212331771851e-01 -1.887224465608596802e-01 -1.914451718330383301e-01 -1.934871971607208252e-01 -1.943249553442001343e-01 -1.937315464019775391e-01 -1.928414255380630493e-01 -1.928065270185470581e-01 -1.927890628576278687e-01 -1.924574524164199829e-01 -1.917069703340530396e-01 -1.894903928041458130e-01 -1.848129183053970337e-01 -1.781632155179977417e-01 -1.700997948646545410e-01 -1.601863205432891846e-01 -1.488940417766571045e-01 -1.373574137687683105e-01 -1.263443827629089355e-01 -1.149124801158905029e-01 -1.033234894275665283e-01 -9.260717034339904785e-02 -8.255407214164733887e-02 -7.311183959245681763e-02 -6.389650702476501465e-02 -5.508258938789367676e-02 -4.771730303764343262e-02 -4.220206290483474731e-02 -3.773401677608489990e-02 -3.434807807207107544e-02 -3.232349827885627747e-02 -3.277728334069252014e-02 -3.516838327050209045e-02 -3.834488242864608765e-02 -4.216715320944786072e-02 -4.656538367271423340e-02 -5.150466784834861755e-02 -5.731661245226860046e-02 -6.314601004123687744e-02 -6.709045916795730591e-02 -6.934192776679992676e-02 -7.087782025337219238e-02 -7.150614261627197266e-02 -7.049384713172912598e-02 -6.819001585245132446e-02 -6.599090248346328735e-02 -6.352998316287994385e-02 -6.030112504959106445e-02 -5.710717290639877319e-02 -5.358160659670829773e-02 -4.932300373911857605e-02 -4.504694789648056030e-02 -4.174827411770820618e-02 -3.975860029458999634e-02 -3.864159062504768372e-02 -3.787364438176155090e-02 -3.691371530294418335e-02 -3.590142354369163513e-02 -3.516838327050209045e-02 -3.424336016178131104e-02 -3.323106840252876282e-02 -3.220132365822792053e-02 -3.082251362502574921e-02 -2.900737151503562927e-02 -2.700024284422397614e-02 -2.398082427680492401e-02 -1.958259381353855133e-02 -1.558579038828611374e-02 -1.176351867616176605e-02 -7.661995477974414825e-03 -4.118977114558219910e-03 -7.679448463022708893e-04 2.775073517113924026e-03 6.126105785369873047e-03 9.075712412595748901e-03 1.247910410165786743e-02 1.544616371393203735e-02 1.727875880897045135e-02 1.960004679858684540e-02 2.244493365287780762e-02 2.359685115516185760e-02 2.375393174588680267e-02 2.413790300488471985e-02 2.460914291441440582e-02 2.511528693139553070e-02 2.532472647726535797e-02 2.539454028010368347e-02 2.480112947523593903e-02 2.455678209662437439e-02 2.572615258395671844e-02 2.713987044990062714e-02 2.836159989237785339e-02 2.885029278695583344e-02 2.935643866658210754e-02 3.021164983510971069e-02 3.022910282015800476e-02 2.961823716759681702e-02 2.935643866658210754e-02 2.956587821245193481e-02 2.965314313769340515e-02 2.937389165163040161e-02 2.989749051630496979e-02 3.167772665619850159e-02 3.462733328342437744e-02 3.928736224770545959e-02 4.434881731867790222e-02 4.956734925508499146e-02 5.452408641576766968e-02 5.939355492591857910e-02 6.421066075563430786e-02 6.901031732559204102e-02 7.506661117076873779e-02 8.162904530763626099e-02 8.841837942600250244e-02 9.559167921543121338e-02 1.010371074080467224e-01 1.045103147625923157e-01 1.078264415264129639e-01 1.101302728056907654e-01 1.110552996397018433e-01 1.114392727613449097e-01 1.103222593665122986e-01 1.064127236604690552e-01 1.010196581482887268e-01 9.440486133098602295e-02 8.508480340242385864e-02 7.372270524501800537e-02 6.246533244848251343e-02 5.126031860709190369e-02 3.848451003432273865e-02 2.570869959890842438e-02 1.387536711990833282e-02 3.071779385209083557e-03 -6.352998316287994385e-03 -1.494001876562833786e-02 -2.253220044076442719e-02 -2.911209128797054291e-02 -3.429571911692619324e-02 -3.830997645854949951e-02 -4.120722413063049316e-02 -4.206243529915809631e-02 -4.115486517548561096e-02 -3.984586521983146667e-02 -3.836233541369438171e-02 -3.618067502975463867e-02 -3.275983035564422607e-02 -2.853613346815109253e-02 -2.302089333534240723e-02 -1.666789501905441284e-02 -1.061160210520029068e-02 -3.420845372602343559e-03 5.183627828955650330e-03 1.436406001448631287e-02 2.378883771598339081e-02 3.330088034272193909e-02 4.317944496870040894e-02 5.255186185240745544e-02 6.110397726297378540e-02 6.838200241327285767e-02 7.417649030685424805e-02 7.969173043966293335e-02 8.351400494575500488e-02 8.443903177976608276e-02 8.356636762619018555e-02 8.129743486642837524e-02 7.723081856966018677e-02 7.209955155849456787e-02 6.653194874525070190e-02 6.049311161041259766e-02 5.393067374825477600e-02 4.682718217372894287e-02 3.921754658222198486e-02 3.169517964124679565e-02 2.483603544533252716e-02 1.858775690197944641e-02 1.382300723344087601e-02 9.983283467590808868e-03 6.230825558304786682e-03 3.106686053797602654e-03 -3.490658491500653327e-05 -3.525565145537257195e-03 -6.527531426399946213e-03 -9.965829551219940186e-03 -1.356120780110359192e-02 -1.630137488245964050e-02 -1.804670505225658417e-02 -1.843067631125450134e-02 -1.764527894556522369e-02 -1.605702936649322510e-02 -1.321214251220226288e-02 -9.529497474431991577e-03 -6.126105785369873047e-03 -2.216568216681480408e-03 2.199114765971899033e-03 7.155850064009428024e-03 1.359611470252275467e-02 2.031563222408294678e-02 2.715732343494892120e-02 3.530801087617874146e-02 4.429645463824272156e-02 5.333726108074188232e-02 6.237806752324104309e-02 7.204718887805938721e-02 8.166395872831344604e-02 9.094911068677902222e-02 1.000946313142776489e-01 1.091877967119216919e-01 1.173035800457000732e-01 1.234471350908279419e-01 1.287878453731536865e-01 1.328544616699218750e-01 1.361007690429687500e-01 1.389805674552917480e-01 1.401673853397369385e-01 1.403244733810424805e-01 1.397659629583358765e-01 1.382649838924407959e-01 1.360833197832107544e-01 1.336224079132080078e-01 1.304109990596771240e-01 1.262571215629577637e-01 1.214051023125648499e-01 1.153313592076301575e-01 1.090830788016319275e-01 1.030616909265518188e-01 9.712757170200347900e-02 9.155996888875961304e-02 8.614945411682128906e-02 8.108799904584884644e-02 7.620107382535934448e-02 7.199483364820480347e-02 6.871361285448074341e-02 6.546729803085327148e-02 6.227334588766098022e-02 6.065019220113754272e-02 6.030112504959106445e-02 5.984733998775482178e-02 5.996951460838317871e-02 6.065019220113754272e-02 6.124360486865043640e-02 6.180210784077644348e-02 6.234316155314445496e-02 6.225589290261268616e-02 6.094689667224884033e-02 5.789257213473320007e-02 5.349434167146682739e-02 4.855506122112274170e-02 4.307472705841064453e-02 3.705333918333053589e-02 3.111921995878219604e-02 2.586578018963336945e-02 2.057743258774280548e-02 1.527163106948137283e-02 1.026253588497638702e-02 4.747295752167701721e-03 -1.256637042388319969e-03 -8.133234456181526184e-03 -1.661553420126438141e-02 -2.668608352541923523e-02 -3.836233541369438171e-02 -5.070181563496589661e-02 -6.265731900930404663e-02 -7.510151714086532593e-02 -8.838347345590591431e-02 -1.029395163059234619e-01 -1.199041157960891724e-01 -1.397485136985778809e-01 -1.629962921142578125e-01 -1.891762316226959229e-01 -2.175029367208480835e-01 -2.479763776063919067e-01 -2.812074422836303711e-01 -3.174753785133361816e-01 -3.568500280380249023e-01 -3.987553715705871582e-01 -4.432787299156188965e-01 -4.913974404335021973e-01 -5.419072508811950684e-01 -5.933945178985595703e-01 -6.449864506721496582e-01 -6.956358551979064941e-01 -7.453079223632812500e-01 -7.939327955245971680e-01 -8.402364253997802734e-01 -8.837125301361083984e-01 -9.247627258300781250e-01 -9.635613560676574707e-01 -1.000824093818664551e+00 -1.036184549331665039e+00 -1.070148587226867676e+00 -1.103868365287780762e+00 -1.137465953826904297e+00 -1.171046137809753418e+00 -1.205219626426696777e+00 -1.242168307304382324e+00 -1.282782077789306641e+00 -1.326450228691101074e+00 -1.373591542243957520e+00 -1.424974083900451660e+00 -1.480283498764038086e+00 -1.538158655166625977e+00 -1.599280118942260742e+00 -1.663612961769104004e+00 -1.729254722595214844e+00 -1.795751810073852539e+00 -1.862580418586730957e+00 -1.929880380630493164e+00 -1.997040629386901855e+00 -2.063520193099975586e+00 -2.129074811935424805e+00 -2.194594383239746094e+00 -2.260725021362304688e+00 -2.325825691223144531e+00 -2.389565229415893555e+00 -2.452763557434082031e+00 -2.515734910964965820e+00 -2.577991008758544922e+00 -2.639304399490356445e+00 -2.699937105178833008e+00 -2.760901451110839844e+00 -2.822982788085937500e+00 -2.886425495147705078e+00 -2.950775861740112305e+00 -3.015143632888793945e+00 -3.080820322036743164e+00 -3.147631406784057617e+00 -3.214913845062255859e+00 -3.282388448715209961e+00 -3.349618434906005859e+00 -3.415504693984985352e+00 -3.478615760803222656e+00 -3.539335727691650391e+00 -3.598781585693359375e+00 -3.655801534652709961e+00 -3.710255861282348633e+00 -3.763994455337524414e+00 -3.816476583480834961e+00 -3.867824077606201172e+00 -3.918403863906860352e+00 -3.967709302902221680e+00 -4.015566349029541016e+00 -4.061555862426757812e+00 -4.105206489562988281e+00 -4.146029472351074219e+00 -4.185037612915039062e+00 -4.223016262054443359e+00 -4.260261535644531250e+00 -4.297838211059570312e+00 -4.335537433624267578e+00 -4.372974872589111328e+00 -4.409993171691894531e+00 -4.447168827056884766e+00 -4.483436584472656250e+00 -4.516510486602783203e+00 -4.546390533447265625e+00 -4.573705196380615234e+00 -4.598698139190673828e+00 -4.621195316314697266e+00 -4.640760421752929688e+00 -4.656625747680664062e+00 -4.669069766998291016e+00 -4.677918910980224609e+00 -4.682788372039794922e+00 -4.683835506439208984e+00 -4.680780887603759766e+00 -4.673851966857910156e+00 -4.662193298339843750e+00 -4.644827365875244141e+00 -4.621981143951416016e+00 -4.593724250793457031e+00 -4.559829711914062500e+00 -4.521397590637207031e+00 -4.479876041412353516e+00 -4.435195922851562500e+00 -4.388298988342285156e+00 -4.341104984283447266e+00 -4.293806552886962891e+00 -4.247416019439697266e+00 -4.202962398529052734e+00 -4.159922599792480469e+00 -4.119675159454345703e+00 -4.082150459289550781e+00 -4.045725345611572266e+00 -4.010382652282714844e+00 -3.975493431091308594e+00 -3.940447330474853516e+00 -3.905662775039672852e+00 -3.870040655136108398e+00 -3.832184553146362305e+00 -3.793420791625976562e+00 -3.752388000488281250e+00 -3.707916975021362305e+00 -3.660758256912231445e+00 -3.610004186630249023e+00 -3.555584669113159180e+00 -3.497116327285766602e+00 -3.434511184692382812e+00 -3.367665052413940430e+00 -3.296909570693969727e+00 -3.222331523895263672e+00 -3.143687009811401367e+00 -3.061481952667236328e+00 -2.975943326950073242e+00 -2.886826992034912109e+00 -2.794376850128173828e+00 -2.699605464935302734e+00 -2.602634906768798828e+00 -2.502557754516601562e+00 -2.399338960647583008e+00 -2.294497013092041016e+00 -2.187752723693847656e+00 -2.078966379165649414e+00 -1.969028115272521973e+00 -1.857676148414611816e+00 -1.745433926582336426e+00 -1.632825374603271484e+00 -1.519762873649597168e+00 -1.405548572540283203e+00 -1.289623737335205078e+00 -1.172372579574584961e+00 -1.053934574127197266e+00 -9.328086972236633301e-01 -8.096407651901245117e-01 -6.856526136398315430e-01 -5.588020682334899902e-01 -4.285655915737152100e-01 -2.969503104686737061e-01 -1.651081442832946777e-01 -3.316125646233558655e-02 9.817477315664291382e-02 2.273989468812942505e-01 3.529230356216430664e-01 4.747121036052703857e-01 5.930978059768676758e-01 7.072597742080688477e-01 8.162207007408142090e-01 9.192823767662048340e-01 1.016165614128112793e+00 1.107044935226440430e+00 1.192007541656494141e+00 1.272048354148864746e+00 1.349139451980590820e+00 1.423438191413879395e+00 1.494717478752136230e+00 1.564460754394531250e+00 1.634814977645874023e+00 1.706076741218566895e+00 1.778630137443542480e+00 1.853626966476440430e+00 1.929915308952331543e+00 2.005156517028808594e+00 2.078722000122070312e+00 2.150961160659790039e+00 2.221385240554809570e+00 2.289522886276245117e+00 2.355443954467773438e+00 2.420160770416259766e+00 2.484371423721313477e+00 2.547447681427001953e+00 2.609092712402343750e+00 2.669236660003662109e+00 2.728106737136840820e+00 2.786802053451538086e+00 2.845410346984863281e+00 2.904943466186523438e+00 2.966728210449218750e+00 3.031340122222900391e+00 3.097400903701782227e+00 3.164386749267578125e+00 3.233309745788574219e+00 3.304292201995849609e+00 3.377386569976806641e+00 3.453221082687377930e+00 3.532057762145996094e+00 3.613704204559326172e+00 3.698073387145996094e+00 3.784502029418945312e+00 3.871454477310180664e+00 3.957342147827148438e+00 4.041222572326660156e+00 4.122729301452636719e+00 4.202613353729248047e+00 4.281833648681640625e+00 4.360495567321777344e+00 4.439855575561523438e+00 4.520454883575439453e+00 4.601874828338623047e+00 4.684882640838623047e+00 4.769164562225341797e+00 4.851770877838134766e+00 4.928320884704589844e+00 4.994521617889404297e+00 5.047666549682617188e+00 5.087931632995605469e+00 5.116938591003417969e+00 5.138214588165283203e+00 5.155720233917236328e+00 5.171358108520507812e+00 5.186874389648437500e+00 5.204240322113037109e+00 5.225201606750488281e+00 5.250142574310302734e+00 5.278923034667968750e+00 5.310513496398925781e+00 5.342330455780029297e+00 5.372629642486572266e+00 5.399158477783203125e+00 5.421655654907226562e+00 5.441221237182617188e+00 5.457068443298339844e+00 5.468570232391357422e+00 5.477052688598632812e+00 5.484592437744140625e+00 5.491451740264892578e+00 5.499305725097656250e+00 5.510702610015869141e+00 5.527021408081054688e+00 5.548820495605468750e+00 5.575995445251464844e+00 5.608842372894287109e+00 5.644621849060058594e+00 5.681901931762695312e+00 5.721695423126220703e+00 5.764106750488281250e+00 5.807879924774169922e+00 5.850936889648437500e+00 5.892772674560546875e+00 5.933473587036132812e+00 5.973721027374267578e+00 6.012833595275878906e+00 6.050847053527832031e+00 6.087778091430664062e+00 6.123959064483642578e+00 6.161099433898925781e+00 6.199898242950439453e+00 6.239359855651855469e+00 6.278141498565673828e+00 6.316346645355224609e+00 6.353364944458007812e+00 6.389248847961425781e+00 6.422811508178710938e+00 6.452883720397949219e+00 6.478365421295166016e+00 6.498541355133056641e+00 6.514319419860839844e+00 6.526117801666259766e+00 6.535333156585693359e+00 6.541284561157226562e+00 6.543396472930908203e+00 6.543309211730957031e+00 6.541075229644775391e+00 6.534477710723876953e+00 6.522312641143798828e+00 6.504423141479492188e+00 6.479150772094726562e+00 6.446146488189697266e+00 6.406510353088378906e+00 6.361340999603271484e+00 6.311372280120849609e+00 6.256639003753662109e+00 6.197751522064208984e+00 6.133994579315185547e+00 6.064809799194335938e+00 5.989306926727294922e+00 5.905845165252685547e+00 5.814127922058105469e+00 5.713649272918701172e+00 5.604269504547119141e+00 5.486826419830322266e+00 5.363274574279785156e+00 5.235010147094726562e+00 5.103883743286132812e+00 4.972233772277832031e+00 4.841316223144531250e+00 4.712266921997070312e+00 4.585573196411132812e+00 4.460136413574218750e+00 4.335223197937011719e+00 4.209873676300048828e+00 4.083738803863525391e+00 3.956940650939941406e+00 3.829583883285522461e+00 3.703257083892822266e+00 3.578605651855468750e+00 3.455891609191894531e+00 3.334922790527343750e+00 3.213395595550537109e+00 3.088185548782348633e+00 2.956099033355712891e+00 2.816786766052246094e+00 2.672640085220336914e+00 2.524339437484741211e+00 2.371483564376831055e+00 2.216777563095092773e+00 2.062891960144042969e+00 1.909669399261474609e+00 1.757354617118835449e+00 1.605388760566711426e+00 1.452934265136718750e+00 1.299345254898071289e+00 1.142771720886230469e+00 9.846624135971069336e-01 8.259246945381164551e-01 6.653544306755065918e-01 5.030911564826965332e-01 3.385589718818664551e-01 1.715309619903564453e-01 9.599310578778386116e-04 -1.745154708623886108e-01 -3.526437878608703613e-01 -5.305626392364501953e-01 -7.071550488471984863e-01 -8.831889629364013672e-01 -1.059327602386474609e+00 -1.233616113662719727e+00 -1.403663635253906250e+00 -1.566624999046325684e+00 -1.719760179519653320e+00 -1.862266302108764648e+00 -1.992869257926940918e+00 -2.110120534896850586e+00 -2.214334011077880859e+00 -2.306313037872314453e+00 -2.389198541641235352e+00 -2.465242624282836914e+00 -2.534078359603881836e+00 -2.597119808197021484e+00 -2.658450603485107422e+00 -2.720671653747558594e+00 -2.784498214721679688e+00 -2.851833105087280273e+00 -2.923426389694213867e+00 -3.000866651535034180e+00 -3.084468126296997070e+00 -3.172467470169067383e+00 -3.264167070388793945e+00 -3.358938455581665039e+00 -3.456223249435424805e+00 -3.554851770401000977e+00 -3.652118921279907227e+00 -3.746331691741943359e+00 -3.836757183074951172e+00 -3.922173738479614258e+00 -4.002074718475341797e+00 -4.075640678405761719e+00 -4.141875743865966797e+00 -4.201984882354736328e+00 -4.256107330322265625e+00 -4.303719997406005859e+00 -4.344874858856201172e+00 -4.378036022186279297e+00 -4.402907371520996094e+00 -4.420290470123291016e+00 -4.429244041442871094e+00 -4.429750442504882812e+00 -4.422367572784423828e+00 -4.407061100006103516e+00 -4.384720802307128906e+00 -4.357022285461425781e+00 -4.325536727905273438e+00 -4.292201042175292969e+00 -4.259074687957763672e+00 -4.227902889251708984e+00 -4.199436664581298828e+00 -4.173640727996826172e+00 -4.150829315185546875e+00 -4.130810260772705078e+00 -4.112885951995849609e+00 -4.094856739044189453e+00 -4.075204372406005859e+00 -4.054260253906250000e+00 -4.032164573669433594e+00 -4.008654594421386719e+00 -3.983295202255249023e+00 -3.956888198852539062e+00 -3.930027723312377930e+00 -3.902381658554077148e+00 -3.874386548995971680e+00 -3.846269369125366211e+00 -3.818413972854614258e+00 -3.790645599365234375e+00 -3.766420602798461914e+00 -3.742335081100463867e+00 -3.713292598724365234e+00 -3.678421020507812500e+00 -3.646237134933471680e+00 -3.613564491271972656e+00 -3.580071687698364258e+00 -3.546858072280883789e+00 -3.509351015090942383e+00 -3.479889869689941406e+00 -3.454006671905517578e+00 -3.420740604400634766e+00 -3.389848232269287109e+00 -3.363999843597412109e+00 -3.340228557586669922e+00 -3.315409898757934570e+00 -3.290155172348022461e+00 -3.266610622406005859e+00 -3.237149477005004883e+00 -3.201789140701293945e+00 -3.160564422607421875e+00 -3.114121198654174805e+00 -3.062075376510620117e+00 -3.004270076751708984e+00 -2.941281318664550781e+00 -2.866092443466186523e+00 -2.795720815658569336e+00 -2.735821008682250977e+00 -2.657787322998046875e+00 -2.582144737243652344e+00 -2.517899274826049805e+00 -2.445974111557006836e+00 -2.357049703598022461e+00 -2.272226810455322266e+00 -2.199830532073974609e+00 -2.117974519729614258e+00 -2.030044794082641602e+00 -1.937437653541564941e+00 -1.840083122253417969e+00 -1.739220619201660156e+00 -1.637241005897521973e+00 -1.535453438758850098e+00 -1.434992194175720215e+00 -1.336642980575561523e+00 -1.240754604339599609e+00 -1.148060083389282227e+00 -1.058559656143188477e+00 -9.731956124305725098e-01 -8.936434984207153320e-01 -8.199033141136169434e-01 -7.523241639137268066e-01 -6.916739940643310547e-01 -6.395235657691955566e-01 -5.971469283103942871e-01 -5.631828308105468750e-01 -5.367236733436584473e-01 -5.149070620536804199e-01 -4.952895343303680420e-01 -4.778362512588500977e-01 -4.612730741500854492e-01 -4.460014402866363525e-01 -4.328416585922241211e-01 -4.217937290668487549e-01 -4.135208725929260254e-01 -4.079357981681823730e-01 -4.047243893146514893e-01 -4.046720266342163086e-01 -4.084419608116149902e-01 -4.172384142875671387e-01 -4.318642616271972656e-01 -4.513944983482360840e-01 -4.751135408878326416e-01 -5.027769804000854492e-01 -5.329712033271789551e-01 -5.717698335647583008e-01 -6.106034517288208008e-01 -6.437821388244628906e-01 -6.799977421760559082e-01 -7.162132859230041504e-01 -7.486240863800048828e-01 -7.741407752037048340e-01 -7.927285432815551758e-01 -8.053297996520996094e-01 -8.123635053634643555e-01 -8.139691948890686035e-01 -8.111417889595031738e-01 -8.052600026130676270e-01 -7.965508103370666504e-01 -7.854330539703369141e-01 -7.723780274391174316e-01 -7.582408189773559570e-01 -7.426899671554565430e-01 -7.250097393989562988e-01 -7.054969668388366699e-01 -6.839770674705505371e-01 -6.610085368156433105e-01 -6.377782225608825684e-01 -6.160139441490173340e-01 -5.970422029495239258e-01 -5.804964900016784668e-01 -5.668131113052368164e-01 -5.580864548683166504e-01 -5.545260310173034668e-01 -5.565680265426635742e-01 -5.652772188186645508e-01 -5.801823735237121582e-01 -6.007772088050842285e-01 -6.258925199508666992e-01 -6.547253727912902832e-01 -6.869790554046630859e-01 -7.219030857086181641e-01 -7.585200667381286621e-01 -7.952069044113159180e-01 -8.303403854370117188e-01 -8.616865277290344238e-01 -8.873777389526367188e-01 -9.095259904861450195e-01 -9.295797944068908691e-01 -9.469109177589416504e-01 -9.631075859069824219e-01 -9.788504838943481445e-01 -9.934763312339782715e-01 -1.006374239921569824e+00 -1.016026020050048828e+00 -1.021855354309082031e+00 -1.024543166160583496e+00 -1.025642752647399902e+00 -1.025136590003967285e+00 -1.023042201995849609e+00 -1.019673705101013184e+00 -1.014821648597717285e+00 -1.008747935295104980e+00 -1.002482175827026367e+00 -9.964608550071716309e-01 -9.902300238609313965e-01 -9.835802912712097168e-01 -9.755168557167053223e-01 -9.668600559234619141e-01 -9.579763412475585938e-01 -9.489878416061401367e-01 -9.402786493301391602e-01 -9.316916465759277344e-01 -9.231395721435546875e-01 -9.130340814590454102e-01 -9.013403654098510742e-01 -8.883726000785827637e-01 -8.745670318603515625e-01 -8.617039322853088379e-01 -8.485616445541381836e-01 -8.334296345710754395e-01 -8.171806335449218750e-01 -7.998320460319519043e-01 -7.807730436325073242e-01 -7.597592473030090332e-01 -7.370001673698425293e-01 -7.128971815109252930e-01 -6.885672807693481445e-01 -6.654067635536193848e-01 -6.433632373809814453e-01 -6.230127215385437012e-01 -6.052627563476562500e-01 -5.895198583602905273e-01 -5.755397677421569824e-01 -5.625894069671630859e-01 -5.500579476356506348e-01 -5.379977226257324219e-01 -5.258502364158630371e-01 -5.142612457275390625e-01 -5.029166340827941895e-01 -4.910483956336975098e-01 -4.795815646648406982e-01 -4.689176082611083984e-01 -4.579569399356842041e-01 -4.471707940101623535e-01 -4.367860853672027588e-01 -4.259301424026489258e-01 -4.155105352401733398e-01 -4.046545922756195068e-01 -3.935891985893249512e-01 -3.834139406681060791e-01 -3.732735514640808105e-01 -3.634648025035858154e-01 -3.541098535060882568e-01 -3.452435731887817383e-01 -3.375292122364044189e-01 -3.299719393253326416e-01 -3.224844932556152344e-01 -3.153286278247833252e-01 -3.079982399940490723e-01 -3.005980551242828369e-01 -2.937912642955780029e-01 -2.878746092319488525e-01 -2.823069989681243896e-01 -2.765648663043975830e-01 -2.701246142387390137e-01 -2.621310055255889893e-01 -2.525666058063507080e-01 -2.410997748374938965e-01 -2.279225438833236694e-01 -2.133839577436447144e-01 -1.973792910575866699e-01 -1.794896572828292847e-01 -1.602212190628051758e-01 -1.400626748800277710e-01 -1.192408949136734009e-01 -9.908234328031539917e-02 -7.983136177062988281e-02 -6.251769512891769409e-02 -4.790928959846496582e-02 -3.721041977405548096e-02 -3.192207217216491699e-02 -3.071779385209083557e-02 -3.242821618914604187e-02 -3.722787275910377502e-02 -4.328416660428047180e-02 -4.858996719121932983e-02 -5.391322076320648193e-02 -5.892231687903404236e-02 -6.190682947635650635e-02 -6.344271451234817505e-02 -6.499606370925903320e-02 -6.532767415046691895e-02 -6.325073540210723877e-02 -5.988224595785140991e-02 -5.565854907035827637e-02 -5.110324174165725708e-02 -4.672246426343917847e-02 -4.274311289191246033e-02 -3.953170776367187500e-02 -3.759439289569854736e-02 -3.618067502975463867e-02 -3.434807807207107544e-02 -3.328342735767364502e-02 -3.253293782472610474e-02 -3.159045800566673279e-02 -3.057816810905933380e-02 -2.921681106090545654e-02 -2.740166895091533661e-02 -2.413790300488471985e-02 -1.965240761637687683e-02 -1.436406001448631287e-02 -7.470009382814168930e-03 6.806784076616168022e-04 1.001818943768739700e-02 2.106612361967563629e-02 3.377212211489677429e-02 4.682718217372894287e-02 5.941100791096687317e-02 7.147122919559478760e-02 8.269369602203369141e-02 9.327039122581481934e-02 1.019795909523963928e-01 1.090132668614387512e-01 1.143888756632804871e-01 1.175304725766181946e-01 1.194328814744949341e-01 1.211607530713081360e-01 1.221730485558509827e-01 1.219636052846908569e-01 1.212480217218399048e-01 1.206371560692787170e-01 1.194328814744949341e-01 1.161167547106742859e-01 1.106538772583007812e-01 1.027475297451019287e-01 9.321803599596023560e-02 8.365362882614135742e-02 7.314674556255340576e-02 6.222098693251609802e-02 5.146975815296173096e-02 4.016002640128135681e-02 2.923426404595375061e-02 1.942551508545875549e-02 1.101302728056907654e-02 3.473205259069800377e-03 -4.293509759008884430e-03 -1.190314535051584244e-02 -1.846558414399623871e-02 -2.427753061056137085e-02 -3.012438304722309113e-02 -3.440044075250625610e-02 -3.677408769726753235e-02 -3.900810703635215759e-02 -3.991568088531494141e-02 -3.869394958019256592e-02 -3.598868846893310547e-02 -3.078760765492916107e-02 -2.267182618379592896e-02 -1.338667515665292740e-02 -3.909537568688392639e-03 6.230825558304786682e-03 1.731366664171218872e-02 2.815216034650802612e-02 3.886848315596580505e-02 4.890412464737892151e-02 5.773549154400825500e-02 6.574655324220657349e-02 7.215191423892974854e-02 7.602654397487640381e-02 7.824310660362243652e-02 7.946483790874481201e-02 7.901105284690856934e-02 7.660250365734100342e-02 7.311183959245681763e-02 6.948155909776687622e-02 6.546729803085327148e-02 6.068509817123413086e-02 5.525712296366691589e-02 4.864232614636421204e-02 4.026474431157112122e-02 3.085742145776748657e-02 2.103121764957904816e-02 1.134464051574468613e-02 1.413716701790690422e-03 -8.621926419436931610e-03 -1.774999871850013733e-02 -2.494075521826744080e-02 -3.008947707712650299e-02 -3.344050794839859009e-02 -3.511602431535720825e-02 -3.611086308956146240e-02 -3.652974218130111694e-02 -3.543018549680709839e-02 -3.340560197830200195e-02 -3.227113932371139526e-02 -3.242821618914604187e-02 -3.281218931078910828e-02 -3.391174599528312683e-02 -3.689625859260559082e-02 -4.125958308577537537e-02 -4.619886353611946106e-02 -5.199335888028144836e-02 -5.782275646924972534e-02 -6.304129213094711304e-02 -6.799802929162979126e-02 -7.318165898323059082e-02 -7.780677825212478638e-02 -8.063421398401260376e-02 -8.274605870246887207e-02 -8.422958850860595703e-02 -8.293804526329040527e-02 -7.894124090671539307e-02 -7.384487986564636230e-02 -6.798057258129119873e-02 -6.180210784077644348e-02 -5.550146847963333130e-02 -4.946263134479522705e-02 -4.448844119906425476e-02 -4.056145250797271729e-02 -3.738495334982872009e-02 -3.452261164784431458e-02 -3.176499158143997192e-02 -3.033382259309291840e-02 -3.038618154823780060e-02 -3.103195317089557648e-02 -3.192207217216491699e-02 -3.197443112730979919e-02 -3.104940801858901978e-02 -2.972295694053173065e-02 -2.792526781558990479e-02 -2.562143281102180481e-02 -2.214822731912136078e-02 -1.757546514272689819e-02 -1.319468952715396881e-02 -9.197885170578956604e-03 -5.044001620262861252e-03 -1.151917269453406334e-03 2.617993857711553574e-03 6.073745898902416229e-03 8.726646192371845245e-03 1.075122784823179245e-02 1.190314535051584244e-02 1.331686228513717651e-02 1.546361669898033142e-02 1.696459949016571045e-02 1.790707744657993317e-02 1.891936920583248138e-02 1.994911395013332367e-02 2.164208330214023590e-02 2.485348843038082123e-02 2.900737151503562927e-02 3.227113932371139526e-02 3.548254445195198059e-02 3.996803984045982361e-02 4.462806880474090576e-02 4.935790970921516418e-02 5.380849912762641907e-02 5.719443783164024353e-02 6.016149744391441345e-02 6.325073540210723877e-02 6.515314429998397827e-02 6.560692936182022095e-02 6.546729803085327148e-02 6.447245925664901733e-02 6.122614815831184387e-02 5.579817667603492737e-02 4.949753731489181519e-02 4.249876737594604492e-02 3.492403775453567505e-02 2.710496261715888977e-02 1.886700838804244995e-02 1.015781611204147339e-02 2.495820866897702217e-03 -5.654866807162761688e-03 -1.466076541692018509e-02 -2.242748066782951355e-02 -2.905973233282566071e-02 -3.459242731332778931e-02 -3.968878835439682007e-02 -4.398229718208312988e-02 -4.761258140206336975e-02 -5.098106712102890015e-02 -5.267403647303581238e-02 -5.368632823228836060e-02 -5.471607297658920288e-02 -5.450663343071937561e-02 -5.284857004880905151e-02 -4.934045672416687012e-02 -4.412192478775978088e-02 -3.820525854825973511e-02 -3.106686100363731384e-02 -2.151990868151187897e-02 -1.101302728056907654e-02 -1.047197583829984069e-04 1.219985168427228928e-02 2.542944625020027161e-02 3.839724510908126831e-02 5.061454698443412781e-02 6.220353394746780396e-02 7.134906202554702759e-02 7.822565734386444092e-02 8.386307209730148315e-02 8.805186301469802856e-02 9.039060026407241821e-02 9.040805697441101074e-02 8.944812417030334473e-02 8.780751377344131470e-02 8.461356163024902344e-02 8.079128712415695190e-02 7.702138274908065796e-02 7.169812172651290894e-02 6.480407714843750000e-02 5.724680051207542419e-02 4.944517835974693298e-02 4.091051593422889709e-02 3.111921995878219604e-02 1.954768784344196320e-02 6.335545331239700317e-03 -7.557275705039501190e-03 -2.143264375627040863e-02 -3.433062508702278137e-02 -4.653047770261764526e-02 -5.843362212181091309e-02 -6.960373371839523315e-02 -8.045967668294906616e-02 -9.150761365890502930e-02 -1.026253625750541687e-01 -1.134638562798500061e-01 -1.245117858052253723e-01 -1.365720182657241821e-01 -1.493827253580093384e-01 -1.631184667348861694e-01 -1.775523424148559570e-01 -1.935221105813980103e-01 -2.113942801952362061e-01 -2.306452542543411255e-01 -2.520604431629180908e-01 -2.749940752983093262e-01 -2.978928089141845703e-01 -3.207915127277374268e-01 -3.430444598197937012e-01 -3.647389113903045654e-01 -3.868173062801361084e-01 -4.077961742877960205e-01 -4.267679154872894287e-01 -4.452160298824310303e-01 -4.628264009952545166e-01 -4.797735512256622314e-01 -4.958305954933166504e-01 -5.099328160285949707e-01 -5.232496857643127441e-01 -5.359382629394531250e-01 -5.474050641059875488e-01 -5.571265220642089844e-01 -5.655041337013244629e-01 -5.739689469337463379e-01 -5.834112167358398438e-01 -5.929406881332397461e-01 -6.015451550483703613e-01 -6.107255816459655762e-01 -6.217386126518249512e-01 -6.347239017486572266e-01 -6.494893431663513184e-01 -6.668553948402404785e-01 -6.878167986869812012e-01 -7.118150591850280762e-01 -7.392691373825073242e-01 -7.706326842308044434e-01 -8.042477369308471680e-01 -8.400095105171203613e-01 -8.795062899589538574e-01 -9.221097826957702637e-01 -9.668949246406555176e-01 -1.012587666511535645e+00 -1.058332800865173340e+00 -1.103484392166137695e+00 -1.146786093711853027e+00 -1.188394665718078613e+00 -1.228694319725036621e+00 -1.267824649810791016e+00 -1.305541157722473145e+00 -1.342350125312805176e+00 -1.378164291381835938e+00 -1.411988854408264160e+00 -1.444713711738586426e+00 -1.476321697235107422e+00 -1.506882309913635254e+00 -1.537303447723388672e+00 -1.567358016967773438e+00 -1.597272992134094238e+00 -1.628077983856201172e+00 -1.658918023109436035e+00 -1.690089583396911621e+00 -1.722360730171203613e+00 -1.754108309745788574e+00 -1.785349607467651367e+00 -1.816678285598754883e+00 -1.848059296607971191e+00 -1.879457831382751465e+00 -1.910542130470275879e+00 -1.941818356513977051e+00 -1.973181962966918945e+00 -2.003620624542236328e+00 -2.033360958099365234e+00 -2.062525272369384766e+00 -2.090485572814941406e+00 -2.117014646530151367e+00 -2.141710996627807617e+00 -2.163440227508544922e+00 -2.183005571365356445e+00 -2.201401233673095703e+00 -2.218976736068725586e+00 -2.235609769821166992e+00 -2.250584602355957031e+00 -2.265192985534667969e+00 -2.279993295669555664e+00 -2.294846057891845703e+00 -2.309733867645263672e+00 -2.324935674667358398e+00 -2.340294599533081055e+00 -2.356316566467285156e+00 -2.372321367263793945e+00 -2.387348651885986328e+00 -2.401991844177246094e+00 -2.415204048156738281e+00 -2.426897764205932617e+00 -2.437352180480957031e+00 -2.445694923400878906e+00 -2.450669050216674805e+00 -2.451751232147216797e+00 -2.450616836547851562e+00 -2.447004079818725586e+00 -2.439533948898315430e+00 -2.428905010223388672e+00 -2.416373491287231445e+00 -2.402759790420532227e+00 -2.388064146041870117e+00 -2.372600555419921875e+00 -2.356526136398315430e+00 -2.339893102645874023e+00 -2.322387456893920898e+00 -2.303572893142700195e+00 -2.283937931060791016e+00 -2.262679815292358398e+00 -2.239501714706420898e+00 -2.215241670608520508e+00 -2.189899444580078125e+00 -2.163161039352416992e+00 -2.135235786437988281e+00 -2.107450246810913086e+00 -2.078791856765747070e+00 -2.048492908477783203e+00 -2.018176555633544922e+00 -1.988471031188964844e+00 -1.960283994674682617e+00 -1.932707786560058594e+00 -1.906021714210510254e+00 -1.881272912025451660e+00 -1.857309579849243164e+00 -1.834602832794189453e+00 -1.813693761825561523e+00 -1.795385241508483887e+00 -1.779729723930358887e+00 -1.764842033386230469e+00 -1.749622702598571777e+00 -1.733967185020446777e+00 -1.716862916946411133e+00 -1.697576999664306641e+00 -1.675847649574279785e+00 -1.651849389076232910e+00 -1.626611948013305664e+00 -1.599297523498535156e+00 -1.568300485610961914e+00 -1.534528374671936035e+00 -1.498993515968322754e+00 -1.461503863334655762e+00 -1.422251343727111816e+00 -1.381323337554931641e+00 -1.340063810348510742e+00 -1.298629641532897949e+00 -1.255886554718017578e+00 -1.212619900703430176e+00 -1.169422984123229980e+00 -1.125964283943176270e+00 -1.089329838752746582e+00 -1.051700472831726074e+00 -1.014594793319702148e+00 -9.840340614318847656e-01 -9.523388743400573730e-01 -9.182875156402587891e-01 -8.845328688621520996e-01 -8.591208457946777344e-01 -8.367806673049926758e-01 -8.093789815902709961e-01 -7.840368151664733887e-01 -7.576125264167785645e-01 -7.301235795021057129e-01 -6.987425684928894043e-01 -6.644992232322692871e-01 -6.316171884536743164e-01 -5.910906791687011719e-01 -5.370377898216247559e-01 -4.831594824790954590e-01 -4.343949854373931885e-01 -3.769736588001251221e-01 -3.135309517383575439e-01 -2.457074522972106934e-01 -1.745503842830657959e-01 -9.824458509683609009e-02 -1.698205433785915375e-02 6.878342479467391968e-02 1.583013683557510376e-01 2.506118118762969971e-01 3.462733328342437744e-01 4.454952776432037354e-01 5.474225282669067383e-01 6.511125564575195312e-01 7.557973861694335938e-01 8.770104646682739258e-01 9.894794821739196777e-01 1.082296133041381836e+00 1.182251095771789551e+00 1.298699498176574707e+00 1.405443787574768066e+00 1.491488575935363770e+00 1.581442832946777344e+00 1.670768737792968750e+00 1.758593797683715820e+00 1.845458745956420898e+00 1.931329011917114258e+00 2.016151905059814453e+00 2.100870370864868164e+00 2.185221910476684570e+00 2.268160104751586914e+00 2.349911212921142578e+00 2.442832708358764648e+00 2.528318881988525391e+00 2.597521066665649414e+00 2.670196771621704102e+00 2.743657588958740234e+00 2.816804409027099609e+00 2.889811515808105469e+00 2.963412046432495117e+00 3.049247264862060547e+00 3.129637241363525391e+00 3.195802450180053711e+00 3.266313791275024414e+00 3.338238954544067383e+00 3.410460710525512695e+00 3.481827020645141602e+00 3.550959587097167969e+00 3.617613792419433594e+00 3.681370735168457031e+00 3.742038249969482422e+00 3.800821065902709961e+00 3.857893228530883789e+00 3.914581537246704102e+00 3.971740961074829102e+00 4.027835845947265625e+00 4.082866191864013672e+00 4.136831760406494141e+00 4.189418315887451172e+00 4.239858627319335938e+00 4.287540912628173828e+00 4.332500457763671875e+00 4.374493122100830078e+00 4.413990020751953125e+00 4.449315547943115234e+00 4.480120658874511719e+00 4.508743762969970703e+00 4.534924030303955078e+00 4.558835029602050781e+00 4.581506729125976562e+00 4.602729797363281250e+00 4.623988151550292969e+00 4.646537780761718750e+00 4.668651103973388672e+00 4.689332962036132812e+00 4.707850933074951172e+00 4.723611354827880859e+00 4.736963272094726562e+00 4.747120857238769531e+00 4.753474235534667969e+00 4.756057262420654297e+00 4.753962516784667969e+00 4.745846748352050781e+00 4.731168746948242188e+00 4.709735870361328125e+00 4.681129932403564453e+00 4.645176410675048828e+00 4.601176738739013672e+00 4.548240661621093750e+00 4.485339164733886719e+00 4.411756038665771484e+00 4.326880455017089844e+00 4.229840278625488281e+00 4.120582580566406250e+00 3.999718666076660156e+00 3.867824077606201172e+00 3.726400136947631836e+00 3.576336622238159180e+00 3.418995380401611328e+00 3.256452798843383789e+00 3.090245008468627930e+00 2.921890497207641602e+00 2.752995014190673828e+00 2.586071729660034180e+00 2.423442125320434570e+00 2.266013383865356445e+00 2.114501237869262695e+00 1.969499349594116211e+00 1.831897616386413574e+00 1.703266859054565430e+00 1.582420229911804199e+00 1.467577576637268066e+00 1.360239744186401367e+00 1.259726285934448242e+00 1.163576126098632812e+00 1.071719408035278320e+00 9.844529628753662109e-01 9.015847444534301758e-01 8.227307796478271484e-01 7.480131983757019043e-01 6.768735647201538086e-01 6.078458428382873535e-01 5.405982732772827148e-01 4.753578603267669678e-01 4.121769666671752930e-01 3.504795730113983154e-01 2.903355062007904053e-01 2.317622750997543335e-01 1.747772693634033203e-01 1.206371560692787170e-01 6.925466656684875488e-02 2.024581842124462128e-02 -2.682571113109588623e-02 -7.157595455646514893e-02 -1.131322383880615234e-01 -1.521577984094619751e-01 -1.894903928041458130e-01 -2.242748141288757324e-01 -2.560921609401702881e-01 -2.851518988609313965e-01 -3.108606040477752686e-01 -3.339512944221496582e-01 -3.540923893451690674e-01 -3.711268007755279541e-01 -3.850021660327911377e-01 -3.947585821151733398e-01 -3.996629416942596436e-01 -4.004134237766265869e-01 -3.959802985191345215e-01 -3.859620988368988037e-01 -3.717900216579437256e-01 -3.533942699432373047e-01 -3.310714960098266602e-01 -3.052580952644348145e-01 -2.761110961437225342e-01 -2.443809956312179565e-01 -2.103121727705001831e-01 -1.733984649181365967e-01 -1.353328227996826172e-01 -9.773843735456466675e-02 -6.035348400473594666e-02 -2.429498359560966492e-02 1.057669520378112793e-02 4.623377323150634766e-02 8.314748853445053101e-02 1.218588873744010925e-01 1.628566682338714600e-01 2.057568579912185669e-01 2.503500282764434814e-01 2.969154119491577148e-01 3.445978164672851562e-01 3.921056687831878662e-01 4.376238584518432617e-01 4.801575243473052979e-01 5.198812484741210938e-01 5.571963787078857422e-01 5.919458866119384766e-01 6.240948438644409180e-01 6.545333862304687500e-01 6.833313107490539551e-01 7.095810770988464355e-01 7.325670719146728516e-01 7.539298534393310547e-01 7.755544781684875488e-01 7.979470491409301758e-01 8.209330439567565918e-01 8.444949984550476074e-01 8.692438006401062012e-01 8.950921297073364258e-01 9.214116930961608887e-01 9.494765400886535645e-01 9.801594614982604980e-01 1.013163685798645020e+00 1.048681020736694336e+00 1.086816549301147461e+00 1.127604842185974121e+00 1.170400381088256836e+00 1.215272784233093262e+00 1.262274503707885742e+00 1.309485673904418945e+00 1.356801509857177734e+00 1.405094742774963379e+00 1.454103589057922363e+00 1.504054903984069824e+00 1.554041147232055664e+00 1.603748083114624023e+00 1.652390480041503906e+00 1.698397397994995117e+00 1.740163087844848633e+00 1.777041912078857422e+00 1.809731841087341309e+00 1.837238311767578125e+00 1.859177112579345703e+00 1.875984549522399902e+00 1.887259364128112793e+00 1.892163753509521484e+00 1.891308546066284180e+00 1.884013056755065918e+00 1.869055628776550293e+00 1.848129153251647949e+00 1.822891712188720703e+00 1.795245647430419922e+00 1.767268061637878418e+00 1.739464998245239258e+00 1.713005781173706055e+00 1.689286708831787109e+00 1.667958855628967285e+00 1.648847460746765137e+00 1.633506059646606445e+00 1.622213721275329590e+00 1.615406990051269531e+00 1.613260149955749512e+00 1.613330006599426270e+00 1.614953160285949707e+00 1.619386315345764160e+00 1.624988794326782227e+00 1.630730986595153809e+00 1.638131141662597656e+00 1.646491289138793945e+00 1.655584454536437988e+00 1.665288448333740234e+00 1.673648595809936523e+00 1.679582715034484863e+00 1.683265328407287598e+00 1.683806419372558594e+00 1.679931759834289551e+00 1.672042846679687500e+00 1.660942554473876953e+00 1.646630883216857910e+00 1.628496885299682617e+00 1.604708075523376465e+00 1.574496388435363770e+00 1.537582755088806152e+00 1.494787216186523438e+00 1.447698235511779785e+00 1.395373225212097168e+00 1.338423132896423340e+00 1.278610706329345703e+00 1.215761423110961914e+00 1.149473786354064941e+00 1.080184221267700195e+00 1.010004639625549316e+00 9.407150149345397949e-01 8.724202513694763184e-01 8.089600801467895508e-01 7.525161504745483398e-01 6.989170908927917480e-01 6.468015909194946289e-01 5.968502163887023926e-01 5.471781492233276367e-01 4.950800836086273193e-01 4.397706091403961182e-01 3.850719928741455078e-01 3.362900316715240479e-01 2.968630492687225342e-01 2.675589621067047119e-01 2.477320283651351929e-01 2.380978167057037354e-01 2.363699376583099365e-01 2.400874942541122437e-01 2.485523372888565063e-01 2.602111399173736572e-01 2.737897932529449463e-01 2.884680032730102539e-01 3.026400804519653320e-01 3.137927353382110596e-01 3.214721977710723877e-01 3.258704245090484619e-01 3.263940215110778809e-01 3.240901827812194824e-01 3.196744918823242188e-01 3.137753009796142578e-01 3.072652220726013184e-01 2.989400029182434082e-01 2.889218032360076904e-01 2.778913080692291260e-01 2.652027904987335205e-01 2.508910894393920898e-01 2.349562197923660278e-01 2.171014994382858276e-01 1.978505253791809082e-01 1.770636588335037231e-01 1.540951132774353027e-01 1.283166110515594482e-01 1.001644432544708252e-01 7.164576649665832520e-02 4.331907257437705994e-02 1.504473853856325150e-02 -1.284562330693006516e-02 -4.000294581055641174e-02 -6.588617712259292603e-02 -9.061749279499053955e-02 -1.136383861303329468e-01 -1.353153735399246216e-01 -1.558055430650711060e-01 -1.748819947242736816e-01 -1.924400031566619873e-01 -2.081130594015121460e-01 -2.220582365989685059e-01 -2.337344884872436523e-01 -2.428974658250808716e-01 -2.507340013980865479e-01 -2.583436369895935059e-01 -2.649235129356384277e-01 -2.704387605190277100e-01 -2.755176723003387451e-01 -2.794795632362365723e-01 -2.814168930053710938e-01 -2.809281945228576660e-01 -2.785370945930480957e-01 -2.740865051746368408e-01 -2.678556740283966064e-01 -2.599493265151977539e-01 -2.516764700412750244e-01 -2.438923120498657227e-01 -2.353576421737670898e-01 -2.262121289968490601e-01 -2.180614322423934937e-01 -2.112721055746078491e-01 -2.050412744283676147e-01 -1.993515044450759888e-01 -1.938711702823638916e-01 -1.884955614805221558e-01 -1.834515631198883057e-01 -1.788787990808486938e-01 -1.748121827840805054e-01 -1.712516993284225464e-01 -1.682322919368743896e-01 -1.657364666461944580e-01 -1.637817025184631348e-01 -1.636071652173995972e-01 -1.663822382688522339e-01 -1.719323843717575073e-01 -1.786170005798339844e-01 -1.854237765073776245e-01 -1.932603120803833008e-01 -2.014982551336288452e-01 -2.086366564035415649e-01 -2.146929502487182617e-01 -2.203303575515747070e-01 -2.257757931947708130e-01 -2.314481139183044434e-01 -2.372426092624664307e-01 -2.427578419446945190e-01 -2.491108477115631104e-01 -2.561096251010894775e-01 -2.624277174472808838e-01 -2.678382396697998047e-01 -2.731963992118835449e-01 -2.788512408733367920e-01 -2.839999794960021973e-01 -2.879793345928192139e-01 -2.911907434463500977e-01 -2.931280434131622314e-01 -2.939134538173675537e-01 -2.942276000976562500e-01 -2.934072911739349365e-01 -2.918190360069274902e-01 -2.886425554752349854e-01 -2.835636436939239502e-01 -2.777167856693267822e-01 -2.712241709232330322e-01 -2.638414204120635986e-01 -2.554813027381896973e-01 -2.460739761590957642e-01 -2.365619242191314697e-01 -2.267008125782012939e-01 -2.160543054342269897e-01 -2.050936371088027954e-01 -1.933650225400924683e-01 -1.810255497694015503e-01 -1.690525859594345093e-01 -1.578650325536727905e-01 -1.470090895891189575e-01 -1.372177898883819580e-01 -1.288052946329116821e-01 -1.215970888733863831e-01 -1.155058890581130981e-01 -1.111425682902336121e-01 -1.087340116500854492e-01 -1.086991056799888611e-01 -1.102524474263191223e-01 -1.105840578675270081e-01 -1.103920713067054749e-01 -1.109505817294120789e-01 -1.114916354417800903e-01 -1.113869100809097290e-01 -1.113520041108131409e-01 -1.119803264737129211e-01 -1.128529906272888184e-01 -1.144761443138122559e-01 -1.167101636528968811e-01 -1.185776665806770325e-01 -1.202706396579742432e-01 -1.219112500548362732e-01 -1.235344037413597107e-01 -1.260825842618942261e-01 -1.293288916349411011e-01 -1.341285556554794312e-01 -1.404990106821060181e-01 -1.474977731704711914e-01 -1.560324281454086304e-01 -1.651954203844070435e-01 -1.739744246006011963e-01 -1.819680333137512207e-01 -1.890017092227935791e-01 -1.943947672843933105e-01 -1.978505253791809082e-01 -1.995784044265747070e-01 -1.996482163667678833e-01 -1.987231820821762085e-01 -1.967684179544448853e-01 -1.934522986412048340e-01 -1.889493465423583984e-01 -1.842718571424484253e-01 -1.788962483406066895e-01 -1.722989082336425781e-01 -1.645496338605880737e-01 -1.563465893268585205e-01 -1.479690074920654297e-01 -1.376017630100250244e-01 -1.251750141382217407e-01 -1.112821921706199646e-01 -9.552186727523803711e-02 -7.806857675313949585e-02 -5.991715192794799805e-02 -4.178318381309509277e-02 -2.431243658065795898e-02 -8.045967668294906616e-03 6.771877408027648926e-03 1.879719644784927368e-02 2.843141369521617889e-02 3.708824515342712402e-02 4.408701509237289429e-02 5.009094998240470886e-02 5.569345504045486450e-02 6.112143024802207947e-02 6.618288159370422363e-02 6.949900835752487183e-02 7.178539037704467773e-02 7.367035001516342163e-02 7.506661117076873779e-02 7.627088576555252075e-02 7.675957679748535156e-02 7.663740962743759155e-02 7.628834247589111328e-02 7.518878579139709473e-02 7.285004109144210815e-02 6.904522329568862915e-02 6.497860699892044067e-02 6.049311161041259766e-02 5.518731102347373962e-02 5.017821490764617920e-02 4.562290757894515991e-02 4.092797264456748962e-02 3.649483621120452881e-02 3.248057886958122253e-02 2.895501255989074707e-02 2.593559212982654572e-02 2.249729447066783905e-02 1.825614459812641144e-02 1.399754080921411514e-02 1.007054932415485382e-02 5.619960371404886246e-03 9.773843921720981598e-04 -3.752457909286022186e-03 -9.459684602916240692e-03 -1.556833647191524506e-02 -2.185152284801006317e-02 -2.818706817924976349e-02 -3.392919898033142090e-02 -3.911282867193222046e-02 -4.373795166611671448e-02 -4.783947393298149109e-02 -5.012585595250129700e-02 -5.075417459011077881e-02 -4.974188283085823059e-02 -4.584980010986328125e-02 -3.923500329256057739e-02 -3.052580915391445160e-02 -1.940806210041046143e-02 -6.684611085802316666e-03 6.684611085802316666e-03 2.035053819417953491e-02 3.316125646233558655e-02 4.501204192638397217e-02 5.455899238586425781e-02 6.161012127995491028e-02 6.700319051742553711e-02 6.951646506786346436e-02 6.990043818950653076e-02 6.942919641733169556e-02 6.735225766897201538e-02 6.365215778350830078e-02 5.900958180427551270e-02 5.363396927714347839e-02 4.766494035720825195e-02 4.143411666154861450e-02 3.574434295296669006e-02 3.090978041291236877e-02 2.611012570559978485e-02 2.193878777325153351e-02 1.928588747978210449e-02 1.694714650511741638e-02 1.410226058214902878e-02 1.136209350079298019e-02 9.302604943513870239e-03 7.208209950476884842e-03 4.450589418411254883e-03 1.762782572768628597e-03 -2.617993741296231747e-04 -1.727875904180109501e-03 -3.281218931078910828e-03 -4.852015525102615356e-03 -5.166174378246068954e-03 -4.991641733795404434e-03 -5.235987715423107147e-03 -4.694935865700244904e-03 -3.857177682220935822e-03 -3.822271013632416725e-03 -3.804817795753479004e-03 -3.490658476948738098e-03 -3.036872949451208115e-03 -2.234021434560418129e-03 -1.588249579071998596e-03 -9.948377264663577080e-04 -1.396263396600261331e-04 5.061454721726477146e-04 1.099557382985949516e-03 1.658062799833714962e-03 3.141592722386121750e-03 5.969026125967502594e-03 8.045967668294906616e-03 9.861109778285026550e-03 1.247910410165786743e-02 1.513200439512729645e-02 1.841322332620620728e-02 2.258456125855445862e-02 2.682571113109588623e-02 3.200933709740638733e-02 3.759439289569854736e-02 4.239404574036598206e-02 4.687954485416412354e-02 5.059709399938583374e-02 5.494296550750732422e-02 6.051056459546089172e-02 6.529276818037033081e-02 6.976080685853958130e-02 7.442083954811096191e-02 7.791149616241455078e-02 8.089601248502731323e-02 8.337438106536865234e-02 8.375835418701171875e-02 8.169886469841003418e-02 7.770206034183502197e-02 7.166321575641632080e-02 6.384414434432983398e-02 5.529202893376350403e-02 4.581489413976669312e-02 3.595378249883651733e-02 2.689552307128906250e-02 1.909390278160572052e-02 1.181587856262922287e-02 5.393067374825477600e-03 2.443460980430245399e-04 -3.403391921892762184e-03 -6.161012221127748489e-03 -8.237954229116439819e-03 -9.389871731400489807e-03 -1.144936028867959976e-02 -1.417207345366477966e-02 -1.685987971723079681e-02 -1.953023485839366913e-02 -2.251474745571613312e-02 -2.593559212982654572e-02 -2.954842336475849152e-02 -3.227113932371139526e-02 -3.527310490608215332e-02 -3.871140256524085999e-02 -4.199262335896492004e-02 -4.618141055107116699e-02 -4.946263134479522705e-02 -5.110324174165725708e-02 -5.178391933441162109e-02 -5.110324174165725708e-02 -4.893903061747550964e-02 -4.679227620363235474e-02 -4.370304569602012634e-02 -3.834488242864608765e-02 -3.237585723400115967e-02 -2.490584924817085266e-02 -1.712168008089065552e-02 -9.861109778285026550e-03 -2.164208330214023590e-03 6.946410518139600754e-03 1.603957638144493103e-02 2.382374368607997894e-02 3.206169977784156799e-02 4.171336814761161804e-02 5.070181563496589661e-02 5.813691765069961548e-02 6.686356663703918457e-02 7.513642311096191406e-02 8.292059600353240967e-02 9.019861370325088501e-02 9.726719558238983154e-02 1.039343550801277161e-01 1.101128235459327698e-01 1.164134591817855835e-01 1.215098202228546143e-01 1.248434036970138550e-01 1.271472424268722534e-01 1.296605169773101807e-01 1.316327303647994995e-01 1.314931064844131470e-01 1.285958588123321533e-01 1.248957589268684387e-01 1.214923709630966187e-01 1.163087412714958191e-01 1.075820922851562500e-01 9.866346418857574463e-02 9.093165397644042969e-02 8.241444826126098633e-02 7.105235010385513306e-02 5.979498103260993958e-02 5.080653354525566101e-02 4.113740846514701843e-02 3.183480724692344666e-02 2.300344035029411316e-02 1.404990069568157196e-02 5.340707488358020782e-03 -1.954768784344196320e-03 -8.726646192371845245e-03 -1.495747175067663193e-02 -1.907644793391227722e-02 -2.138028293848037720e-02 -2.295107953250408173e-02 -2.391101047396659851e-02 -2.335250563919544220e-02 -2.090904489159584045e-02 -1.706931926310062408e-02 -1.329940930008888245e-02 -1.050688233226537704e-02 -7.470009382814168930e-03 -3.717551240697503090e-03 6.283185211941599846e-04 5.881759338080883026e-03 1.213003788143396378e-02 1.940806210041046143e-02 2.741912193596363068e-02 3.572688996791839600e-02 4.478514939546585083e-02 5.478588491678237915e-02 6.548475474119186401e-02 7.616616785526275635e-02 8.555603772401809692e-02 9.379399567842483521e-02 1.015781611204147339e-01 1.088387295603752136e-01 1.143190637230873108e-01 1.178097277879714966e-01 1.195550560951232910e-01 1.189965456724166870e-01 1.178271770477294922e-01 1.160818487405776978e-01 1.122246682643890381e-01 1.059065759181976318e-01 9.798278659582138062e-02 8.937831223011016846e-02 8.019787818193435669e-02 7.016223669052124023e-02 5.911429971456527710e-02 4.768239334225654602e-02 3.672172874212265015e-02 2.720968239009380341e-02 1.858775690197944641e-02 1.003564335405826569e-02 2.460914198309183121e-03 -4.084070213139057159e-03 -1.117010693997144699e-02 -1.785471849143505096e-02 -2.403318323194980621e-02 -3.066543489694595337e-02 -3.808308392763137817e-02 -4.616395756602287292e-02 -5.387831479310989380e-02 -6.237806752324104309e-02 -7.152359187602996826e-02 -7.997098565101623535e-02 -8.815658092498779297e-02 -9.716247767210006714e-02 -1.065174415707588196e-01 -1.153662651777267456e-01 -1.240230947732925415e-01 -1.325926631689071655e-01 -1.401848495006561279e-01 -1.473755985498428345e-01 -1.547234356403350830e-01 -1.618269234895706177e-01 -1.703964918851852417e-01 -1.814618855714797974e-01 -1.941678822040557861e-01 -2.078687101602554321e-01 -2.229134440422058105e-01 -2.391275614500045776e-01 -2.558303475379943848e-01 -2.727425992488861084e-01 -2.890788912773132324e-01 -3.036349415779113770e-01 -3.164980113506317139e-01 -3.286803960800170898e-01 -3.415260314941406250e-01 -3.555933833122253418e-01 -3.707951903343200684e-01 -3.880215883255004883e-01 -4.085990190505981445e-01 -4.330860078334808350e-01 -4.616744816303253174e-01 -4.957258701324462891e-01 -5.357811450958251953e-01 -5.811248421669006348e-01 -6.308317780494689941e-01 -6.842039823532104492e-01 -7.409620881080627441e-01 -7.997447848320007324e-01 -8.593302965164184570e-01 -9.202073812484741211e-01 -9.819048047065734863e-01 -1.043637037277221680e+00 -1.105386853218078613e+00 -1.166176676750183105e+00 -1.225657463073730469e+00 -1.283008933067321777e+00 -1.337917089462280273e+00 -1.390556216239929199e+00 -1.440716981887817383e+00 -1.489219665527343750e+00 -1.535802483558654785e+00 -1.578755021095275879e+00 -1.617379188537597656e+00 -1.651727199554443359e+00 -1.680856823921203613e+00 -1.705029606819152832e+00 -1.725589513778686523e+00 -1.744700908660888672e+00 -1.764475464820861816e+00 -1.784826040267944336e+00 -1.805735111236572266e+00 -1.829401731491088867e+00 -1.857658624649047852e+00 -1.890627861022949219e+00 -1.928658604621887207e+00 -1.970965385437011719e+00 -2.015977382659912109e+00 -2.063642501831054688e+00 -2.113663434982299805e+00 -2.165901184082031250e+00 -2.220320701599121094e+00 -2.276555061340332031e+00 -2.334482669830322266e+00 -2.394050598144531250e+00 -2.454578638076782227e+00 -2.516153812408447266e+00 -2.579107999801635742e+00 -2.641328811645507812e+00 -2.702345609664916992e+00 -2.763152837753295898e+00 -2.822633743286132812e+00 -2.879025220870971680e+00 -2.932921171188354492e+00 -2.984844684600830078e+00 -3.034708738327026367e+00 -3.082460880279541016e+00 -3.126513004302978516e+00 -3.165922641754150391e+00 -3.201841354370117188e+00 -3.234775781631469727e+00 -3.263643503189086914e+00 -3.288339853286743164e+00 -3.309737682342529297e+00 -3.328255653381347656e+00 -3.343981027603149414e+00 -3.358275175094604492e+00 -3.371993541717529297e+00 -3.384839296340942383e+00 -3.397632360458374023e+00 -3.411054134368896484e+00 -3.425662517547607422e+00 -3.441091060638427734e+00 -3.456519842147827148e+00 -3.471320152282714844e+00 -3.485230445861816406e+00 -3.498163461685180664e+00 -3.507849931716918945e+00 -3.513679265975952148e+00 -3.517309665679931641e+00 -3.517536640167236328e+00 -3.512562274932861328e+00 -3.503608942031860352e+00 -3.492072105407714844e+00 -3.479470968246459961e+00 -3.466468334197998047e+00 -3.452645301818847656e+00 -3.438490629196166992e+00 -3.424527883529663086e+00 -3.410635232925415039e+00 -3.397719621658325195e+00 -3.386148214340209961e+00 -3.375135183334350586e+00 -3.364959955215454102e+00 -3.357350349426269531e+00 -3.352044343948364258e+00 -3.348309516906738281e+00 -3.346476793289184570e+00 -3.345726251602172852e+00 -3.344469785690307617e+00 -3.342689514160156250e+00 -3.340717315673828125e+00 -3.337069511413574219e+00 -3.331798553466796875e+00 -3.325550317764282227e+00 -3.318586587905883789e+00 -3.311326026916503906e+00 -3.303646564483642578e+00 -3.295774936676025391e+00 -3.287519693374633789e+00 -3.278478860855102539e+00 -3.268809795379638672e+00 -3.256976366043090820e+00 -3.242699623107910156e+00 -3.226153850555419922e+00 -3.206780672073364258e+00 -3.185330629348754883e+00 -3.161454439163208008e+00 -3.134681224822998047e+00 -3.105795860290527344e+00 -3.075723886489868164e+00 -3.044552326202392578e+00 -3.011966943740844727e+00 -2.977880716323852539e+00 -2.942223787307739258e+00 -2.904664278030395508e+00 -2.865394353866577148e+00 -2.824466228485107422e+00 -2.781618595123291016e+00 -2.736711263656616211e+00 -2.690337657928466797e+00 -2.644313335418701172e+00 -2.598132133483886719e+00 -2.551234960556030273e+00 -2.504041433334350586e+00 -2.455800533294677734e+00 -2.406494855880737305e+00 -2.356752872467041016e+00 -2.306522369384765625e+00 -2.255139827728271484e+00 -2.202343702316284180e+00 -2.150559902191162109e+00 -2.101062297821044922e+00 -2.053781270980834961e+00 -2.010532140731811523e+00 -1.971471548080444336e+00 -1.936948895454406738e+00 -1.906807065010070801e+00 -1.878742218017578125e+00 -1.852492451667785645e+00 -1.827289938926696777e+00 -1.802506208419799805e+00 -1.777897119522094727e+00 -1.752415299415588379e+00 -1.725938677787780762e+00 -1.697175621986389160e+00 -1.664328455924987793e+00 -1.626332640647888184e+00 -1.582769274711608887e+00 -1.532207131385803223e+00 -1.473127722740173340e+00 -1.404257059097290039e+00 -1.323500633239746094e+00 -1.230980753898620605e+00 -1.127343058586120605e+00 -1.011941909790039062e+00 -8.844630718231201172e-01 -7.457792162895202637e-01 -5.974785685539245605e-01 -4.414635896682739258e-01 -2.794795632362365723e-01 -1.128529906272888184e-01 5.626941472291946411e-02 2.251823842525482178e-01 3.927339911460876465e-01 5.590987801551818848e-01 7.243465185165405273e-01 8.875697255134582520e-01 1.048070192337036133e+00 1.205882906913757324e+00 1.361025214195251465e+00 1.511926412582397461e+00 1.656683921813964844e+00 1.796100854873657227e+00 1.930177092552185059e+00 2.057970046997070312e+00 2.180387496948242188e+00 2.297446727752685547e+00 2.408536911010742188e+00 2.514042139053344727e+00 2.614764928817749023e+00 2.710670948028564453e+00 2.801166057586669922e+00 2.885029315948486328e+00 2.961143016815185547e+00 3.029699563980102539e+00 3.089477062225341797e+00 3.139690160751342773e+00 3.181281328201293945e+00 3.216519594192504883e+00 3.247272253036499023e+00 3.274307489395141602e+00 3.298253297805786133e+00 3.319057703018188477e+00 3.338256359100341797e+00 3.357751607894897461e+00 3.377351760864257812e+00 3.397335767745971680e+00 3.418401956558227539e+00 3.439921855926513672e+00 3.460691213607788086e+00 3.479540824890136719e+00 3.496383190155029297e+00 3.511113643646240234e+00 3.523121595382690430e+00 3.532738447189331055e+00 3.538864374160766602e+00 3.539772033691406250e+00 3.536368608474731445e+00 3.528026103973388672e+00 3.513592004776000977e+00 3.493817567825317383e+00 3.470308065414428711e+00 3.442749261856079102e+00 3.409744977951049805e+00 3.370440244674682617e+00 3.322862625122070312e+00 3.267518043518066406e+00 3.204267501831054688e+00 3.133389711380004883e+00 3.057188510894775391e+00 2.975995779037475586e+00 2.888956308364868164e+00 2.796401500701904297e+00 2.699064493179321289e+00 2.597905158996582031e+00 2.493918418884277344e+00 2.388448238372802734e+00 2.282402038574218750e+00 2.176094055175781250e+00 2.070327043533325195e+00 1.964472770690917969e+00 1.857937932014465332e+00 1.750495433807373047e+00 1.642040610313415527e+00 1.532573580741882324e+00 1.423298597335815430e+00 1.315698981285095215e+00 1.210019350051879883e+00 1.106102466583251953e+00 1.005082726478576660e+00 9.096655845642089844e-01 8.222246170043945312e-01 7.446447014808654785e-01 6.777287721633911133e-01 6.214419603347778320e-01 5.748590826988220215e-01 5.366364121437072754e-01 5.059360265731811523e-01 4.820773899555206299e-01 4.650953412055969238e-01 4.550422430038452148e-01 4.521973431110382080e-01 4.564210474491119385e-01 4.669628441333770752e-01 4.835783839225769043e-01 5.051680803298950195e-01 5.287998318672180176e-01 5.532519221305847168e-01 5.792922377586364746e-01 6.059957742691040039e-01 6.348634958267211914e-01 6.674313545227050781e-01 7.031058669090270996e-01 7.406653761863708496e-01 7.793244123458862305e-01 8.180881738662719727e-01 8.525060415267944336e-01 8.788082003593444824e-01 8.974133729934692383e-01 9.084613323211669922e-01 9.120043516159057617e-01 9.115505814552307129e-01 9.094735980033874512e-01 9.064192771911621094e-01 9.039234519004821777e-01 9.025795459747314453e-01 9.023526906967163086e-01 9.022654294967651367e-01 9.022305011749267578e-01 9.040979743003845215e-01 9.108698964118957520e-01 9.249895811080932617e-01 9.471378326416015625e-01 9.757263064384460449e-01 1.009463548660278320e+00 1.048768401145935059e+00 1.093483686447143555e+00 1.143557190895080566e+00 1.198674678802490234e+00 1.259604096412658691e+00 1.326083660125732422e+00 1.397013902664184570e+00 1.470073342323303223e+00 1.542748928070068359e+00 1.615878224372863770e+00 1.688256978988647461e+00 1.758768320083618164e+00 1.827220082283020020e+00 1.892338275909423828e+00 1.954192757606506348e+00 2.013778448104858398e+00 2.070553779602050781e+00 2.123001098632812500e+00 2.170875310897827148e+00 2.214037418365478516e+00 2.252120494842529297e+00 2.284985065460205078e+00 2.313189506530761719e+00 2.338566541671752930e+00 2.361517667770385742e+00 2.382531404495239258e+00 2.401834726333618164e+00 2.416931867599487305e+00 2.427194356918334961e+00 2.433268308639526367e+00 2.436357498168945312e+00 2.438259840011596680e+00 2.440598487854003906e+00 2.444717645645141602e+00 2.451436996459960938e+00 2.462694406509399414e+00 2.478018522262573242e+00 2.496239662170410156e+00 2.518178462982177734e+00 2.543206453323364258e+00 2.569822788238525391e+00 2.597695589065551758e+00 2.625132322311401367e+00 2.651451826095581055e+00 2.677003383636474609e+00 2.701926708221435547e+00 2.727530717849731445e+00 2.753413915634155273e+00 2.778790950775146484e+00 2.804272890090942383e+00 2.830435276031494141e+00 2.856859683990478516e+00 2.883388519287109375e+00 2.909987449645996094e+00 2.936272144317626953e+00 2.961178064346313477e+00 2.984565258026123047e+00 3.007341861724853516e+00 3.029874086380004883e+00 3.051673173904418945e+00 3.073175668716430664e+00 3.096126794815063477e+00 3.120613813400268555e+00 3.146374940872192383e+00 3.172641992568969727e+00 3.198786973953247070e+00 3.225543022155761719e+00 3.253154039382934570e+00 3.279857635498046875e+00 3.304309606552124023e+00 3.327522516250610352e+00 3.350526094436645508e+00 3.373476982116699219e+00 3.395747423171997070e+00 3.417127847671508789e+00 3.436570644378662109e+00 3.453954219818115234e+00 3.470185756683349609e+00 3.484986066818237305e+00 3.498914003372192383e+00 3.513731718063354492e+00 3.529544353485107422e+00 3.545147657394409180e+00 3.561588764190673828e+00 3.579321146011352539e+00 3.597280740737915039e+00 3.613425016403198242e+00 3.624734640121459961e+00 3.628714084625244141e+00 3.623059272766113281e+00 3.607822418212890625e+00 3.583003759384155273e+00 3.547957658767700195e+00 3.504656076431274414e+00 3.452941894531250000e+00 3.391488790512084961e+00 3.321326732635498047e+00 3.242594957351684570e+00 3.155625104904174805e+00 3.062773466110229492e+00 2.966588497161865234e+00 2.869024515151977539e+00 2.772507905960083008e+00 2.678294897079467773e+00 2.587555408477783203e+00 2.501999378204345703e+00 2.422674179077148438e+00 2.348410367965698242e+00 2.277462720870971680e+00 2.209447145462036133e+00 2.144817590713500977e+00 2.083486795425415039e+00 2.024739027023315430e+00 1.968312501907348633e+00 1.913788437843322754e+00 1.861288905143737793e+00 1.810255527496337891e+00 1.759798049926757812e+00 1.710230708122253418e+00 1.661012411117553711e+00 1.609420418739318848e+00 1.554006218910217285e+00 1.494525432586669922e+00 1.428325057029724121e+00 1.353083968162536621e+00 1.267545342445373535e+00 1.168969154357910156e+00 1.056238293647766113e+00 9.308189749717712402e-01 7.945262193679809570e-01 6.491053700447082520e-01 4.974188208580017090e-01 3.412991464138031006e-01 1.811651736497879028e-01 1.813396997749805450e-02 -1.470090895891189575e-01 -3.139847218990325928e-01 -4.826358854770660400e-01 -6.516535878181457520e-01 -8.186292052268981934e-01 -9.819048047065734863e-01 -1.140223622322082520e+00 -1.291787981986999512e+00 -1.436493277549743652e+00 -1.575578570365905762e+00 -1.709200978279113770e+00 -1.835248589515686035e+00 -1.952831387519836426e+00 -2.062874555587768555e+00 -2.164487600326538086e+00 -2.258246660232543945e+00 -2.345338582992553711e+00 -2.425292015075683594e+00 -2.497286796569824219e+00 -2.561637163162231445e+00 -2.619704246520996094e+00 -2.671750068664550781e+00 -2.718193292617797852e+00 -2.761390209197998047e+00 -2.802649736404418945e+00 -2.842495679855346680e+00 -2.881433963775634766e+00 -2.918434858322143555e+00 -2.952119588851928711e+00 -2.982558250427246094e+00 -3.011042118072509766e+00 -3.038426160812377930e+00 -3.065670728683471680e+00 -3.092217206954956055e+00 -3.118501901626586914e+00 -3.146235227584838867e+00 -3.174579381942749023e+00 -3.201893806457519531e+00 -3.227532625198364258e+00 -3.251216888427734375e+00 -3.272544622421264648e+00 -3.290696144104003906e+00 -3.306596040725708008e+00 -3.321605920791625977e+00 -3.333386898040771484e+00 -3.341973781585693359e+00 -3.349565982818603516e+00 -3.354557752609252930e+00 -3.356582403182983398e+00 -3.355517625808715820e+00 -3.347820758819580078e+00 -3.336807727813720703e+00 -3.324101686477661133e+00 -3.305374383926391602e+00 -3.280381202697753906e+00 -3.249384164810180664e+00 -3.212453126907348633e+00 -3.170285940170288086e+00 -3.122812986373901367e+00 -3.069074153900146484e+00 -3.009959936141967773e+00 -2.946133136749267578e+00 -2.877856016159057617e+00 -2.794813156127929688e+00 -2.715889453887939453e+00 -2.638623714447021484e+00 -2.562352657318115234e+00 -2.486483335494995117e+00 -2.410770893096923828e+00 -2.347136259078979492e+00 -2.277672052383422852e+00 -2.206462621688842773e+00 -2.134869337081909180e+00 -2.063118696212768555e+00 -1.991612672805786133e+00 -1.919897079467773438e+00 -1.848094224929809570e+00 -1.777198910713195801e+00 -1.706670165061950684e+00 -1.635984420776367188e+00 -1.565874457359313965e+00 -1.495974063873291016e+00 -1.427120804786682129e+00 -1.360588908195495605e+00 -1.296256065368652344e+00 -1.235047340393066406e+00 -1.177922725677490234e+00 -1.125004291534423828e+00 -1.070637345314025879e+00 -1.023880004882812500e+00 -9.871757030487060547e-01 -9.491972923278808594e-01 -9.116378426551818848e-01 -8.748986721038818359e-01 -8.378453254699707031e-01 -8.012980818748474121e-01 -7.668452858924865723e-01 -7.338935136795043945e-01 -7.015351057052612305e-01 -6.703634858131408691e-01 -6.406405568122863770e-01 -6.108652353286743164e-01 -5.810724496841430664e-01 -5.515763759613037109e-01 -5.219057798385620117e-01 -4.880289733409881592e-01 -4.568922817707061768e-01 -4.306425452232360840e-01 -4.007101356983184814e-01 -3.686309754848480225e-01 -3.360107839107513428e-01 -3.044203221797943115e-01 -2.745228409767150879e-01 -2.459343373775482178e-01 -2.182010561227798462e-01 -1.920734792947769165e-01 -1.675516068935394287e-01 -1.436929553747177124e-01 -1.216669008135795593e-01 -1.010196581482887268e-01 -7.967428117990493774e-02 -5.771803855895996094e-02 -3.710569813847541809e-02 -1.768018491566181183e-02 9.424777817912399769e-04 1.864011585712432861e-02 3.530801087617874146e-02 5.092870816588401794e-02 6.644468754529953003e-02 8.127998560667037964e-02 9.457939118146896362e-02 1.069363206624984741e-01 1.185951232910156250e-01 1.287180334329605103e-01 1.372526884078979492e-01 1.441991031169891357e-01 1.498539745807647705e-01 1.546885371208190918e-01 1.582315564155578613e-01 1.606226563453674316e-01 1.628566682338714600e-01 1.650383323431015015e-01 1.665567755699157715e-01 1.681101173162460327e-01 1.696983575820922852e-01 1.709724515676498413e-01 1.718102097511291504e-01 1.711993515491485596e-01 1.687384247779846191e-01 1.652128696441650391e-01 1.606226563453674316e-01 1.555961072444915771e-01 1.500808596611022949e-01 1.430995464324951172e-01 1.364847421646118164e-01 1.299921274185180664e-01 1.232551485300064087e-01 1.176526471972465515e-01 1.134987622499465942e-01 1.111600175499916077e-01 1.099033802747726440e-01 1.093972399830818176e-01 1.101302728056907654e-01 1.123119369149208069e-01 1.166927143931388855e-01 1.241452693939208984e-01 1.335002332925796509e-01 1.423490494489669800e-01 1.516342014074325562e-01 1.620363742113113403e-01 1.735380887985229492e-01 1.857903003692626953e-01 1.971000283956527710e-01 2.070658653974533081e-01 2.164906412363052368e-01 2.241002768278121948e-01 2.291093766689300537e-01 2.320938855409622192e-01 2.326698452234268188e-01 2.319542616605758667e-01 2.304009199142456055e-01 2.278876453638076782e-01 2.249554842710494995e-01 2.218837141990661621e-01 2.190388143062591553e-01 2.166302651166915894e-01 2.137504667043685913e-01 2.100503742694854736e-01 2.060186713933944702e-01 2.015506178140640259e-01 1.971873044967651367e-01 1.932079493999481201e-01 1.890715211629867554e-01 1.845336556434631348e-01 1.795420199632644653e-01 1.740267723798751831e-01 1.680053919553756714e-01 1.608146429061889648e-01 1.512676924467086792e-01 1.407433450222015381e-01 1.310916841030120850e-01 1.218065246939659119e-01 1.129751652479171753e-01 1.046324893832206726e-01 9.588839113712310791e-02 8.789478242397308350e-02 8.148942142724990845e-02 7.604399323463439941e-02 7.194247096776962280e-02 6.930702179670333862e-02 6.698573380708694458e-02 6.539748609066009521e-02 6.633996218442916870e-02 6.892304867506027222e-02 7.250097393989562988e-02 7.681193947792053223e-02 8.203047513961791992e-02 8.763298392295837402e-02 9.274679422378540039e-02 9.704030305147171021e-02 1.006880477070808411e-01 1.043706908822059631e-01 1.071457639336585999e-01 1.092052534222602844e-01 1.110029369592666626e-01 1.123642995953559875e-01 1.132369637489318848e-01 1.142143458127975464e-01 1.165181770920753479e-01 1.193456128239631653e-01 1.223824843764305115e-01 1.255240738391876221e-01 1.293114423751831055e-01 1.346521526575088501e-01 1.396612524986267090e-01 1.442340016365051270e-01 1.495572626590728760e-01 1.548805236816406250e-01 1.602037698030471802e-01 1.652128696441650391e-01 1.697856336832046509e-01 1.744805574417114258e-01 1.779712289571762085e-01 1.806590259075164795e-01 1.827010661363601685e-01 1.835213750600814819e-01 1.835388243198394775e-01 1.822996437549591064e-01 1.792627722024917603e-01 1.745503842830657959e-01 1.694714725017547607e-01 1.642529368400573730e-01 1.583362668752670288e-01 1.518261879682540894e-01 1.447576135396957397e-01 1.362054944038391113e-01 1.257684230804443359e-01 1.148950234055519104e-01 1.035329326987266541e-01 9.039060026407241821e-02 7.714354991912841797e-02 6.606071442365646362e-02 5.682792142033576965e-02 4.927064478397369385e-02 4.431391134858131409e-02 4.070107638835906982e-02 3.829252347350120544e-02 3.762929886579513550e-02 3.735004737973213196e-02 3.787364438176155090e-02 3.967133536934852600e-02 4.228932783007621765e-02 4.525638744235038757e-02 4.771730303764343262e-02 4.998622834682464600e-02 5.344198271632194519e-02 5.862560868263244629e-02 6.579891592264175415e-02 7.344345748424530029e-02 8.096582442522048950e-02 8.909905701875686646e-02 9.649925678968429565e-02 1.026777178049087524e-01 1.083325892686843872e-01 1.141096279025077820e-01 1.202531829476356506e-01 1.259080469608306885e-01 1.307426095008850098e-01 1.352281123399734497e-01 1.399055868387222290e-01 1.443212777376174927e-01 1.480213701725006104e-01 1.514247655868530273e-01 1.546885371208190918e-01 1.576032340526580811e-01 1.600641459226608276e-01 1.616872996091842651e-01 1.626646816730499268e-01 1.636944264173507690e-01 1.634849905967712402e-01 1.611811518669128418e-01 1.574112474918365479e-01 1.517738252878189087e-01 1.441118419170379639e-01 1.337271332740783691e-01 1.213003844022750854e-01 1.080358773469924927e-01 9.379399567842483521e-02 7.946483790874481201e-02 6.574655324220657349e-02 5.354670062661170959e-02 4.351105913519859314e-02 3.502875939011573792e-02 2.745402976870536804e-02 2.090904489159584045e-02 1.476548518985509872e-02 8.796459063887596130e-03 2.583087189123034477e-03 -4.991641733795404434e-03 -1.281071640551090240e-02 -2.008873969316482544e-02 -2.809980139136314392e-02 -3.642502054572105408e-02 -4.391248524188995361e-02 -5.105087906122207642e-02 -5.712462589144706726e-02 -6.211626902222633362e-02 -6.763150542974472046e-02 -7.365289330482482910e-02 -7.990117371082305908e-02 -8.590510487556457520e-02 -9.213592857122421265e-02 -9.847147762775421143e-02 -1.048244759440422058e-01 -1.115265414118766785e-01 -1.189790964126586914e-01 -1.280198991298675537e-01 -1.370607018470764160e-01 -1.461015045642852783e-01 -1.554739326238632202e-01 -1.649685204029083252e-01 -1.751437932252883911e-01 -1.855983138084411621e-01 -1.958433985710144043e-01 -2.057045102119445801e-01 -2.157226949930191040e-01 -2.254790812730789185e-01 -2.341708242893218994e-01 -2.418153733015060425e-01 -2.477843910455703735e-01 -2.517811954021453857e-01 -2.543468177318572998e-01 -2.553940415382385254e-01 -2.555162012577056885e-01 -2.552369534969329834e-01 -2.545039057731628418e-01 -2.545213699340820312e-01 -2.557780146598815918e-01 -2.575582265853881836e-01 -2.601762413978576660e-01 -2.631433010101318359e-01 -2.656041979789733887e-01 -2.678731381893157959e-01 -2.697406411170959473e-01 -2.708227336406707764e-01 -2.709449231624603271e-01 -2.700373530387878418e-01 -2.690424919128417969e-01 -2.676985859870910645e-01 -2.649409770965576172e-01 -2.616074085235595703e-01 -2.567728459835052490e-01 -2.500707805156707764e-01 -2.423040568828582764e-01 -2.324953079223632812e-01 -2.203129082918167114e-01 -2.071356773376464844e-01 -1.942027807235717773e-01 -1.807288378477096558e-01 -1.670454591512680054e-01 -1.532573550939559937e-01 -1.391376405954360962e-01 -1.245466917753219604e-01 -1.091354340314865112e-01 -9.339256584644317627e-02 -7.688175141811370850e-02 -6.005677953362464905e-02 -4.342379048466682434e-02 -2.560397982597351074e-02 -7.312929723411798477e-03 1.117010693997144699e-02 3.036872856318950653e-02 4.923573881387710571e-02 6.827727705240249634e-02 8.772024512290954590e-02 1.057145893573760986e-01 1.215796321630477905e-01 1.365545541048049927e-01 1.505346447229385376e-01 1.616000384092330933e-01 1.705186665058135986e-01 1.779363155364990234e-01 1.825265288352966309e-01 1.850398033857345581e-01 1.863662600517272949e-01 1.853365153074264526e-01 1.817585825920104980e-01 1.765225976705551147e-01 1.699601560831069946e-01 1.625599712133407593e-01 1.544965505599975586e-01 1.458397060632705688e-01 1.369559913873672485e-01 1.282991468906402588e-01 1.193979755043983459e-01 1.104095280170440674e-01 1.017003357410430908e-01 9.279915690422058105e-02 8.475318551063537598e-02 7.768460363149642944e-02 7.197737693786621094e-02 6.869615614414215088e-02 6.799802929162979126e-02 6.928957253694534302e-02 7.140141725540161133e-02 7.508406043052673340e-02 8.101818710565567017e-02 8.847074210643768311e-02 9.656906872987747192e-02 1.061683744192123413e-01 1.167101636528968811e-01 1.269901543855667114e-01 1.371828764677047729e-01 1.460666060447692871e-01 1.531526446342468262e-01 1.588773280382156372e-01 1.631010174751281738e-01 1.663996875286102295e-01 1.686860769987106323e-01 1.692969352006912231e-01 1.692271232604980469e-01 1.692096740007400513e-01 1.691922098398208618e-01 1.691922098398208618e-01 1.669756472110748291e-01 1.594532728195190430e-01 1.469218134880065918e-01 1.301317512989044189e-01 1.084722131490707397e-01 8.134979754686355591e-02 4.789183288812637329e-02 9.023352526128292084e-03 -3.424336016178131104e-02 -8.279842138290405273e-02 -1.356993466615676880e-01 -1.916371583938598633e-01 -2.497566193342208862e-01 -3.097086846828460693e-01 -3.710570037364959717e-01 -4.329463839530944824e-01 -4.960225820541381836e-01 -5.601983070373535156e-01 -6.245136857032775879e-01 -6.885847449302673340e-01 -7.531619071960449219e-01 -8.179659843444824219e-01 -8.828399181365966797e-01 -9.490227699279785156e-01 -1.016375064849853516e+00 -1.083866953849792480e+00 -1.150800347328186035e+00 -1.216861009597778320e+00 -1.282258510589599609e+00 -1.348964929580688477e+00 -1.417783260345458984e+00 -1.488102674484252930e+00 -1.560271978378295898e+00 -1.633855104446411133e+00 -1.707665085792541504e+00 -1.780968904495239258e+00 -1.854988336563110352e+00 -1.930246829986572266e+00 -2.005714893341064453e+00 -2.080624341964721680e+00 -2.155289649963378906e+00 -2.230199098587036133e+00 -2.304567575454711914e+00 -2.377452611923217773e+00 -2.448784112930297852e+00 -2.519155979156494141e+00 -2.588218450546264648e+00 -2.653877735137939453e+00 -2.714388370513916016e+00 -2.769628047943115234e+00 -2.818951129913330078e+00 -2.862060785293579102e+00 -2.899812221527099609e+00 -2.931594610214233398e+00 -2.955261230468750000e+00 -2.969642877578735352e+00 -2.975489616394042969e+00 -2.973761796951293945e+00 -2.966745615005493164e+00 -2.956640005111694336e+00 -2.942729711532592773e+00 -2.922868013381958008e+00 -2.895850181579589844e+00 -2.862112998962402344e+00 -2.821551561355590820e+00 -2.772542715072631836e+00 -2.713760137557983398e+00 -2.644697427749633789e+00 -2.565459489822387695e+00 -2.477006196975708008e+00 -2.380088090896606445e+00 -2.275926828384399414e+00 -2.164103507995605469e+00 -2.044391393661499023e+00 -1.917715430259704590e+00 -1.784703850746154785e+00 -1.646595954895019531e+00 -1.502641201019287109e+00 -1.352822184562683105e+00 -1.199041247367858887e+00 -1.043637037277221680e+00 -8.894895911216735840e-01 -7.377157807350158691e-01 -5.875650644302368164e-01 -4.402767419815063477e-01 -2.976135313510894775e-01 -1.600117832422256470e-01 -2.823942713439464569e-02 9.765116870403289795e-02 2.180439829826354980e-01 3.317521810531616211e-01 4.386361539363861084e-01 5.395860075950622559e-01 6.340257525444030762e-01 7.220252752304077148e-01 8.042477369308471680e-01 8.809549212455749512e-01 9.519374966621398926e-01 1.017143011093139648e+00 1.078718185424804688e+00 1.138809919357299805e+00 1.196423172950744629e+00 1.251121759414672852e+00 1.304947733879089355e+00 1.359367132186889648e+00 1.414990782737731934e+00 1.472028136253356934e+00 1.530915498733520508e+00 1.593066692352294922e+00 1.658150076866149902e+00 1.725991010665893555e+00 1.796519756317138672e+00 1.869422197341918945e+00 1.944558620452880859e+00 2.020585060119628906e+00 2.096995592117309570e+00 2.171957492828369141e+00 2.245086908340454102e+00 2.317483186721801758e+00 2.388919353485107422e+00 2.457144260406494141e+00 2.520883798599243164e+00 2.581882953643798828e+00 2.640159606933593750e+00 2.696079969406127930e+00 2.750411987304687500e+00 2.803452491760253906e+00 2.855969429016113281e+00 2.906706333160400391e+00 2.955139160156250000e+00 3.002943754196166992e+00 3.049229860305786133e+00 3.092374324798583984e+00 3.132673978805541992e+00 3.170530319213867188e+00 3.206152439117431641e+00 3.238947153091430664e+00 3.269036531448364258e+00 3.296420812606811523e+00 3.320209741592407227e+00 3.339984178543090820e+00 3.355919122695922852e+00 3.368729829788208008e+00 3.377718210220336914e+00 3.382011651992797852e+00 3.382500410079956055e+00 3.379236698150634766e+00 3.371260404586791992e+00 3.358868598937988281e+00 3.342462539672851562e+00 3.322530984878540039e+00 3.298323154449462891e+00 3.269839525222778320e+00 3.237725496292114258e+00 3.200986146926879883e+00 3.159831285476684570e+00 3.115308046340942383e+00 3.067503452301025391e+00 3.016801595687866211e+00 2.963027954101562500e+00 2.906723737716674805e+00 2.848778724670410156e+00 2.787308216094970703e+00 2.722521543502807617e+00 2.655431270599365234e+00 2.585809946060180664e+00 2.514234066009521484e+00 2.441226959228515625e+00 2.368272066116333008e+00 2.296277284622192383e+00 2.225312232971191406e+00 2.154748678207397461e+00 2.083731174468994141e+00 2.012539148330688477e+00 1.941574096679687500e+00 1.871970295906066895e+00 1.803553462028503418e+00 1.735921978950500488e+00 1.670524477958679199e+00 1.607919454574584961e+00 1.548037171363830566e+00 1.491139531135559082e+00 1.437680006027221680e+00 1.386891007423400879e+00 1.337794899940490723e+00 1.289414286613464355e+00 1.240684747695922852e+00 1.190227270126342773e+00 1.138129234313964844e+00 1.085350394248962402e+00 1.031350016593933105e+00 9.765466451644897461e-01 9.204691648483276367e-01 8.622973561286926270e-01 8.019962310791015625e-01 7.389374971389770508e-01 6.728767752647399902e-01 6.058910489082336426e-01 5.391671061515808105e-01 4.731936752796173096e-01 4.097160398960113525e-01 3.488564193248748779e-01 2.909289300441741943e-01 2.379930913448333740e-01 1.912008225917816162e-01 1.516342014074325562e-01 1.206895187497138977e-01 9.831439703702926636e-02 8.384561538696289062e-02 7.763224840164184570e-02 7.983136177062988281e-02 9.019861370325088501e-02 1.070584952831268311e-01 1.290670931339263916e-01 1.544267386198043823e-01 1.814967840909957886e-01 2.060710191726684570e-01 2.309245169162750244e-01 2.653424143791198730e-01 2.982767820358276367e-01 3.255911767482757568e-01 3.597297966480255127e-01 3.966784179210662842e-01 4.249702095985412598e-01 4.481656551361083984e-01 4.721290171146392822e-01 4.973490238189697266e-01 5.189911127090454102e-01 5.375788807868957520e-01 5.577723383903503418e-01 5.808281302452087402e-01 6.025225520133972168e-01 6.208136081695556641e-01 6.405707597732543945e-01 6.615495681762695312e-01 6.836803555488586426e-01 7.059333324432373047e-01 7.282561063766479492e-01 7.496363520622253418e-01 7.716100811958312988e-01 7.900232672691345215e-01 8.019264340400695801e-01 8.105658292770385742e-01 8.140913844108581543e-01 8.129917979240417480e-01 8.071798682212829590e-01 7.962890267372131348e-01 7.811220884323120117e-01 7.657980918884277344e-01 7.510326504707336426e-01 7.339807748794555664e-01 7.166321873664855957e-01 7.000864744186401367e-01 6.835756301879882812e-01 6.661223769187927246e-01 6.476567983627319336e-01 6.262415647506713867e-01 6.014404296875000000e-01 5.727123618125915527e-01 5.389227867126464844e-01 4.951848089694976807e-01 4.530700147151947021e-01 4.176223874092102051e-01 3.804817795753479004e-01 3.404090106487274170e-01 3.054849803447723389e-01 2.792701423168182373e-01 2.534567117691040039e-01 2.287428528070449829e-01 2.060535699129104614e-01 1.851445287466049194e-01 1.655793786048889160e-01 1.487893164157867432e-01 1.340587437152862549e-01 1.192234382033348083e-01 1.030791476368904114e-01 8.641125261783599854e-02 6.920230388641357422e-02 5.052728205919265747e-02 3.345796093344688416e-02 1.893682219088077545e-02 5.759586580097675323e-03 -7.470009382814168930e-03 -2.424262277781963348e-02 -4.653047770261764526e-02 -7.674212753772735596e-02 -1.161865666508674622e-01 -1.641307622194290161e-01 -2.193006128072738647e-01 -2.799682617187500000e-01 -3.447374403476715088e-01 -4.133986830711364746e-01 -4.864930808544158936e-01 -5.638984441757202148e-01 -6.433807015419006348e-01 -7.237182259559631348e-01 -8.059756159782409668e-01 -8.887041807174682617e-01 -9.709790349006652832e-01 -1.054335951805114746e+00 -1.138774991035461426e+00 -1.222393751144409180e+00 -1.303446769714355469e+00 -1.381271004676818848e+00 -1.454609751701354980e+00 -1.523602604866027832e+00 -1.589244484901428223e+00 -1.651639938354492188e+00 -1.711749076843261719e+00 -1.771579027175903320e+00 -1.832543373107910156e+00 -1.895863890647888184e+00 -1.960772633552551270e+00 -2.026030540466308594e+00 -2.092998743057250977e+00 -2.161276102066040039e+00 -2.228855371475219727e+00 -2.294549465179443359e+00 -2.356002569198608398e+00 -2.410072803497314453e+00 -2.456062316894531250e+00 -2.494982957839965820e+00 -2.528493404388427734e+00 -2.557919740676879883e+00 -2.583785533905029297e+00 -2.606003522872924805e+00 -2.623247385025024414e+00 -2.636895895004272461e+00 -2.649078130722045898e+00 -2.659724712371826172e+00 -2.669725418090820312e+00 -2.682012557983398438e+00 -2.698697805404663086e+00 -2.721265077590942383e+00 -2.751913070678710938e+00 -2.789961099624633789e+00 -2.833227872848510742e+00 -2.881137132644653320e+00 -2.931245565414428711e+00 -2.981004953384399414e+00 -3.028093814849853516e+00 -3.070924282073974609e+00 -3.109199285507202148e+00 -3.143076181411743164e+00 -3.173601865768432617e+00 -3.200549840927124023e+00 -3.225089311599731445e+00 -3.246434688568115234e+00 -3.262701034545898438e+00 -3.272806406021118164e+00 -3.276279687881469727e+00 -3.273591995239257812e+00 -3.264289379119873047e+00 -3.248825788497924805e+00 -3.228649616241455078e+00 -3.207164764404296875e+00 -3.186430215835571289e+00 -3.166952371597290039e+00 -3.150808095932006836e+00 -3.138555765151977539e+00 -3.130422592163085938e+00 -3.127734661102294922e+00 -3.131365060806274414e+00 -3.141697406768798828e+00 -3.157579898834228516e+00 -3.176970481872558594e+00 -3.198455572128295898e+00 -3.220760822296142578e+00 -3.242786884307861328e+00 -3.264376640319824219e+00 -3.285477638244628906e+00 -3.305740833282470703e+00 -3.324730157852172852e+00 -3.340979099273681641e+00 -3.353266239166259766e+00 -3.362062692642211914e+00 -3.368171215057373047e+00 -3.370335578918457031e+00 -3.368066549301147461e+00 -3.362080097198486328e+00 -3.351450920104980469e+00 -3.336703062057495117e+00 -3.319336891174316406e+00 -3.297747135162353516e+00 -3.272544622421264648e+00 -3.246504306793212891e+00 -3.220760822296142578e+00 -3.195750236511230469e+00 -3.171053886413574219e+00 -3.148067712783813477e+00 -3.126390933990478516e+00 -3.104940652847290039e+00 -3.084537744522094727e+00 -3.065496206283569336e+00 -3.047955751419067383e+00 -3.032300233840942383e+00 -3.017412424087524414e+00 -3.001233339309692383e+00 -2.983937025070190430e+00 -2.965209722518920898e+00 -2.944003820419311523e+00 -2.921175003051757812e+00 -2.897368669509887695e+00 -2.871886968612670898e+00 -2.844153642654418945e+00 -2.815198659896850586e+00 -2.786051511764526367e+00 -2.755874872207641602e+00 -2.723708391189575195e+00 -2.688522577285766602e+00 -2.649898529052734375e+00 -2.605444908142089844e+00 -2.553573846817016602e+00 -2.495227336883544922e+00 -2.430423259735107422e+00 -2.358917236328125000e+00 -2.279312610626220703e+00 -2.191976547241210938e+00 -2.098356962203979492e+00 -1.999955296516418457e+00 -1.899616360664367676e+00 -1.798491954803466797e+00 -1.697978496551513672e+00 -1.599315047264099121e+00 -1.502641201019287109e+00 -1.408375978469848633e+00 -1.315402269363403320e+00 -1.223266363143920898e+00 -1.131462097167968750e+00 -1.039169073104858398e+00 -9.460557103157043457e-01 -8.513367176055908203e-01 -7.553436160087585449e-01 -6.572386622428894043e-01 -5.563760399818420410e-01 -4.525115191936492920e-01 -3.452086746692657471e-01 -2.349387705326080322e-01 -1.231329813599586487e-01 -1.197295822203159332e-02 9.859365224838256836e-02 2.083224952220916748e-01 3.161140382289886475e-01 4.212177693843841553e-01 5.230228304862976074e-01 6.212848424911499023e-01 7.149392366409301758e-01 8.032528758049011230e-01 8.868541717529296875e-01 9.653939604759216309e-01 1.037144422531127930e+00 1.102315068244934082e+00 1.161045432090759277e+00 1.213056206703186035e+00 1.260406970977783203e+00 1.302731156349182129e+00 1.339540243148803711e+00 1.371549487113952637e+00 1.398794174194335938e+00 1.421553254127502441e+00 1.439355611801147461e+00 1.453213453292846680e+00 1.465814709663391113e+00 1.478503346443176270e+00 1.490930080413818359e+00 1.503252029418945312e+00 1.517109990119934082e+00 1.531892895698547363e+00 1.547705650329589844e+00 1.566450476646423340e+00 1.588598728179931641e+00 1.614028096199035645e+00 1.642686486244201660e+00 1.673299551010131836e+00 1.705012083053588867e+00 1.737789392471313477e+00 1.771352052688598633e+00 1.805839776992797852e+00 1.840711474418640137e+00 1.875740289688110352e+00 1.910507202148437500e+00 1.944226980209350586e+00 1.975957036018371582e+00 2.006221055984497070e+00 2.034635066986083984e+00 2.061356067657470703e+00 2.086750507354736328e+00 2.111307382583618164e+00 2.135497570037841797e+00 2.159548282623291016e+00 2.183214902877807617e+00 2.203914403915405273e+00 2.221804141998291016e+00 2.236656904220581055e+00 2.248385429382324219e+00 2.257583379745483398e+00 2.265105724334716797e+00 2.271022319793701172e+00 2.274687528610229492e+00 2.277113676071166992e+00 2.277480125427246094e+00 2.275106430053710938e+00 2.271929979324340820e+00 2.269050121307373047e+00 2.265681743621826172e+00 2.262086391448974609e+00 2.258421182632446289e+00 2.254092693328857422e+00 2.249485015869140625e+00 2.246029376983642578e+00 2.243044853210449219e+00 2.239309787750244141e+00 2.234318256378173828e+00 2.226917982101440430e+00 2.215695381164550781e+00 2.201348781585693359e+00 2.185396671295166016e+00 2.167541742324829102e+00 2.148919105529785156e+00 2.131867408752441406e+00 2.117974519729614258e+00 2.107903957366943359e+00 2.101603269577026367e+00 2.097449302673339844e+00 2.093557357788085938e+00 2.090084075927734375e+00 2.086453914642333984e+00 2.080868721008300781e+00 2.072595834732055664e+00 2.061670064926147461e+00 2.047428369522094727e+00 2.029311656951904297e+00 2.007739543914794922e+00 1.983182668685913086e+00 1.954873442649841309e+00 1.921572566032409668e+00 1.884030580520629883e+00 1.841915726661682129e+00 1.796048521995544434e+00 1.748034477233886719e+00 1.697542190551757812e+00 1.644169926643371582e+00 1.588040232658386230e+00 1.530147552490234375e+00 1.470928549766540527e+00 1.409248590469360352e+00 1.344374775886535645e+00 1.278209328651428223e+00 1.211171269416809082e+00 1.142230749130249023e+00 1.072504878044128418e+00 1.003407239913940430e+00 9.364563822746276855e-01 8.722631931304931641e-01 8.104785680770874023e-01 7.505962848663330078e-01 6.921452283859252930e-01 6.345667839050292969e-01 5.773549079895019531e-01 5.212425589561462402e-01 4.677831530570983887e-01 4.169940650463104248e-01 3.672696352005004883e-01 3.176848292350769043e-01 2.684490978717803955e-01 2.203303575515747070e-01 1.745329201221466064e-01 1.312836706638336182e-01 9.063494950532913208e-02 5.262167751789093018e-02 1.757546514272689819e-02 -1.308996975421905518e-02 -3.977605327963829041e-02 -6.295402348041534424e-02 -8.342673629522323608e-02 -1.012290939688682556e-01 -1.160643920302391052e-01 -1.290321946144104004e-01 -1.406386345624923706e-01 -1.510407924652099609e-01 -1.606401056051254272e-01 -1.695936471223831177e-01 -1.785995364189147949e-01 -1.870120316743850708e-01 -1.945343911647796631e-01 -2.010619342327117920e-01 -2.068738788366317749e-01 -2.127207219600677490e-01 -2.173109501600265503e-01 -2.207492440938949585e-01 -2.243620753288269043e-01 -2.277305573225021362e-01 -2.303660064935684204e-01 -2.326872944831848145e-01 -2.342755496501922607e-01 -2.346071600914001465e-01 -2.344151735305786133e-01 -2.330887168645858765e-01 -2.306452542543411255e-01 -2.287079393863677979e-01 -2.269800752401351929e-01 -2.256361693143844604e-01 -2.254092693328857422e-01 -2.265786379575729370e-01 -2.305230796337127686e-01 -2.381327152252197266e-01 -2.484825253486633301e-01 -2.605951130390167236e-01 -2.746624648571014404e-01 -2.901784479618072510e-01 -3.050311803817749023e-01 -3.180164396762847900e-01 -3.299195766448974609e-01 -3.414038419723510742e-01 -3.514395058155059814e-01 -3.596251010894775391e-01 -3.658035695552825928e-01 -3.702017962932586670e-01 -3.729419410228729248e-01 -3.740589618682861328e-01 -3.738844394683837891e-01 -3.719296753406524658e-01 -3.689102530479431152e-01 -3.648436367511749268e-01 -3.600265085697174072e-01 -3.545985519886016846e-01 -3.476521372795104980e-01 -3.397806882858276367e-01 -3.315252959728240967e-01 -3.212278485298156738e-01 -3.085044026374816895e-01 -2.941752374172210693e-01 -2.785545587539672852e-01 -2.627243995666503906e-01 -2.461786866188049316e-01 -2.299820333719253540e-01 -2.145533263683319092e-01 -1.987929940223693848e-01 -1.832246631383895874e-01 -1.674294322729110718e-01 -1.512153297662734985e-01 -1.348266899585723877e-01 -1.186823919415473938e-01 -1.045452207326889038e-01 -9.246754646301269531e-02 -8.028514683246612549e-02 -6.808529049158096313e-02 -5.710717290639877319e-02 -4.696680977940559387e-02 -3.684389963746070862e-02 -2.609267272055149078e-02 -1.476548518985509872e-02 -3.525565145537257195e-03 7.661995477974414825e-03 1.853539608418941498e-02 2.926917187869548798e-02 4.152138158679008484e-02 5.410520732402801514e-02 6.520549952983856201e-02 7.604399323463439941e-02 8.709193021059036255e-02 9.758135676383972168e-02 1.075297370553016663e-01 1.172512173652648926e-01 1.269028931856155396e-01 1.368338167667388916e-01 1.465378403663635254e-01 1.542870998382568359e-01 1.596452593803405762e-01 1.634151786565780640e-01 1.649510711431503296e-01 1.639911383390426636e-01 1.620189100503921509e-01 1.583886295557022095e-01 1.531177312135696411e-01 1.474977731704711914e-01 1.414240300655364990e-01 1.345299780368804932e-01 1.269901543855667114e-01 1.179144456982612610e-01 1.066570729017257690e-01 9.543460607528686523e-02 8.424704521894454956e-02 7.243116199970245361e-02 6.162757426500320435e-02 5.185373127460479736e-02 4.157374426722526550e-02 3.106686100363731384e-02 2.174680307507514954e-02 1.321214251220226288e-02 5.009094718843698502e-03 -2.408554311841726303e-03 -9.546951390802860260e-03 -1.560324337333440781e-02 -2.090904489159584045e-02 -2.591813914477825165e-02 -2.984512969851493835e-02 -3.207915276288986206e-02 -3.235840424895286560e-02 -3.183480724692344666e-02 -3.036872856318950653e-02 -2.881538495421409607e-02 -2.661627158522605896e-02 -2.254965342581272125e-02 -1.743583939969539642e-02 -1.123992074280977249e-02 -3.996803890913724899e-03 4.939281847327947617e-03 1.521927118301391602e-02 2.539454028010368347e-02 3.584906086325645447e-02 4.673991724848747253e-02 5.747369304299354553e-02 6.848672032356262207e-02 7.990117371082305908e-02 9.149015694856643677e-02 1.028347983956336975e-01 1.147204935550689697e-01 1.268156170845031738e-01 1.377413868904113770e-01 1.472359746694564819e-01 1.545663625001907349e-01 1.591391265392303467e-01 1.606750041246414185e-01 1.587726026773452759e-01 1.535889804363250732e-01 1.448448747396469116e-01 1.333955079317092896e-01 1.205324381589889526e-01 1.061334684491157532e-01 8.955284208059310913e-02 7.112216949462890625e-02 5.225515738129615784e-02 3.289945796132087708e-02 1.364847458899021149e-02 -5.218534264713525772e-03 -2.426007576286792755e-02 -4.274311289191246033e-02 -6.068509817123413086e-02 -7.840018719434738159e-02 -9.445721656084060669e-02 -1.088736355304718018e-01 -1.223301291465759277e-01 -1.334827840328216553e-01 -1.427504718303680420e-01 -1.503252089023590088e-01 -1.556135565042495728e-01 -1.593311131000518799e-01 -1.614953130483627319e-01 -1.617396622896194458e-01 -1.596278101205825806e-01 -1.562418788671493530e-01 -1.513898521661758423e-01 -1.440420299768447876e-01 -1.350710242986679077e-01 -1.250877529382705688e-01 -1.147204935550689697e-01 -1.045103147625923157e-01 -9.372418373823165894e-02 -8.269369602203369141e-02 -7.189010828733444214e-02 -6.213372200727462769e-02 -5.342452973127365112e-02 -4.483750835061073303e-02 -3.754203021526336670e-02 -3.206169977784156799e-02 -2.823942713439464569e-02 -2.542944625020027161e-02 -2.427753061056137085e-02 -2.349213138222694397e-02 -2.286381274461746216e-02 -2.291617356240749359e-02 -2.263692021369934082e-02 -2.314306609332561493e-02 -2.492330223321914673e-02 -2.755874954164028168e-02 -3.209660574793815613e-02 -3.961897268891334534e-02 -4.867723211646080017e-02 -5.963790044188499451e-02 -7.354817539453506470e-02 -8.838347345590591431e-02 -1.032536774873733521e-01 -1.197121366858482361e-01 -1.374795883893966675e-01 -1.563815027475357056e-01 -1.763829737901687622e-01 -1.955641359090805054e-01 -2.153736352920532227e-01 -2.367015480995178223e-01 -2.576804161071777344e-01 -2.782229483127593994e-01 -2.992017865180969238e-01 -3.203726410865783691e-01 -3.425557613372802734e-01 -3.658035695552825928e-01 -3.891386091709136963e-01 -4.131717979907989502e-01 -4.390375614166259766e-01 -4.669453799724578857e-01 -4.956560432910919189e-01 -5.266007184982299805e-01 -5.593954920768737793e-01 -5.926265716552734375e-01 -6.266779303550720215e-01 -6.616717576980590820e-01 -6.973986625671386719e-01 -7.340156435966491699e-01 -7.726048827171325684e-01 -8.138819336891174316e-01 -8.572009801864624023e-01 -9.016545414924621582e-01 -9.468934535980224609e-01 -9.924640059471130371e-01 -1.038470864295959473e+00 -1.084338188171386719e+00 -1.130467176437377930e+00 -1.176072716712951660e+00 -1.218955397605895996e+00 -1.259132862091064453e+00 -1.296936750411987305e+00 -1.331581473350524902e+00 -1.362421512603759766e+00 -1.390119791030883789e+00 -1.415287494659423828e+00 -1.437208771705627441e+00 -1.455290436744689941e+00 -1.469898819923400879e+00 -1.480911850929260254e+00 -1.488538980484008789e+00 -1.493216395378112793e+00 -1.495136260986328125e+00 -1.494647622108459473e+00 -1.490650773048400879e+00 -1.483041167259216309e+00 -1.474890470504760742e+00 -1.465570449829101562e+00 -1.452620029449462891e+00 -1.434416294097900391e+00 -1.416264891624450684e+00 -1.399736642837524414e+00 -1.380066752433776855e+00 -1.352787256240844727e+00 -1.324338436126708984e+00 -1.297285795211791992e+00 -1.264491081237792969e+00 -1.219583749771118164e+00 -1.173524498939514160e+00 -1.132997989654541016e+00 -1.086519837379455566e+00 -1.036673188209533691e+00 -9.838595390319824219e-01 -9.292307496070861816e-01 -8.747939467430114746e-01 -8.197985887527465820e-01 -7.645938396453857422e-01 -7.105584144592285156e-01 -6.582683920860290527e-01 -6.073047518730163574e-01 -5.508957505226135254e-01 -5.004731416702270508e-01 -4.543790221214294434e-01 -4.106759727001190186e-01 -3.711093664169311523e-01 -3.348065018653869629e-01 -3.074048459529876709e-01 -2.811027169227600098e-01 -2.580818235874176025e-01 -2.389355748891830444e-01 -2.235592156648635864e-01 -2.128778100013732910e-01 -2.079036235809326172e-01 -2.087239176034927368e-01 -2.150420099496841431e-01 -2.274163961410522461e-01 -2.463357746601104736e-01 -2.713812589645385742e-01 -3.017848730087280273e-01 -3.365867435932159424e-01 -3.769387602806091309e-01 -4.220904111862182617e-01 -4.713959693908691406e-01 -5.258851647377014160e-01 -5.840395092964172363e-01 -6.550569534301757812e-01 -7.231073379516601562e-01 -7.823612689971923828e-01 -8.503593206405639648e-01 -9.244485497474670410e-01 -1.004471898078918457e+00 -1.091022729873657227e+00 -1.184956431388854980e+00 -1.285382628440856934e+00 -1.389701008796691895e+00 -1.496235847473144531e+00 -1.603678345680236816e+00 -1.710230708122253418e+00 -1.815142393112182617e+00 -1.918448448181152344e+00 -2.019537925720214844e+00 -2.116857528686523438e+00 -2.209185361862182617e+00 -2.294758796691894531e+00 -2.372827529907226562e+00 -2.442797660827636719e+00 -2.503151178359985352e+00 -2.555179357528686523e+00 -2.600348472595214844e+00 -2.638937711715698242e+00 -2.672325849533081055e+00 -2.699797391891479492e+00 -2.719187974929809570e+00 -2.730236053466796875e+00 -2.734110593795776367e+00 -2.731894016265869141e+00 -2.724354267120361328e+00 -2.712765216827392578e+00 -2.696062564849853516e+00 -2.674106121063232422e+00 -2.648449897766113281e+00 -2.618116140365600586e+00 -2.582092523574829102e+00 -2.540606021881103516e+00 -2.492784023284912109e+00 -2.437649011611938477e+00 -2.375427961349487305e+00 -2.307499885559082031e+00 -2.234387874603271484e+00 -2.155394315719604492e+00 -2.071147203445434570e+00 -1.981629371643066406e+00 -1.884903192520141602e+00 -1.779869318008422852e+00 -1.667051196098327637e+00 -1.547897577285766602e+00 -1.423316001892089844e+00 -1.294336199760437012e+00 -1.162598729133605957e+00 -1.028819203376770020e+00 -8.925963044166564941e-01 -7.535110116004943848e-01 -6.129246950149536133e-01 -4.708025753498077393e-01 -3.255213499069213867e-01 -1.761037260293960571e-01 -2.216568216681480408e-02 1.361182332038879395e-01 2.987130880355834961e-01 4.636990725994110107e-01 6.293308138847351074e-01 7.942818999290466309e-01 9.561262726783752441e-01 1.112595081329345703e+00 1.261820673942565918e+00 1.402110219001770020e+00 1.531491518020629883e+00 1.647608280181884766e+00 1.750093936920166016e+00 1.840118050575256348e+00 1.917785286903381348e+00 1.983811020851135254e+00 2.040673971176147461e+00 2.090328454971313477e+00 2.133263587951660156e+00 2.170945167541503906e+00 2.204909324645996094e+00 2.236412525177001953e+00 2.267217636108398438e+00 2.297132492065429688e+00 2.324446916580200195e+00 2.346926689147949219e+00 2.362721920013427734e+00 2.372286319732666016e+00 2.377452611923217773e+00 2.381135225296020508e+00 2.386109352111816406e+00 2.393177986145019531e+00 2.403318405151367188e+00 2.418171167373657227e+00 2.437806129455566406e+00 2.461560010910034180e+00 2.489240884780883789e+00 2.521651744842529297e+00 2.559141397476196289e+00 2.600924491882324219e+00 2.647280454635620117e+00 2.699605464935302734e+00 2.757201433181762695e+00 2.819788932800292969e+00 2.887559890747070312e+00 2.958071231842041016e+00 3.030659437179565430e+00 3.104696273803710938e+00 3.178401708602905273e+00 3.249750614166259766e+00 3.318568944931030273e+00 3.384455204010009766e+00 3.447566270828247070e+00 3.508932113647460938e+00 3.567051649093627930e+00 3.621645450592041016e+00 3.672905683517456055e+00 3.720273971557617188e+00 3.763558149337768555e+00 3.800105333328247070e+00 3.828240156173706055e+00 3.847909927368164062e+00 3.858748435974121094e+00 3.860947608947753906e+00 3.854594469070434570e+00 3.839689493179321289e+00 3.816267013549804688e+00 3.785898447036743164e+00 3.749857425689697266e+00 3.708353519439697266e+00 3.661805391311645508e+00 3.611906528472900391e+00 3.560995340347290039e+00 3.509019374847412109e+00 3.455036401748657227e+00 3.398958921432495117e+00 3.342689514160156250e+00 3.285686969757080078e+00 3.227445363998413086e+00 3.169343471527099609e+00 3.111276388168334961e+00 3.055460691452026367e+00 3.002420186996459961e+00 2.951491355895996094e+00 2.903931140899658203e+00 2.859948873519897461e+00 2.818043470382690430e+00 2.777324914932250977e+00 2.737705945968627930e+00 2.698540925979614258e+00 2.659235954284667969e+00 2.620821237564086914e+00 2.584047317504882812e+00 2.547290563583374023e+00 2.510551452636718750e+00 2.474772214889526367e+00 2.439376831054687500e+00 2.402550458908081055e+00 2.363891363143920898e+00 2.321951150894165039e+00 2.275839567184448242e+00 2.226150035858154297e+00 2.171818017959594727e+00 2.113733291625976562e+00 2.053153038024902344e+00 1.991874456405639648e+00 1.930962443351745605e+00 1.869858503341674805e+00 1.808056354522705078e+00 1.745015144348144531e+00 1.680542588233947754e+00 1.617047548294067383e+00 1.554582238197326660e+00 1.491610765457153320e+00 1.427766561508178711e+00 1.362648367881774902e+00 1.296064019203186035e+00 1.227594733238220215e+00 1.157746672630310059e+00 1.086083531379699707e+00 1.012709856033325195e+00 9.383413791656494141e-01 8.629431128501892090e-01 7.877368927001953125e-01 7.138920426368713379e-01 6.409023404121398926e-01 5.679475665092468262e-01 4.956386089324951172e-01 4.248480498790740967e-01 3.546858131885528564e-01 2.835287451744079590e-01 2.113070189952850342e-01 1.399405002593994141e-01 7.047639787197113037e-02 1.169370603747665882e-03 -6.963863968849182129e-02 -1.394867151975631714e-01 -2.061233818531036377e-01 -2.701769769191741943e-01 -3.309667706489562988e-01 -3.879168927669525146e-01 -4.426504075527191162e-01 -4.955513179302215576e-01 -5.470734238624572754e-01 -5.973913073539733887e-01 -6.469237208366394043e-01 -6.967529058456420898e-01 -7.463900446891784668e-01 -7.953116297721862793e-01 -8.445822596549987793e-01 -8.949524760246276855e-01 -9.457415342330932617e-01 -9.954659938812255859e-01 -1.043165802955627441e+00 -1.088771343231201172e+00 -1.131322383880615234e+00 -1.170435190200805664e+00 -1.206546068191528320e+00 -1.240824341773986816e+00 -1.272763848304748535e+00 -1.301858544349670410e+00 -1.328858733177185059e+00 -1.353415608406066895e+00 -1.375406742095947266e+00 -1.395722389221191406e+00 -1.415671467781066895e+00 -1.435149312019348145e+00 -1.454138517379760742e+00 -1.472900748252868652e+00 -1.490965008735656738e+00 -1.508104085922241211e+00 -1.524859309196472168e+00 -1.541143178939819336e+00 -1.556310057640075684e+00 -1.571948289871215820e+00 -1.588092565536499023e+00 -1.604446291923522949e+00 -1.621847152709960938e+00 -1.639335393905639648e+00 -1.657818436622619629e+00 -1.676074624061584473e+00 -1.692341089248657227e+00 -1.707490563392639160e+00 -1.721540451049804688e+00 -1.732954859733581543e+00 -1.740756511688232422e+00 -1.745189666748046875e+00 -1.745730638504028320e+00 -1.741838574409484863e+00 -1.735223770141601562e+00 -1.726514577865600586e+00 -1.714140176773071289e+00 -1.698362469673156738e+00 -1.677750110626220703e+00 -1.652303218841552734e+00 -1.624273180961608887e+00 -1.591722846031188965e+00 -1.553849220275878906e+00 -1.512868881225585938e+00 -1.469043612480163574e+00 -1.422478199005126953e+00 -1.373539209365844727e+00 -1.322366118431091309e+00 -1.270285487174987793e+00 -1.217524170875549316e+00 -1.164169549942016602e+00 -1.111198782920837402e+00 -1.059013485908508301e+00 -1.007473826408386230e+00 -9.568244218826293945e-01 -9.077981114387512207e-01 -8.607091307640075684e-01 -8.166046738624572754e-01 -7.752926945686340332e-01 -7.357435226440429688e-01 -6.988123655319213867e-01 -6.651624441146850586e-01 -6.337814331054687500e-01 -6.036570072174072266e-01 -5.752954483032226562e-01 -5.489060282707214355e-01 -5.230228304862976074e-01 -4.973315596580505371e-01 -4.717275798320770264e-01 -4.455127418041229248e-01 -4.184426963329315186e-01 -3.887895345687866211e-01 -3.565184175968170166e-01 -3.222401440143585205e-01 -2.858849167823791504e-01 -2.486570626497268677e-01 -2.101550996303558350e-01 -1.717578470706939697e-01 -1.337096691131591797e-01 -9.330530464649200439e-02 -5.064945295453071594e-02 -4.241149872541427612e-03 4.651302471756935120e-02 9.936159104108810425e-02 1.543394625186920166e-01 2.114466428756713867e-01 2.697231769561767578e-01 3.310016989707946777e-01 3.966609835624694824e-01 4.663170576095581055e-01 5.404412150382995605e-01 6.182654500007629395e-01 6.995105147361755371e-01 7.837226390838623047e-01 8.697499036788940430e-01 9.559168219566345215e-01 1.039273738861083984e+00 1.117394685745239258e+00 1.188970685005187988e+00 1.254402995109558105e+00 1.313220620155334473e+00 1.364323854446411133e+00 1.407834887504577637e+00 1.443858504295349121e+00 1.472726225852966309e+00 1.494577765464782715e+00 1.510111212730407715e+00 1.520530819892883301e+00 1.525714516639709473e+00 1.526255488395690918e+00 1.523620128631591797e+00 1.517825603485107422e+00 1.508208870887756348e+00 1.496707081794738770e+00 1.485728979110717773e+00 1.476513624191284180e+00 1.469916343688964844e+00 1.467560052871704102e+00 1.470701694488525391e+00 1.479864716529846191e+00 1.494961738586425781e+00 1.516254782676696777e+00 1.543865919113159180e+00 1.576887488365173340e+00 1.613050699234008789e+00 1.649231433868408203e+00 1.684155464172363281e+00 1.716374278068542480e+00 1.744945287704467773e+00 1.770793557167053223e+00 1.793290853500366211e+00 1.811302661895751953e+00 1.824933767318725586e+00 1.834271192550659180e+00 1.839664340019226074e+00 1.841845989227294922e+00 1.841479420661926270e+00 1.838809132575988770e+00 1.832351326942443848e+00 1.819924592971801758e+00 1.802576065063476562e+00 1.780357956886291504e+00 1.752048730850219727e+00 1.719079494476318359e+00 1.683858752250671387e+00 1.648079514503479004e+00 1.612352609634399414e+00 1.577934741973876953e+00 1.546553730964660645e+00 1.519588351249694824e+00 1.498504757881164551e+00 1.485187888145446777e+00 1.480719923973083496e+00 1.486461997032165527e+00 1.503007769584655762e+00 1.529327273368835449e+00 1.563710331916809082e+00 1.605161905288696289e+00 1.653908848762512207e+00 1.708485364913940430e+00 1.766674637794494629e+00 1.826033234596252441e+00 1.885217428207397461e+00 1.943406701087951660e+00 1.998977899551391602e+00 2.051896333694458008e+00 2.101219415664672852e+00 2.146214008331298828e+00 2.185693264007568359e+00 2.218487977981567383e+00 2.244458436965942383e+00 2.262609958648681641e+00 2.272209167480468750e+00 2.274216413497924805e+00 2.269992589950561523e+00 2.259747505187988281e+00 2.243900060653686523e+00 2.222292900085449219e+00 2.194559574127197266e+00 2.162131309509277344e+00 2.125880718231201172e+00 2.086820363998413086e+00 2.046625375747680664e+00 2.005941867828369141e+00 1.965397834777832031e+00 1.925551891326904297e+00 1.887224555015563965e+00 1.849525451660156250e+00 1.812088131904602051e+00 1.776343703269958496e+00 1.741576790809631348e+00 1.707228660583496094e+00 1.673997640609741211e+00 1.641848683357238770e+00 1.610450148582458496e+00 1.579680085182189941e+00 1.549485802650451660e+00 1.520146846771240234e+00 1.491471052169799805e+00 1.461486339569091797e+00 1.430035471916198730e+00 1.398602128028869629e+00 1.367831945419311523e+00 1.338562846183776855e+00 1.312452673912048340e+00 1.289187431335449219e+00 1.268051505088806152e+00 1.247770786285400391e+00 1.226565003395080566e+00 1.204364418983459473e+00 1.181430816650390625e+00 1.158846259117126465e+00 1.137029647827148438e+00 1.115841388702392578e+00 1.096485614776611328e+00 1.079137086868286133e+00 1.062277197837829590e+00 1.045644164085388184e+00 1.029395222663879395e+00 1.014891505241394043e+00 1.001731753349304199e+00 9.875422120094299316e-01 9.722880125045776367e-01 9.550266861915588379e-01 9.353917837142944336e-01 9.138194918632507324e-01 8.889310956001281738e-01 8.601855039596557617e-01 8.276525735855102539e-01 7.910530567169189453e-01 7.499505281448364258e-01 7.054446339607238770e-01 6.586174368858337402e-01 6.101845502853393555e-01 5.630257725715637207e-01 5.188863873481750488e-01 4.781852960586547852e-01 4.404861927032470703e-01 4.061904847621917725e-01 3.758217394351959229e-01 3.479837477207183838e-01 3.224495649337768555e-01 2.994461357593536377e-01 2.783974707126617432e-01 2.584657967090606689e-01 2.393020987510681152e-01 2.213950157165527344e-01 2.055997848510742188e-01 1.915847957134246826e-01 1.789311468601226807e-01 1.681101173162460327e-01 1.586504280567169189e-01 1.500634104013442993e-01 1.421570628881454468e-01 1.335700452327728271e-01 1.240754574537277222e-01 1.145285069942474365e-01 1.059065759181976318e-01 9.766862541437149048e-02 8.925613760948181152e-02 8.141960948705673218e-02 7.380997389554977417e-02 6.597344577312469482e-02 5.710717290639877319e-02 4.686209186911582947e-02 3.574434295296669006e-02 2.427753061056137085e-02 1.235693134367465973e-02 -3.665191470645368099e-04 -1.439896598458290100e-02 -2.926917187869548798e-02 -4.447098821401596069e-02 -6.044075265526771545e-02 -7.735299319028854370e-02 -9.370672702789306641e-02 -1.082627698779106140e-01 -1.217541694641113281e-01 -1.329417228698730469e-01 -1.406386345624923706e-01 -1.456651836633682251e-01 -1.483529806137084961e-01 -1.497492492198944092e-01 -1.496968865394592285e-01 -1.471487134695053101e-01 -1.442165523767471313e-01 -1.408131569623947144e-01 -1.353328227996826172e-01 -1.293114423751831055e-01 -1.230631619691848755e-01 -1.167450696229934692e-01 -1.106887832283973694e-01 -1.047546640038490295e-01 -9.824458509683609009e-02 -9.021607041358947754e-02 -8.190830051898956299e-02 -7.379251718521118164e-02 -6.668902933597564697e-02 -6.222098693251609802e-02 -5.977752804756164551e-02 -5.941100791096687317e-02 -6.147049739956855774e-02 -6.515314429998397827e-02 -7.169812172651290894e-02 -8.100073039531707764e-02 -9.171704947948455811e-02 -1.039867177605628967e-01 -1.168672442436218262e-01 -1.303062885999679565e-01 -1.443038284778594971e-01 -1.578999310731887817e-01 -1.710073649883270264e-01 -1.835911870002746582e-01 -1.959830224514007568e-01 -2.076592743396759033e-01 -2.177647352218627930e-01 -2.272593230009078979e-01 -2.355321794748306274e-01 -2.423738688230514526e-01 -2.489537596702575684e-01 -2.557256519794464111e-01 -2.613281607627868652e-01 -2.651853263378143311e-01 -2.683269083499908447e-01 -2.699326276779174805e-01 -2.699500620365142822e-01 -2.696359157562255859e-01 -2.691995799541473389e-01 -2.680825591087341309e-01 -2.669830024242401123e-01 -2.659009099006652832e-01 -2.638937830924987793e-01 -2.611710727214813232e-01 -2.585007250308990479e-01 -2.545562684535980225e-01 -2.491806596517562866e-01 -2.435083389282226562e-01 -2.371029853820800781e-01 -2.294409871101379395e-01 -2.212728410959243774e-01 -2.132094204425811768e-01 -2.042558789253234863e-01 -1.949183642864227295e-01 -1.854412257671356201e-01 -1.758942753076553345e-01 -1.669756472110748291e-01 -1.579697430133819580e-01 -1.489289402961730957e-01 -1.408480703830718994e-01 -1.328195482492446899e-01 -1.257509738206863403e-01 -1.213003844022750854e-01 -1.185427606105804443e-01 -1.167974323034286499e-01 -1.154535263776779175e-01 -1.152091845870018005e-01 -1.160643920302391052e-01 -1.167276203632354736e-01 -1.173210293054580688e-01 -1.181936934590339661e-01 -1.188569217920303345e-01 -1.197644919157028198e-01 -1.198168545961380005e-01 -1.182460561394691467e-01 -1.169894188642501831e-01 -1.161516606807708740e-01 -1.145634129643440247e-01 -1.129577085375785828e-01 -1.119977757334709167e-01 -1.109680309891700745e-01 -1.099208369851112366e-01 -1.091703474521636963e-01 -1.091877967119216919e-01 -1.088736355304718018e-01 -1.087514683604240417e-01 -1.096415817737579346e-01 -1.096939444541931152e-01 -1.090830788016319275e-01 -1.085245758295059204e-01 -1.067094281315803528e-01 -1.028173491358757019e-01 -9.871581941843032837e-02 -9.450957924127578735e-02 -8.838347345590591431e-02 -8.052948862314224243e-02 -7.164576649665832520e-02 -6.330309063196182251e-02 -5.579817667603492737e-02 -4.832816496491432190e-02 -4.085815697908401489e-02 -3.434807807207107544e-02 -2.949606440961360931e-02 -2.562143281102180481e-02 -2.277654595673084259e-02 -2.162462845444679260e-02 -2.209586836397647858e-02 -2.324778586626052856e-02 -2.466150186955928802e-02 -2.680825814604759216e-02 -2.895501255989074707e-02 -3.014183603227138519e-02 -3.061307407915592194e-02 -2.986258268356323242e-02 -2.766346931457519531e-02 -2.424262277781963348e-02 -2.033308520913124084e-02 -1.684242673218250275e-02 -1.352630183100700378e-02 -1.027998887002468109e-02 -6.440265104174613953e-03 -2.670353744179010391e-03 4.363323096185922623e-04 3.281218931078910828e-03 5.707226693630218506e-03 7.312929723411798477e-03 7.976154796779155731e-03 9.197885170578956604e-03 1.062905509024858475e-02 1.059414818882942200e-02 9.616764262318611145e-03 8.604473434388637543e-03 6.911503616720438004e-03 4.031710326671600342e-03 9.599310578778386116e-04 -1.850049011409282684e-03 -4.590216092765331268e-03 -7.278022821992635727e-03 -9.948376566171646118e-03 -1.167625281959772110e-02 -1.268854364752769470e-02 -1.308996975421905518e-02 -1.326450239866971970e-02 -1.239183731377124786e-02 -9.197885170578956604e-03 -5.044001620262861252e-03 4.014257283415645361e-04 7.696901913732290268e-03 1.539380382746458054e-02 2.293362654745578766e-02 3.106686100363731384e-02 3.878121450543403625e-02 4.572762548923492432e-02 5.263913050293922424e-02 5.956808850169181824e-02 6.649704277515411377e-02 7.246606796979904175e-02 7.836528122425079346e-02 8.518952131271362305e-02 9.238027781248092651e-02 9.909979254007339478e-02 1.053131669759750366e-01 1.106713265180587769e-01 1.144412383437156677e-01 1.169196069240570068e-01 1.172861233353614807e-01 1.152440905570983887e-01 1.112472862005233765e-01 1.058367639780044556e-01 9.951867163181304932e-02 9.285151958465576172e-02 8.635888993740081787e-02 8.054694533348083496e-02 7.628834247589111328e-02 7.361798733472824097e-02 7.189010828733444214e-02 7.087782025337219238e-02 7.108726352453231812e-02 7.180284708738327026e-02 7.209955155849456787e-02 7.222172617912292480e-02 7.195992767810821533e-02 7.185520231723785400e-02 7.243116199970245361e-02 7.330382615327835083e-02 7.365289330482482910e-02 7.380997389554977417e-02 7.449065148830413818e-02 7.508406043052673340e-02 7.627088576555252075e-02 7.866198569536209106e-02 8.056439459323883057e-02 8.197811245918273926e-02 8.414231985807418823e-02 8.595746755599975586e-02 8.670795708894729614e-02 8.731882274150848389e-02 8.724901080131530762e-02 8.564330637454986572e-02 8.309512585401535034e-02 8.018042892217636108e-02 7.709119468927383423e-02 7.361798733472824097e-02 6.937684118747711182e-02 6.511823087930679321e-02 6.148795038461685181e-02 5.811946466565132141e-02 5.485569685697555542e-02 5.194099992513656616e-02 4.918337985873222351e-02 4.584980010986328125e-02 4.132939502596855164e-02 3.602359443902969360e-02 3.007202222943305969e-02 2.354449220001697540e-02 1.741838641464710236e-02 1.209513191133737564e-02 7.714355364441871643e-03 4.345869645476341248e-03 2.338741207495331764e-03 1.850049011409282684e-03 1.954768784344196320e-03 1.378810149617493153e-03 8.203047327697277069e-04 2.792526793200522661e-04 -1.186823938041925430e-03 -3.054326167330145836e-03 -6.021386012434959412e-03 -1.038470864295959473e-02 -1.532399095594882965e-02 -2.080432511866092682e-02 -2.649409882724285126e-02 -3.260274976491928101e-02 -3.951425477862358093e-02 -4.705407470464706421e-02 -5.455899238586425781e-02 -6.201154738664627075e-02 -6.885323673486709595e-02 -7.447320222854614258e-02 -7.991862297058105469e-02 -8.559094369411468506e-02 -9.107127785682678223e-02 -9.644689410924911499e-02 -1.027475297451019287e-01 -1.091005280613899231e-01 -1.139001846313476562e-01 -1.171115934848785400e-01 -1.199913844466209412e-01 -1.227490082383155823e-01 -1.248084977269172668e-01 -1.256637126207351685e-01 -1.259953230619430542e-01 -1.258207857608795166e-01 -1.244943365454673767e-01 -1.223650351166725159e-01 -1.202357336878776550e-01 -1.181064322590827942e-01 -1.156629696488380432e-01 -1.137256547808647156e-01 -1.119977757334709167e-01 -1.106538772583007812e-01 -1.101128235459327698e-01 -1.105142459273338318e-01 -1.110029369592666626e-01 -1.111949235200881958e-01 -1.119105145335197449e-01 -1.128180846571922302e-01 -1.144586950540542603e-01 -1.170243248343467712e-01 -1.199564784765243530e-01 -1.230457127094268799e-01 -1.268330812454223633e-01 -1.312138587236404419e-01 -1.364672929048538208e-01 -1.436580568552017212e-01 -1.525766849517822266e-01 -1.622108966112136841e-01 -1.724385321140289307e-01 -1.838704347610473633e-01 -1.954594254493713379e-01 -2.064899057149887085e-01 -2.172934859991073608e-01 -2.283239662647247314e-01 -2.394417226314544678e-01 -2.496518939733505249e-01 -2.597922682762145996e-01 -2.711892724037170410e-01 -2.837207317352294922e-01 -2.960776388645172119e-01 -3.074222803115844727e-01 -3.189763724803924561e-01 -3.306351602077484131e-01 -3.401122987270355225e-01 -3.468143641948699951e-01 -3.514220416545867920e-01 -3.542669415473937988e-01 -3.547730743885040283e-01 -3.530975580215454102e-01 -3.502003252506256104e-01 -3.458718955516815186e-01 -3.403217494487762451e-01 -3.339512944221496582e-01 -3.272492289543151855e-01 -3.210533261299133301e-01 -3.144385218620300293e-01 -3.073175847530364990e-01 -3.022212088108062744e-01 -2.985560297966003418e-01 -2.951700687408447266e-01 -2.928487956523895264e-01 -2.912780046463012695e-01 -2.903180718421936035e-01 -2.899340987205505371e-01 -2.907194793224334717e-01 -2.926219105720520020e-01 -2.955889701843261719e-01 -3.009122014045715332e-01 -3.087661862373352051e-01 -3.182607889175415039e-01 -3.297101557254791260e-01 -3.432015478610992432e-01 -3.581764698028564453e-01 -3.746698200702667236e-01 -3.914948105812072754e-01 -4.071853160858154297e-01 -4.214621186256408691e-01 -4.342204630374908447e-01 -4.450938701629638672e-01 -4.539252221584320068e-01 -4.610112607479095459e-01 -4.657760262489318848e-01 -4.677133262157440186e-01 -4.682020246982574463e-01 -4.674340784549713135e-01 -4.652349650859832764e-01 -4.618141055107116699e-01 -4.572762548923492432e-01 -4.525813162326812744e-01 -4.471882581710815430e-01 -4.399625957012176514e-01 -4.316373765468597412e-01 -4.225791096687316895e-01 -4.125783741474151611e-01 -4.031361639499664307e-01 -3.939208090305328369e-01 -3.835535645484924316e-01 -3.730117678642272949e-01 -3.630459308624267578e-01 -3.536211550235748291e-01 -3.444232642650604248e-01 -3.353126645088195801e-01 -3.268652558326721191e-01 -3.202679157257080078e-01 -3.156951665878295898e-01 -3.119252324104309082e-01 -3.085044026374816895e-01 -3.058514893054962158e-01 -3.050835430622100830e-01 -3.057293295860290527e-01 -3.059911131858825684e-01 -3.060958385467529297e-01 -3.067590594291687012e-01 -3.076666295528411865e-01 -3.080331683158874512e-01 -3.088185489177703857e-01 -3.104068040847778320e-01 -3.123092055320739746e-01 -3.149795830249786377e-01 -3.185923993587493896e-01 -3.235316872596740723e-01 -3.293261826038360596e-01 -3.351555764675140381e-01 -3.400599360466003418e-01 -3.442662060260772705e-01 -3.478615581989288330e-01 -3.515442311763763428e-01 -3.552443087100982666e-01 -3.577052354812622070e-01 -3.590142130851745605e-01 -3.589269518852233887e-01 -3.576179742813110352e-01 -3.555235564708709717e-01 -3.524518013000488281e-01 -3.486818671226501465e-01 -3.449294269084930420e-01 -3.411944210529327393e-01 -3.371452391147613525e-01 -3.323456048965454102e-01 -3.269176185131072998e-01 -3.212453126907348633e-01 -3.154508173465728760e-01 -3.102671802043914795e-01 -3.056246042251586914e-01 -3.015230894088745117e-01 -2.979626059532165527e-01 -2.949257493019104004e-01 -2.930756807327270508e-01 -2.932502329349517822e-01 -2.952224314212799072e-01 -2.976135313510894775e-01 -3.004758954048156738e-01 -3.038443624973297119e-01 -3.074222803115844727e-01 -3.117332458496093750e-01 -3.160093128681182861e-01 -3.202679157257080078e-01 -3.251548409461975098e-01 -3.293610811233520508e-01 -3.326422870159149170e-01 -3.358886241912841797e-01 -3.387683928012847900e-01 -3.408977091312408447e-01 -3.420845270156860352e-01 -3.419274389743804932e-01 -3.412293195724487305e-01 -3.400076031684875488e-01 -3.373023271560668945e-01 -3.343003690242767334e-01 -3.315078318119049072e-01 -3.278426527976989746e-01 -3.232000768184661865e-01 -3.190985321998596191e-01 -3.161664009094238281e-01 -3.140196502208709717e-01 -3.125186562538146973e-01 -3.119077980518341064e-01 -3.116634488105773926e-01 -3.105987906455993652e-01 -3.101799190044403076e-01 -3.106336891651153564e-01 -3.108256757259368896e-01 -3.102671802043914795e-01 -3.090977966785430908e-01 -3.086091279983520508e-01 -3.090628981590270996e-01 -3.089232742786407471e-01 -3.085393011569976807e-01 -3.080855309963226318e-01 -3.069336116313934326e-01 -3.058514893054962158e-01 -3.044552206993103027e-01 -3.026226460933685303e-01 -3.009296655654907227e-01 -2.989749014377593994e-01 -2.962870895862579346e-01 -2.929884195327758789e-01 -2.894454002380371094e-01 -2.854660451412200928e-01 -2.803696990013122559e-01 -2.745228409767150879e-01 -2.686585187911987305e-01 -2.631258368492126465e-01 -2.580294609069824219e-01 -2.537359595298767090e-01 -2.501056790351867676e-01 -2.467197477817535400e-01 -2.434559762477874756e-01 -2.411870509386062622e-01 -2.396162450313568115e-01 -2.377312928438186646e-01 -2.366317361593246460e-01 -2.361954003572463989e-01 -2.360208779573440552e-01 -2.365793734788894653e-01 -2.371204346418380737e-01 -2.376614809036254883e-01 -2.381850779056549072e-01 -2.390403002500534058e-01 -2.397035211324691772e-01 -2.393369972705841064e-01 -2.385516017675399780e-01 -2.385516017675399780e-01 -2.398256957530975342e-01 -2.412743121385574341e-01 -2.421818822622299194e-01 -2.428800165653228760e-01 -2.428451180458068848e-01 -2.418851852416992188e-01 -2.408554404973983765e-01 -2.394940853118896484e-01 -2.376789301633834839e-01 -2.356718033552169800e-01 -2.335948646068572998e-01 -2.311688512563705444e-01 -2.282890677452087402e-01 -2.258456051349639893e-01 -2.239082902669906616e-01 -2.218662500381469727e-01 -2.197718620300292969e-01 -2.182883322238922119e-01 -2.179916203022003174e-01 -2.185152173042297363e-01 -2.196671366691589355e-01 -2.220233380794525146e-01 -2.242573499679565430e-01 -2.257932424545288086e-01 -2.270498871803283691e-01 -2.281843423843383789e-01 -2.292838990688323975e-01 -2.297376841306686401e-01 -2.299122214317321777e-01 -2.302961945533752441e-01 -2.298249602317810059e-01 -2.271196991205215454e-01 -2.234894037246704102e-01 -2.194751501083374023e-01 -2.143787890672683716e-01 -2.078861594200134277e-01 -2.005034238100051880e-01 -1.927716135978698730e-01 -1.839402467012405396e-01 -1.746550947427749634e-01 -1.651954203844070435e-01 -1.562942266464233398e-01 -1.441467404365539551e-01 -1.215272769331932068e-01 -9.086184203624725342e-02 -5.976007506251335144e-02 -3.478441014885902405e-02 -2.082177810370922089e-02 -1.956514082849025726e-02 -3.073524869978427887e-02 -5.169665068387985229e-02 -7.632324844598770142e-02 -9.866346418857574463e-02 -1.184904053807258606e-01 -1.404466480016708374e-01 -1.680053919553756714e-01 -2.013062685728073120e-01 -2.379232794046401978e-01 -2.723935246467590332e-01 -2.984164059162139893e-01 -3.140545487403869629e-01 -3.219957947731018066e-01 -3.249104917049407959e-01 -3.251548409461975098e-01 -3.246312439441680908e-01 -3.244043588638305664e-01 -3.252595663070678711e-01 -3.281393647193908691e-01 -3.334102332592010498e-01 -3.393443524837493896e-01 -3.455577492713928223e-01 -3.528183102607727051e-01 -3.595552742481231689e-01 -3.654544949531555176e-01 -3.703763186931610107e-01 -3.730292320251464844e-01 -3.750363588333129883e-01 -3.761708140373229980e-01 -3.744254708290100098e-01 -3.689800500869750977e-01 -3.554013967514038086e-01 -3.331484496593475342e-01 -3.083124160766601562e-01 -2.843141257762908936e-01 -2.612757980823516846e-01 -2.389704734086990356e-01 -2.169444262981414795e-01 -1.950405389070510864e-01 -1.738173365592956543e-01 -1.541300266981124878e-01 -1.366418302059173584e-01 -1.210036799311637878e-01 -1.080009713768959045e-01 -9.861110150814056396e-02 -9.321803599596023560e-02 -9.196139872074127197e-02 -9.396852552890777588e-02 -9.826203435659408569e-02 -1.044405028223991394e-01 -1.119977757334709167e-01 -1.210734918713569641e-01 -1.320167034864425659e-01 -1.446878015995025635e-01 -1.593136489391326904e-01 -1.753706783056259155e-01 -1.923178285360336304e-01 -2.096315026283264160e-01 -2.248856723308563232e-01 -2.367888242006301880e-01 -2.444682717323303223e-01 -2.475924044847488403e-01 -2.475924044847488403e-01 -2.450791299343109131e-01 -2.396337091922760010e-01 -2.323731333017349243e-01 -2.253045588731765747e-01 -2.170666009187698364e-01 -2.070833146572113037e-01 -1.973443776369094849e-01 -1.870643943548202515e-01 -1.753008663654327393e-01 -1.629264801740646362e-01 -1.496968865394592285e-01 -1.357866227626800537e-01 -1.209687665104866028e-01 -1.051560863852500916e-01 -8.923868089914321899e-02 -7.361798733472824097e-02 -5.810201168060302734e-02 -4.295255243778228760e-02 -2.951351739466190338e-02 -1.773254573345184326e-02 -7.260569836944341660e-03 2.024581888690590858e-03 1.087340153753757477e-02 1.825614459812641144e-02 2.347467839717864990e-02 2.686061710119247437e-02 2.823942713439464569e-02 2.722713537514209747e-02 2.459168992936611176e-02 2.289872057735919952e-02 2.220058813691139221e-02 2.192133478820323944e-02 2.181661501526832581e-02 2.270673401653766632e-02 2.497566118836402893e-02 2.684316411614418030e-02 2.790781483054161072e-02 2.836159989237785339e-02 2.822197414934635162e-02 2.720968239009380341e-02 2.555162087082862854e-02 2.422516979277133942e-02 2.275909297168254852e-02 2.120575122535228729e-02 2.026327326893806458e-02 1.954768784344196320e-02 1.989675313234329224e-02 2.131047099828720093e-02 2.345722541213035583e-02 2.558652684092521667e-02 2.771582826972007751e-02 3.017674200236797333e-02 3.148574009537696838e-02 3.232349827885627747e-02 3.330088034272193909e-02 3.338814899325370789e-02 3.248057886958122253e-02 3.146828711032867432e-02 3.075270168483257294e-02 2.982767671346664429e-02 2.787290886044502258e-02 2.518510073423385620e-02 2.249729447066783905e-02 2.015855349600315094e-02 1.761037297546863556e-02 1.532399095594882965e-02 1.343903504312038422e-02 1.172861270606517792e-02 1.040216255933046341e-02 8.290314115583896637e-03 6.475171539932489395e-03 5.113814491778612137e-03 3.926991019397974014e-03 2.495820866897702217e-03 3.316125657875090837e-04 -3.054326167330145836e-03 -7.609635591506958008e-03 -1.134464051574468613e-02 -1.539380382746458054e-02 -2.050761878490447998e-02 -2.511528693139553070e-02 -2.857103943824768066e-02 -3.092723339796066284e-02 -3.220132365822792053e-02 -3.241076320409774780e-02 -3.153809905052185059e-02 -2.930407784879207611e-02 -2.490584924817085266e-02 -1.870992965996265411e-02 -1.270599663257598877e-02 -7.417649496346712112e-03 -2.443460980430245399e-03 1.466076588258147240e-03 4.642575979232788086e-03 7.522369269281625748e-03 9.005898609757423401e-03 9.930923581123352051e-03 1.092576142400503159e-02 1.103048119693994522e-02 1.075122784823179245e-02 1.062905509024858475e-02 1.027998887002468109e-02 8.237954229116439819e-03 5.183627828955650330e-03 1.745329238474369049e-03 -2.792526734992861748e-03 -9.704031050205230713e-03 -1.692969352006912231e-02 -2.303834632039070129e-02 -3.056071512401103973e-02 -3.804817795753479004e-02 -4.520402848720550537e-02 -5.253440886735916138e-02 -5.930628627538681030e-02 -6.585127115249633789e-02 -7.229153811931610107e-02 -7.745771110057830811e-02 -8.206538110971450806e-02 -8.710937947034835815e-02 -9.168214350938796997e-02 -9.543460607528686523e-02 -9.822712838649749756e-02 -1.000073626637458801e-01 -1.004087924957275391e-01 -9.962339699268341064e-02 -9.740682691335678101e-02 -9.430013597011566162e-02 -9.114108979701995850e-02 -8.733627200126647949e-02 -8.040732145309448242e-02 -7.286749780178070068e-02 -6.632251292467117310e-02 -5.892231687903404236e-02 -5.117305368185043335e-02 -4.391248524188995361e-02 -3.843215107917785645e-02 -3.337069600820541382e-02 -2.815216034650802612e-02 -2.349213138222694397e-02 -1.907644793391227722e-02 -1.349139492958784103e-02 -7.749261800199747086e-03 -3.193952608853578568e-03 2.111848443746566772e-03 7.435102481395006180e-03 1.150172017514705658e-02 1.473057921975851059e-02 1.825614459812641144e-02 2.221804112195968628e-02 2.539454028010368347e-02 2.796017378568649292e-02 2.963569015264511108e-02 3.000221028923988342e-02 2.982767671346664429e-02 2.755874954164028168e-02 2.188642881810665131e-02 1.516691129654645920e-02 8.325220085680484772e-03 1.762782572768628597e-03 -5.323254037648439407e-03 -1.452113967388868332e-02 -2.426007576286792755e-02 -3.296926990151405334e-02 -4.061381146311759949e-02 -4.687954485416412354e-02 -5.162683874368667603e-02 -5.546656250953674316e-02 -5.829399824142456055e-02 -5.944591388106346130e-02 -5.927138030529022217e-02 -5.888740718364715576e-02 -5.778785049915313721e-02 -5.670574679970741272e-02 -5.658357590436935425e-02 -5.558873713016510010e-02 -5.297074094414710999e-02 -5.033529549837112427e-02 -4.799655452370643616e-02 -4.609414562582969666e-02 -4.532619938254356384e-02 -4.469788074493408203e-02 -4.349360615015029907e-02 -4.141666367650032043e-02 -3.930481523275375366e-02 -3.750712424516677856e-02 -3.520328924059867859e-02 -3.235840424895286560e-02 -2.963569015264511108e-02 -2.694788388907909393e-02 -2.457423508167266846e-02 -2.298598550260066986e-02 -2.171189524233341217e-02 -2.055997774004936218e-02 -2.008873969316482544e-02 -1.958259381353855133e-02 -1.874483563005924225e-02 -1.841322332620620728e-02 -1.764527894556522369e-02 -1.668534800410270691e-02 -1.567305624485015869e-02 -1.494001876562833786e-02 -1.560324337333440781e-02 -1.743583939969539642e-02 -1.977458037436008453e-02 -2.260201424360275269e-02 -2.659881860017776489e-02 -3.139847144484519958e-02 -3.555235639214515686e-02 -3.534291684627532959e-02 -3.021164983510971069e-02 -2.780309505760669708e-02 -3.188716620206832886e-02 -3.953170776367187500e-02 -4.895648360252380371e-02 -5.848598480224609375e-02 -6.709045916795730591e-02 -7.595673203468322754e-02 -8.588765561580657959e-02 -9.717993438243865967e-02 -1.090481728315353394e-01 -1.195550560951232910e-01 -1.276184767484664917e-01 -1.324879378080368042e-01 -1.347743272781372070e-01 -1.353851854801177979e-01 -1.347045153379440308e-01 -1.337794810533523560e-01 -1.330988109111785889e-01 -1.318596303462982178e-01 -1.307426095008850098e-01 -1.296430528163909912e-01 -1.276184767484664917e-01 -1.249132156372070312e-01 -1.215970888733863831e-01 -1.174082979559898376e-01 -1.122246682643890381e-01 -1.072679385542869568e-01 -1.036900132894515991e-01 -1.012639999389648438e-01 -9.934414178133010864e-02 -9.730210900306701660e-02 -9.489355236291885376e-02 -9.169960021972656250e-02 -8.819148689508438110e-02 -8.454374969005584717e-02 -7.991862297058105469e-02 -7.422885298728942871e-02 -6.813765317201614380e-02 -6.218608096241950989e-02 -5.691518634557723999e-02 -5.162683874368667603e-02 -4.504694789648056030e-02 -3.668681904673576355e-02 -2.855358645319938660e-02 -2.239257469773292542e-02 -1.862266287207603455e-02 -1.836086437106132507e-02 -2.045525796711444855e-02 -2.321287989616394043e-02 -2.558652684092521667e-02 -2.687807008624076843e-02 -2.708750963211059570e-02 -2.652900479733943939e-02 -2.598795294761657715e-02 -2.450442314147949219e-02 -2.234021387994289398e-02 -2.049016579985618591e-02 -1.911135576665401459e-02 -1.918116770684719086e-02 -2.047271281480789185e-02 -2.227040193974971771e-02 -2.394591644406318665e-02 -2.556907385587692261e-02 -2.782054804265499115e-02 -3.092723339796066284e-02 -3.410373255610466003e-02 -3.665191307663917542e-02 -3.832742944359779358e-02 -3.932226821780204773e-02 -3.972369432449340820e-02
